0 0.825 0.43150000000000005 0.022 0.015666666666666666
0 0.6829999999999999 0.44866666666666666 0.0145 0.028666666666666667
0 0.817125 0.38483333333333336 0.02525 0.013666666666666667
0 0.17700000000000002 0.7103333333333334 0.0225 0.044
0 0.39875 0.5143333333333333 0.022 0.022
0 0.219875 0.754 0.02275 0.034666666666666665
0 0.398625 0.5265 0.01775 0.019
0 0.2975 0.7206666666666667 0.029 0.023333333333333334
0 0.183375 0.6765 0.02875 0.014333333333333333
0 0.044875 0.656 0.01525 0.030666666666666665
0 0.21000000000000002 0.6809999999999999 0.0245 0.030666666666666665
0 0.44175000000000003 0.505 0.019 0.021333333333333333
0 0.07062500000000001 0.6508333333333333 0.02625 0.035
0 0.12075 0.608 0.0245 0.028666666666666667
0 0.46125 0.48966666666666664 0.014 0.019333333333333334
0 0.29924999999999996 0.6721666666666666 0.0185 0.029
0 0.5225 0.5053333333333333 0.0185 0.012666666666666666
0 0.259875 0.6066666666666667 0.01975 0.02666666666666667
0 0.79275 0.38833333333333336 0.018 0.012
0 0.8495 0.41583333333333333 0.026 0.017
0 0.21300000000000002 0.5806666666666667 0.024 0.032
0 0.69575 0.394 0.022 0.012666666666666666
0 0.494 0.5313333333333333 0.017 0.026
0 0.28675 0.6725 0.0245 0.030333333333333334
0 0.2775 0.6015 0.028 0.02033333333333333
0 0.1385 0.6896666666666668 0.021 0.03333333333333333
0 0.396625 0.6255 0.01775 0.031
0 0.304 0.5583333333333333 0.0225 0.014666666666666666
0 0.261125 0.5920000000000001 0.02225 0.015333333333333332
0 0.0125 0.6613333333333333 0.025 0.032
0 0.339625 0.621 0.02675 0.017333333333333333
0 0.32675 0.541 0.016 0.019333333333333334
0 0.2445 0.7481666666666666 0.0295 0.024333333333333332
0 0.9605 0.2851666666666667 0.0135 0.014333333333333333
0 0.27799999999999997 0.5813333333333334 0.0115 0.023333333333333334
0 0.20925000000000002 0.6983333333333334 0.0205 0.029333333333333333
0 0.6305 0.4668333333333333 0.0225 0.017
0 0.52725 0.4741666666666667 0.0105 0.02033333333333333
0 0.164125 0.78 0.02975 0.03333333333333333
0 0.744375 0.3916666666666667 0.01075 0.014666666666666666
0 0.481125 0.5356666666666667 0.01075 0.032
0 0.58625 0.49883333333333335 0.0175 0.023
0 0.7969999999999999 0.4046666666666667 0.0225 0.019333333333333334
0 0.3165 0.5715 0.0135 0.028333333333333332
0 0.420125 0.5301666666666667 0.00975 0.026333333333333334
0 0.25875 0.6933333333333334 0.0165 0.024
0 0.7096250000000001 0.41983333333333334 0.01675 0.01633333333333333
0 0.75675 0.37 0.0225 0.011333333333333334
0 0.126 0.6935 0.017 0.033
0 0.201375 0.6246666666666666 0.01175 0.03666666666666667
0 0.372375 0.6415 0.02475 0.028333333333333332
0 0.355 0.5403333333333333 0.02 0.023333333333333334
0 0.68725 0.43283333333333335 0.0235 0.019
0 0.45299999999999996 0.5956666666666667 0.0235 0.016666666666666666
0 0.7 0.43566666666666665 0.02 0.027333333333333334
0 0.39799999999999996 0.5675 0.0105 0.024333333333333332
0 0.512125 0.49766666666666665 0.01475 0.017333333333333333
0 0.252125 0.6471666666666667 0.01375 0.023
0 0.084125 0.5700000000000001 0.01225 0.022
0 0.19325 0.7011666666666666 0.013 0.033
0 0.40237500000000004 0.5508333333333333 0.02375 0.01633333333333333
0 0.5645 0.5021666666666667 0.0095 0.027666666666666666
0 0.23875000000000002 0.5803333333333333 0.013 0.03266666666666666
0 0.807875 0.3421666666666667 0.01525 0.017
0 0.22475 0.6238333333333334 0.0155 0.021666666666666667
0 0.5197499999999999 0.5236666666666667 0.023 0.024
0 0.221125 0.6575000000000001 0.01425 0.025666666666666667
0 0.06025 0.643 0.0145 0.02
0 0.5045000000000001 0.5271666666666667 0.0165 0.022333333333333334
0 0.6485000000000001 0.4341666666666667 0.0215 0.021666666666666667
0 0.475125 0.5786666666666667 0.02275 0.02266666666666667
0 0.913 0.3755 0.024 0.013
0 0.189375 0.629 0.01375 0.02
0 0.24537499999999998 0.6158333333333333 0.01475 0.030333333333333334
0 0.43962500000000004 0.5456666666666667 0.01575 0.027333333333333334
0 0.274875 0.742 0.02425 0.03
0 0.4035125 0.544 0.022524999999999976 0.018
0 0.15212499999999998 0.6413333333333334 0.00975 0.027333333333333334
0 0.9536250000000001 0.29816666666666664 0.01875 0.012333333333333333
0 0.023125 0.5569999999999999 0.01675 0.014666666666666666
0 0.360375 0.5698333333333333 0.02225 0.022333333333333334
0 0.374125 0.5715 0.01225 0.027
0 0.16575 0.6061666666666667 0.0115 0.023666666666666666
0 0.030125 0.6589999999999999 0.02775 0.024666666666666667
0 0.46775 0.5065 0.0215 0.013
0 0.698375 0.419 0.02175 0.017333333333333333
0 0.164125 0.6315000000000001 0.01525 0.033666666666666664
0 0.191875 0.5980000000000001 0.01525 0.029333333333333333
0 0.62025 0.42266666666666663 0.019 0.013333333333333334
0 0.892875 0.32166666666666666 0.01975 0.012
0 0.08275 0.6428333333333333 0.0045 0.009
0 0.383125 0.5305 0.01175 0.024333333333333332
0 0.25075 0.5774999999999999 0.0105 0.027
0 0.16975 0.6458333333333334 0.0145 0.028333333333333332
0 0.7795 0.3851666666666667 0.018 0.013666666666666667
0 0.24462499999999998 0.5990000000000001 0.01125 0.027333333333333334
0 0.259375 0.6638333333333333 0.01875 0.034333333333333334
0 0.381 0.5516666666666666 0.0185 0.016
0 0.759 0.39366666666666666 0.018 0.021333333333333333
0 0.26837500000000003 0.664 0.01475 0.03666666666666667
0 0.342875 0.575 0.01225 0.024666666666666667
0 0.05425 0.5511666666666667 0.0095 0.012333333333333333
0 0.23550000000000001 0.6095 0.011 0.027666666666666666
0 0.6665 0.44066666666666665 0.017 0.019333333333333334
0 0.175375 0.6176666666666667 0.01625 0.021333333333333333
0 0.30425 0.5774999999999999 0.015 0.025
0 0.32212500000000005 0.6538333333333334 0.02475 0.025666666666666667
0 0.73575 0.40599999999999997 0.0205 0.013333333333333334
0 0.544375 0.513 0.01425 0.024
0 0.147625 0.6228333333333332 0.01625 0.023
0 0.123875 0.648 0.01325 0.028666666666666667
0 0.14025 0.6168333333333332 0.013 0.019
0 0.4215 0.6093333333333334 0.0165 0.03
0 0.40850000000000003 0.5665 0.018 0.017666666666666667
0 0.370375 0.6271666666666667 0.01975 0.024333333333333332
0 0.7698750000000001 0.29833333333333334 0.01025 0.009333333333333334
0 0.32837500000000003 0.6678333333333333 0.01575 0.034333333333333334
0 0.07523250000000001 0.6608116666666667 0.015745000000000006 0.03165666666666667
0 0.0842275 0.6548983333333334 0.013244999999999991 0.03982333333333334
0 0.09434999999999999 0.6508149999999999 0.01249499999999999 0.034323333333333345
0 0.11921375 0.6364033333333333 0.014742499999999993 0.02949333333333334
0 0.09947249999999999 0.6394850000000001 0.010745000000000005 0.030656666666666676
0 0.10809250000000001 0.6396516666666666 0.013995000000000004 0.03199000000000001
0 0.14201625 0.6443166666666666 0.011122499999999974 0.02199333333333334
0 0.1314825 0.6321583333333334 0.013244999999999991 0.029323333333333344
0 0.15701125 0.6229483333333333 0.011432500000000005 0.020076666666666673
0 0.18075625 0.6389033333333333 0.011932500000000004 0.018660000000000006
0 0.1557 0.602865 0.013929999999999979 0.02124333333333334
0 0.18089 0.5993233333333333 0.013804999999999979 0.02932666666666667
0 0.19329625 0.6153666666666666 0.009122499999999974 0.019413333333333338
0 0.21125875 0.6152833333333334 0.011307500000000005 0.03590666666666668
0 0.20604124999999998 0.6022866666666666 0.013742500000000006 0.01574666666666667
0 0.19863875 0.6014116666666667 0.011432499999999976 0.00999666666666667
0 0.22135625 0.6013283333333334 0.015367499999999978 0.03199000000000001
0 0.22704 0.6110316666666666 0.008745000000000005 0.024410000000000005
0 0.22719125 0.5837450000000001 0.016087500000000005 0.01699666666666667
0 0.2132725 0.593765 0.013555000000000006 0.007790000000000039
0 0.23102250000000002 0.5691433333333333 0.012245000000000004 0.017286666666666634
0 0.26061 0.5719083333333334 0.012870000000000005 0.028156666666666677
0 0.27038249999999997 0.57558 0.010649999999999977 0.019493333333333338
0 0.27851750000000003 0.5557816666666667 0.01805500000000001 0.024576666666666674
0 0.29526 0.5649033333333333 0.017555000000000008 0.02549333333333334
0 0.28757625000000003 0.5790733333333333 0.011307500000000005 0.024160000000000004
0 0.2942325 0.592655 0.012120000000000004 0.028656666666666674
0 0.305945 0.59557 0.014805000000000007 0.025326666666666674
0 0.32338375 0.5837383333333334 0.011932500000000004 0.028823333333333343
0 0.3321625 0.5821983333333334 0.010120000000000004 0.023910000000000008
0 0.30401125 0.5495366666666667 0.02142750000000001 0.014080000000000002
0 0.33126125 0.5568666666666666 0.011807500000000004 0.028906666666666674
0 0.34188 0.564155 0.01805500000000001 0.017830000000000002
0 0.34288 0.5453266666666666 0.018305000000000005 0.019826666666666673
0 0.35453625 0.5821133333333333 0.01799250000000001 0.02724000000000001
0 0.3448175 0.595975 0.017085000000000038 0.021870000000000042
0 0.36833749999999993 0.541315 0.014245000000000004 0.03032333333333334
0 0.36721375 0.5577266666666667 0.015492500000000006 0.015826666666666673
0 0.36059125 0.5330666666666667 0.01424249999999995 0.015826666666666673
0 0.37383625 0.5269033333333333 0.014992500000000008 0.01649333333333334
0 0.37327249999999995 0.5182383333333334 0.011370000000000005 0.01749666666666667
0 0.4110425 0.5285766666666666 0.012245000000000004 0.022660000000000007
0 0.43003375 0.5220766666666666 0.01436749999999995 0.020660000000000005
0 0.4272375 0.5427883333333333 0.012370000000000004 0.031163333333333338
0 0.44758875 0.519815 0.016492500000000007 0.026656666666666676
0 0.44752749999999997 0.5390600000000001 0.021864999999999954 0.022826666666666672
0 0.4581475 0.5314783333333334 0.012120000000000004 0.027323333333333342
0 0.471705 0.5298966666666667 0.011745000000000004 0.02649333333333334
0 0.458585 0.5147333333333334 0.02199000000000001 0.018826666666666672
0 0.45414999999999994 0.4628083333333333 0.012620000000000004 0.01199666666666667
0 0.4419675 0.44889500000000004 0.009994999999999948 0.01049666666666667
0 0.41673000000000004 0.4500616666666667 0.010745000000000005 0.010163333333333337
0 0.48163875 0.423655 0.007122500000000002 0.01599666666666667
0 0.50081875 0.4254866666666667 0.009497500000000002 0.008333333333333333
0 0.48546249999999996 0.49789500000000003 0.014245000000000004 0.02849000000000001
0 0.5036425 0.4839 0.014870000000000005 0.018826666666666672
0 0.4873375 0.47606833333333337 0.010745000000000005 0.015830000000000004
0 0.4935225 0.4824 0.010120000000000004 0.018826666666666672
0 0.51667125 0.48890833333333333 0.015992500000000007 0.012830000000000003
0 0.5298849999999999 0.4936566666666667 0.019555000000000065 0.022326666666666672
0 0.53730125 0.492615 0.016367500000000063 0.020576666666666674
0 0.54523375 0.4914483333333334 0.017367500000000063 0.019576666666666673
0 0.5450175 0.470785 0.013810000000000058 0.024083333333333335
0 0.55529875 0.4769483333333333 0.01162250000000006 0.028910000000000005
0 0.5665125 0.48024 0.01992999999999995 0.02399333333333334
0 0.60794125 0.48398833333333335 0.012557500000000004 0.028823333333333343
0 0.59160375 0.487695 0.021867500000000064 0.016076666666666673
0 0.59782 0.4752416666666667 0.008560000000000059 0.01449666666666667
0 0.58863625 0.47319833333333333 0.011807500000000004 0.021076666666666674
0 0.57761 0.4710333333333333 0.011495000000000005 0.02574000000000001
0 0.5683325 0.46791 0.009559999999999945 0.018993333333333338
0 0.58114 0.45962166666666665 0.016430000000000063 0.019910000000000008
0 0.58867125 0.45624 0.017492500000000064 0.018826666666666672
0 0.5899525 0.4469516666666667 0.020555000000000063 0.026910000000000007
0 0.6010725 0.45103166666666666 0.014930000000000063 0.022576666666666672
0 0.6142225 0.44099333333333335 0.012495000000000004 0.019493333333333338
0 0.61709625 0.4522833333333333 0.01911749999999995 0.01708
0 0.612455 0.42869666666666667 0.01967999999999995 0.01524666666666667
0 0.628135 0.4349866666666667 0.016680000000000063 0.023326666666666673
0 0.6305124999999999 0.4494033333333333 0.01730499999999995 0.020826666666666674
0 0.6397887499999999 0.43882333333333334 0.01799249999999995 0.02199333333333334
0 0.65166375 0.4562366666666667 0.01811749999999995 0.022326666666666672
0 0.66569 0.45174 0.02180499999999995 0.021160000000000005
0 0.666175 0.4216183333333333 0.012745000000000005 0.02274333333333334
0 0.65649125 0.42495 0.01961749999999995 0.01574666666666667
0 0.67373375 0.41978499999999996 0.009872499999999946 0.02524333333333334
0 0.52859375 0.5221533333333334 0.018617500000000065 0.022826666666666672
0 0.6845225 0.41699 0.012245000000000004 0.019326666666666673
0 0.6964287499999999 0.4081783333333333 0.01661749999999995 0.009830000000000004
0 0.7236062499999999 0.42275666666666667 0.01799249999999995 0.02099333333333334
0 0.73341375 0.4214233333333333 0.01611749999999995 0.021660000000000006
0 0.7368499999999999 0.41300833333333337 0.016495000000000006 0.015496666666666669
0 0.7242099999999999 0.4087983333333333 0.007560000000000059 0.011330000000000003
0 0.705155 0.4053416666666667 0.01767999999999995 0.02074333333333334
0 0.7135575 0.40621500000000005 0.009120000000000005 0.01899666666666667
0 0.7190237500000001 0.40217500000000006 0.011682500000000005 0.016410000000000004
0 0.72886375 0.39463500000000007 0.022242500000000064 0.009496666666666669
0 0.73024125 0.388135 0.01774249999999995 0.015163333333333336
0 0.7507962499999999 0.4132933333333333 0.014117500000000064 0.020826666666666598
0 0.73976875 0.379465 0.02217750000000001 0.01099666666666667
0 0.7522949999999999 0.380465 0.020365000000000008 0.01299666666666667
0 0.7259937499999999 0.37205000000000005 0.021367500000000064 0.012160000000000006
0 0.76945875 0.3854633333333334 0.010057500000000004 0.021326666666666674
0 0.7738712499999999 0.3711316666666667 0.01599249999999995 0.018330000000000003
0 0.7863662499999999 0.3745066666666667 0.02024249999999995 0.01374666666666667
0 0.7879274999999999 0.36730000000000007 0.016495000000000006 0.015326666666666672
0 0.79911 0.3742966666666667 0.009870000000000004 0.021326666666666674
0 0.80357625 0.3718383333333334 0.012057500000000004 0.02157666666666667
0 0.8109075 0.3952566666666667 0.019615000000000007 0.015326666666666672
0 0.809705 0.36829833333333334 0.01392999999999995 0.019330000000000003
0 0.81957625 0.3730466666666667 0.010932500000000005 0.01849333333333334
0 0.8128299999999999 0.35476 0.006435000000000059 0.013913333333333337
0 0.83439125 0.3804633333333334 0.01880250000000001 0.01699333333333334
0 0.84279375 0.38063 0.01924249999999995 0.014660000000000006
0 0.8259562500000001 0.36238000000000004 0.012807500000000005 0.020160000000000008
0 0.8318599999999999 0.35663333333333336 0.011120000000000005 0.014493333333333339
0 0.8405424999999999 0.3664216666666667 0.011745000000000004 0.01524333333333334
0 0.8407299999999999 0.3541766666666667 0.011745000000000004 0.012413333333333337
0 0.8487275000000001 0.3639216666666667 0.009745000000000005 0.020576666666666674
0 0.85292 0.3629216666666667 0.010745000000000005 0.019910000000000008
0 0.8597925 0.36413000000000006 0.013995000000000004 0.019326666666666673
0 0.859605 0.3554666666666667 0.017495000000000004 0.017326666666666674
0 0.8734875000000001 0.35734166666666667 0.014245000000000004 0.02174333333333334
0 0.8792037500000001 0.35313333333333335 0.02317750000000001 0.020660000000000005
0 0.8832112499999999 0.347385 0.02492750000000001 0.01199666666666667
0 0.89636125 0.34834333333333334 0.02024249999999995 0.014913333333333374
0 0.8886649999999999 0.38675666666666664 0.024365000000000008 0.022660000000000007
0 0.8869775 0.39916833333333335 0.014745000000000005 0.023490000000000007
0 0.90621125 0.34567000000000003 0.023927500000000008 0.012413333333333373
0 0.9080550000000001 0.337755 0.031235000000000013 0.01824333333333338
0 0.91071 0.325675 0.01755499999999995 0.017076666666666674
0 0.9047124999999999 0.32563499999999995 0.008559999999999946 0.011330000000000003
0 0.92754625 0.32538500000000004 0.017492500000000064 0.01249666666666667
0 0.90202625 0.30934333333333336 0.013182500000000005 0.011413333333333336
0 0.9188312499999999 0.31571499999999997 0.02217750000000001 0.010330000000000002
0 0.92123625 0.31300666666666666 0.02561250000000007 0.013580000000000004
0 0.91780875 0.30158999999999997 0.010247500000000059 0.011913333333333337
0 0.92714875 0.29555166666666666 0.015932500000000006 0.01199666666666667
0 0.9398 0.31250500000000003 0.02074000000000001 0.01824333333333334
0 0.939175 0.30309 0.011495000000000005 0.014413333333333337
0 0.94670375 0.30384 0.010807500000000005 0.01874666666666667
0 0.94491625 0.3661716666666667 0.021867500000000064 0.018496666666666668
0 0.9499587500000001 0.36100333333333334 0.02155250000000001 0.019413333333333338
0 0.9564874999999999 0.36017000000000005 0.02186500000000001 0.016580000000000004
0 0.957955 0.34167666666666663 0.02317999999999995 0.010913333333333374
0 0.9592350000000001 0.35604666666666673 0.02574000000000001 0.019493333333333338
0 0.96588875 0.3536716666666667 0.02180250000000001 0.01874333333333334
0 0.973885 0.34905 0.015305000000000063 0.02132666666666671
0 0.97722875 0.34555 0.018367500000000064 0.022160000000000044
0 0.78065125 0.3040083333333333 0.012807500000000005 0.00625
0 0.8211762499999999 0.2773033333333333 0.007122499999999946 0.008333333333333333
0 0.59154375 0.39129166666666665 0.01162250000000006 0.009996666666666595
0 0.61547125 0.3892083333333333 0.005247500000000059 0.007829999999999927
0 0.5705525 0.390375 0.009870000000000004 0.014496666666666594
0 0.57886125 0.40603666666666666 0.006997500000000059 0.012493333333333339
0 0.58617125 0.40195499999999995 0.010622499999999946 0.008663333333333337
0 0.14858125 0.6896283333333334 0.03136249999999998 0.033489999999999936
0 0.1448325 0.7032066666666666 0.025864999999999982 0.039320000000000015
0 0.15963999999999998 0.6997066666666666 0.014244999999999976 0.03865333333333327
0 0.16813625 0.6977916666666667 0.014242500000000007 0.03682333333333334
0 0.153765 0.7173833333333333 0.018489999999999982 0.02799333333333334
0 0.176755 0.7004716666666666 0.02574000000000001 0.03382333333333342
0 0.220815 0.6926333333333333 0.015120000000000005 0.03615333333333334
0 0.23818250000000002 0.6947166666666666 0.02236500000000001 0.02199333333333334
0 0.23487125 0.6701400000000001 0.017242500000000008 0.02349333333333334
0 0.246305 0.6656416666666667 0.012870000000000005 0.032156666666666674
0 0.23712375000000002 0.681485 0.02611250000000001 0.02257666666666675
0 0.2795125 0.6478066666666668 0.012995000000000005 0.02349333333333334
0 0.27251499999999995 0.677545 0.016995000000000003 0.032989999999999936
0 0.29050750000000003 0.6438883333333334 0.011245000000000005 0.033656666666666675
0 0.30206500000000003 0.6464733333333333 0.016120000000000006 0.021160000000000005
0 0.31043625 0.63456 0.014867500000000007 0.02199333333333334
0 0.31699625 0.6474716666666667 0.010247500000000003 0.009496666666666669
0 0.31849625 0.6306433333333333 0.019992500000000007 0.024160000000000004
0 0.34151125 0.6554633333333333 0.018742500000000006 0.02449333333333334
0 0.3492575 0.6486333333333334 0.02224000000000001 0.022826666666666672
0 0.35444375 0.62614 0.015867500000000007 0.03648666666666668
0 0.3941925 0.6062233333333333 0.02286500000000001 0.02599333333333334
0 0.41406000000000004 0.6171316666666666 0.013870000000000004 0.03849000000000001
0 0.385325 0.5765416666666666 0.012620000000000004 0.030323333333333268
0 0.3895725 0.566045 0.012120000000000004 0.0236566666666666
0 0.24798125000000001 0.5119616666666666 0.016992500000000008 0.010663333333333337
0 0.241595 0.5033016666666666 0.008125 0.010830000000000003
