0 0.644875 0.3215 0.02325 0.050333333333333334
0 0.7647499999999999 0.4071666666666667 0.0225 0.05633333333333333
0 0.38475 0.31066666666666665 0.0265 0.03666666666666667
0 0.609375 0.7323333333333333 0.02675 0.06133333333333333
0 0.27849999999999997 0.3566666666666667 0.0205 0.05
0 0.600125 0.34983333333333333 0.03575 0.029
0 0.8346250000000001 0.428 0.02275 0.04466666666666667
0 0.5835 0.3955 0.0215 0.047
0 0.81275 0.42383333333333334 0.032 0.029
0 0.54025 0.3016666666666667 0.0185 0.032
0 0.27075 0.5001666666666666 0.032 0.041666666666666664
0 0.6707500000000001 0.1715 0.036 0.027
0 0.51225 0.27949999999999997 0.0255 0.041666666666666664
0 0.43024999999999997 0.21916666666666668 0.0225 0.03233333333333333
0 0.91875 0.4563333333333333 0.0225 0.027333333333333334
0 0.9445 0.49850000000000005 0.025 0.061
0 0.76 0.5073333333333333 0.0255 0.029333333333333333
0 0.41237500000000005 0.262 0.01375 0.04466666666666667
0 0.547 0.6458333333333334 0.03 0.05366666666666667
0 0.531 0.29266666666666663 0.028 0.04466666666666667
0 0.55 0.3201666666666667 0.0275 0.043
0 0.5327500000000001 0.4976666666666667 0.0235 0.028
0 0.5035 0.35 0.021 0.04133333333333333
0 0.310625 0.543 0.04025 0.027333333333333334
0 0.46975 0.25783333333333336 0.0225 0.045
0 0.61525 0.32366666666666666 0.035 0.03133333333333333
0 0.8353750000000001 0.47866666666666663 0.02425 0.06066666666666667
0 0.395 0.2693333333333333 0.023 0.05733333333333333
0 0.71875 0.39066666666666666 0.013 0.04066666666666666
0 0.582625 0.5021666666666667 0.02125 0.035
0 0.577875 0.30066666666666664 0.02625 0.06466666666666666
0 0.728875 0.4175 0.02325 0.06233333333333333
0 0.42724999999999996 0.262 0.0165 0.05333333333333334
0 0.50375 0.3171666666666667 0.025 0.035
0 0.672375 0.4185 0.02775 0.04566666666666667
0 0.944375 0.5638333333333333 0.02125 0.05633333333333333
0 0.73525 0.44583333333333336 0.0305 0.050333333333333334
0 0.438875 0.271 0.02075 0.05
0 0.9685 0.5438333333333334 0.0265 0.05433333333333333
0 0.522125 0.3456666666666667 0.01775 0.04533333333333334
0 0.683 0.4391666666666667 0.0295 0.049
0 0.49974999999999997 0.6233333333333333 0.0275 0.059333333333333335
0 0.5298750000000001 0.41083333333333333 0.02625 0.049666666666666665
0 0.700625 0.38866666666666666 0.02625 0.056666666666666664
0 0.74 0.3571666666666667 0.0345 0.033
0 0.601375 0.5053333333333333 0.02475 0.052
0 0.888375 0.44833333333333336 0.02025 0.05533333333333333
0 0.538 0.4668333333333333 0.0385 0.04033333333333333
0 0.554375 0.516 0.03325 0.04533333333333334
0 0.905375 0.4495 0.01275 0.034333333333333334
0 0.48624999999999996 0.2765 0.0185 0.044333333333333336
0 0.60875 0.45199999999999996 0.0355 0.042666666666666665
0 0.753625 0.4165 0.02475 0.057666666666666665
0 0.924625 0.5188333333333334 0.03775 0.025666666666666667
0 0.4665 0.44316666666666665 0.027 0.06366666666666666
0 0.351495 0.23295000000000002 0.03549000000000001 0.049433333333333315
0 0.77120625 0.3166983333333333 0.040412500000000025 0.06739666666666669
0 0.5401250000000001 0.4215 0.01825 0.061
0 0.19674250000000001 0.23322666666666667 0.062 0.049319999999999975
0 0.2044925 0.24872166666666665 0.0375 0.04565666666666668
0 0.2301175 0.22456166666666666 0.03725 0.06531666666666665
0 0.2596175 0.22306166666666666 0.03225 0.02898999999999997
0 0.2314925 0.261385 0.0465 0.06498333333333335
0 0.2642425 0.24872166666666667 0.042 0.06831666666666665
0 0.23474250000000002 0.30720666666666663 0.032 0.08264666666666665
0 0.2702425 0.2935433333333334 0.026 0.06864666666666669
0 0.2561175 0.32403499999999996 0.02975 0.08564333333333332
0 0.2953675 0.23306166666666667 0.03125 0.062316666666666645
0 0.3196175 0.21173333333333333 0.03275 0.06897999999999999
0 0.2926175 0.2933783333333333 0.04275 0.09164333333333335
0 0.31024250000000003 0.282715 0.037 0.0769766666666667
0 0.31274250000000003 0.3252033333333333 0.052 0.03265999999999997
0 0.33549249999999997 0.2872133333333333 0.0305 0.08198000000000003
0 0.34386625 0.20490166666666668 0.0422475 0.07064999999999998
0 0.36636625 0.245225 0.031747500000000005 0.06864999999999997
0 0.377865 0.2607216666666667 0.03225 0.06431666666666665
0 0.40986500000000003 0.3188733333333333 0.03725 0.07464666666666665
0 0.35324125 0.3123733333333333 0.0329975 0.07697999999999998
0 0.30799125000000005 0.36338 0.054997500000000005 0.05498666666666664
0 0.3024925 0.34855 0.028 0.028660000000000043
0 0.36924 0.36204499999999995 0.0265 0.0376566666666666
0 0.37824 0.34754999999999997 0.0385 0.07997999999999998
0 0.33636625 0.3792083333333333 0.0412475 0.07131666666666661
0 0.35399 0.40686833333333333 0.033 0.0733166666666666
0 0.32436625 0.43119499999999994 0.0412475 0.03799000000000001
0 0.38049 0.404535 0.0595 0.040656666666666674
0 0.43099 0.41353333333333336 0.0325 0.07064666666666661
0 0.456115 0.38387499999999997 0.02425 0.06864999999999993
0 0.47074 0.3822066666666667 0.0365 0.07864666666666661
0 0.43974 0.3410516666666667 0.0405 0.08030999999999995
0 0.40424 0.3723766666666667 0.0325 0.052986666666666606
0 0.45199 0.280235 0.034 0.053316666666666644
0 0.46099 0.31039333333333335 0.034 0.05498666666666664
0 0.472865 0.31772500000000004 0.03375 0.052316666666666685
0 0.48586500000000005 0.34838333333333327 0.02875 0.07097999999999997
0 0.500865 0.4152 0.02675 0.07397999999999995
0 0.363115 0.46621500000000005 0.02825 0.08730999999999994
0 0.38249 0.4752116666666667 0.026 0.10796999999999995
0 0.39761500000000005 0.44272 0.02975 0.07431333333333336
0 0.41586500000000004 0.4387216666666667 0.02475 0.08764333333333335
0 0.40424 0.5082033333333333 0.0325 0.08197999999999994
0 0.432115 0.5062033333333333 0.03725 0.0686466666666666
0 0.44323999999999997 0.43189 0.0305 0.07731333333333335
0 0.481115 0.45854833333333334 0.04625 0.09330999999999995
0 0.45299 0.5220316666666667 0.0295 0.11030333333333328
0 0.33286499999999997 0.46554666666666666 0.03075 0.051319999999999935
0 0.344365 0.489875 0.03875 0.08864333333333328
0 0.30874 0.4583816666666667 0.0415 0.03299000000000001
0 0.2106175 0.35074500000000003 0.04075 0.03565666666666668
0 0.22361750000000002 0.36857333333333336 0.04575 0.04398666666666668
0 0.2508675 0.3894 0.03675 0.05632000000000001
0 0.2664925 0.40323000000000003 0.0365 0.05332000000000001
0 0.28799125 0.41006166666666666 0.0534975 0.05365000000000002
0 0.29011624999999996 0.42622333333333334 0.0567475 0.053986666666666676
0 0.2388675 0.4373883333333333 0.04625 0.03499000000000001
0 0.26711625 0.469045 0.0632475 0.038989999999999934
0 0.29986625 0.5010383333333334 0.054247500000000004 0.06364999999999994
0 0.31249000000000005 0.5088683333333334 0.049 0.06598333333333327
0 0.34657499999999997 0.55619 0.0575 0.08331333333333335
0 0.30532499999999996 0.583515 0.0455 0.08331000000000002
0 0.35182375 0.5781833333333334 0.0514975 0.07264666666666668
0 0.37457375 0.5755183333333334 0.026497500000000004 0.06465000000000001
0 0.39094875 0.5435266666666666 0.029747500000000003 0.02999333333333334
0 0.42069749999999995 0.55969 0.04075 0.04898666666666668
0 0.4396975 0.5478583333333333 0.03425 0.09797666666666668
0 0.47157249999999995 0.520365 0.0165 0.03699000000000001
0 0.5173225 0.4768766666666666 0.028 0.05665333333333327
0 0.4948225 0.5308633333333334 0.05 0.07864666666666668
0 0.5328225 0.5375283333333333 0.0365 0.057983333333333345
0 0.5074474999999999 0.5590216666666666 0.03725 0.041656666666666675
0 0.4784475 0.5923466666666666 0.03175 0.05632000000000001
0 0.5069475 0.5841816666666666 0.02875 0.041990000000000006
0 0.5270725 0.5986783333333333 0.0315 0.06831666666666668
0 0.4728225 0.6415016666666666 0.024 0.06198333333333335
0 0.4541975 0.6120083333333333 0.03575 0.07365000000000002
0 0.4303225 0.623505 0.028 0.08531000000000002
0 0.4068225 0.596845 0.0395 0.09131000000000002
0 0.37457375 0.61534 0.0499975 0.07764666666666668
0 0.40657374999999996 0.6514983333333334 0.0644975 0.04532333333333334
0 0.44469749999999997 0.673825 0.03225 0.06798333333333327
0 0.344325 0.6276716666666666 0.0625 0.04432333333333334
0 0.292825 0.615175 0.047 0.08931000000000001
0 0.34307499999999996 0.6706599999999999 0.0505 0.08231333333333328
0 0.36782375 0.6674933333333334 0.0409975 0.04932000000000001
0 0.3970725 0.7044849999999999 0.038 0.08397666666666669
0 0.4121475 0.7185433333333334 0.039 0.10664000000000003
0 0.26939749999999996 0.6089049999999999 0.03949999999999997 0.08597666666666669
0 0.2876475 0.6865533333333333 0.029 0.07731333333333335
0 0.31664749999999997 0.6978833333333333 0.041 0.10530666666666669
0 0.3541475 0.7222099999999999 0.051 0.06731333333333335
0 0.5224475000000001 0.38430333333333333 0.03675 0.10330666666666662
0 0.5705725 0.35914333333333337 0.024 0.05232000000000001
0 0.5506975000000001 0.35614500000000004 0.02275 0.06498333333333335
0 0.6563224999999999 0.3439816666666667 0.0225 0.06131666666666668
0 0.5925725000000001 0.32432000000000005 0.028 0.045986666666666676
0 0.6836975 0.3493133333333333 0.05325 0.053986666666666676
0 0.62184875 0.36031833333333335 0.04712249999999994 0.042656666666666676
0 0.6020375 0.39614333333333335 0.02875 0.07831333333333335
0 0.63034875 0.4096383333333334 0.033122499999999944 0.08064333333333336
0 0.6449112499999999 0.41605500000000006 0.029997499999999944 0.08781000000000003
0 0.66791 0.38792166666666666 0.0365 0.05831666666666668
0 0.69241 0.42024666666666666 0.02625 0.025660000000000006
0 0.555975 0.42074666666666666 0.031375 0.07798000000000002
0 0.5866 0.45890333333333333 0.033125 0.06698000000000001
0 0.5826625000000001 0.4121666666666666 0.026 0.04282000000000001
0 0.56164125 0.465125 0.027122499999999945 0.06798333333333327
0 0.70464 0.4586266666666667 0.033125 0.0806466666666666
0 0.6375375000000001 0.5101683333333333 0.07 0.08664333333333335
0 0.638225 0.47009500000000004 0.033375 0.05481666666666668
0 0.6621625 0.47651 0.0305 0.07198000000000002
0 0.68691125 0.4922566666666666 0.03749749999999995 0.06848000000000001
0 0.630245 0.5297183333333334 0.04525 0.06598333333333335
0 0.571745 0.538965 0.031 0.0618166666666666
0 0.5845575000000001 0.5572116666666667 0.011875 0.016330000000000004
0 0.6024325 0.55413 0.033625 0.07581333333333327
0 0.637495 0.5793716666666666 0.04375 0.04132333333333327
0 0.552495 0.5822883333333334 0.0265 0.09547666666666661
0 0.578745 0.5953116666666667 0.03125 0.06165000000000002
0 0.5981825 0.612475 0.022625 0.057983333333333345
0 0.6193075 0.6239716666666666 0.024875 0.06631666666666668
0 0.5778300000000001 0.6265550000000001 0.046 0.06848333333333335
0 0.46690750000000003 0.68927 0.046 0.07798000000000009
0 0.5111575 0.66461 0.044 0.0659800000000001
0 0.5374075 0.684605 0.0495 0.05665000000000001
0 0.47215750000000006 0.7064316666666667 0.041 0.06698333333333335
0 0.4922825 0.7222616666666667 0.04425 0.06931666666666676
0 0.5275325000000001 0.7194283333333333 0.03325 0.0929766666666667
0 0.4307825 0.7505866666666667 0.04425 0.0939733333333332
0 0.45028250000000003 0.77708 0.04575 0.08498000000000001
0 0.47515750000000007 0.77758 0.047 0.07531333333333336
0 0.49915750000000003 0.7730816666666667 0.033 0.09164333333333329
0 0.6685725 0.5230916666666666 0.0395 0.06865000000000002
0 0.6610725000000001 0.5864083333333334 0.0315 0.07065000000000002
0 0.6896975 0.561415 0.02675 0.08931000000000001
0 0.59557375 0.6652199999999999 0.07649749999999994 0.050986666666666604
0 0.6358225000000001 0.6273983333333334 0.0195 0.06265000000000001
0 0.6573225 0.6457266666666667 0.052 0.08264666666666669
0 0.6930725 0.6357283333333333 0.0265 0.06331666666666669
0 0.7201975 0.5225916666666666 0.04525 0.03832333333333334
0 0.72774 0.4858783333333333 0.0435 0.0346566666666666
0 0.749615 0.47988166666666665 0.04675 0.06798333333333327
0 0.77911375 0.49254333333333333 0.025747499999999944 0.051986666666666605
0 0.7840375 0.4179966666666667 0.02425 0.06798000000000001
0 0.7892875 0.46231833333333333 0.01875 0.05665000000000001
0 0.8114125 0.4714833333333333 0.0285 0.07964666666666669
0 0.8514125 0.4101666666666667 0.0225 0.04832000000000001
0 0.8714124999999999 0.4479883333333334 0.025 0.05598333333333335
0 0.8566625 0.4649833333333333 0.029 0.07664666666666668
0 0.8736625 0.5049733333333334 0.0205 0.05798666666666668
0 0.8535375000000001 0.4848133333333334 0.01875 0.05032000000000001
0 0.8076625000000001 0.537965 0.0355 0.08597666666666662
0 0.8284125 0.537465 0.0205 0.05831666666666661
0 0.8356625 0.5561266666666667 0.043 0.0836466666666666
0 0.8805375 0.5792883333333334 0.04825 0.08930999999999994
0 0.8954125000000001 0.5617916666666667 0.0465 0.07964333333333327
0 0.9235375 0.5741216666666668 0.03325 0.08697666666666662
0 0.8946625 0.47531500000000004 0.025 0.022663333333333337
0 0.9000375 0.48348 0.02825 0.024326666666666674
0 0.9182874999999999 0.48697833333333335 0.03625 0.03799000000000001
0 0.9425374999999999 0.45715333333333336 0.03625 0.024326666666666674
0 0.7352875 0.5457966666666666 0.03975 0.058986666666666604
0 0.7920375000000001 0.55196 0.02225 0.07331333333333327
0 0.7744125000000001 0.55696 0.0195 0.06797999999999994
0 0.7566625 0.5566266666666667 0.0345 0.08131333333333328
0 0.7066637499999999 0.56979 0.028997500000000058 0.07431333333333327
0 0.7911625 0.5972833333333334 0.045 0.046653333333333345
0 0.8537875 0.5909516666666667 0.02325 0.056649999999999937
0 0.8732875 0.5946166666666667 0.04125 0.08397999999999994
0 0.9180375000000001 0.6296083333333333 0.04275 0.06198333333333335
0 0.9532875 0.6131116666666666 0.04025 0.08897666666666669
0 0.9849112499999999 0.5724566666666667 0.030497499999999945 0.09697333333333329
0 0.98753625 0.63244 0.025247499999999947 0.03299333333333334
0 0.97278625 0.6519349999999999 0.034747499999999945 0.08331000000000002
0 0.7164974999999999 0.6233316666666666 0.0345 0.07165000000000002
0 0.7353725 0.5983383333333333 0.03475 0.06631666666666668
0 0.7572475 0.6246633333333333 0.03 0.07698000000000002
0 0.79699625 0.6326616666666667 0.03899750000000006 0.060316666666666685
0 0.83037 0.6096683333333334 0.04125 0.06298333333333335
0 0.87537 0.6414933333333334 0.06575 0.04798666666666668
0 0.6063724999999999 0.6871466666666667 0.06025 0.052653333333333344
0 0.6624975 0.6774833333333333 0.058 0.07064666666666669
0 0.7302474999999999 0.6674866666666667 0.045 0.07997999999999994
0 0.7642475 0.669485 0.0345 0.09197666666666669
0 0.7917462499999999 0.6756516666666667 0.02549750000000006 0.03632333333333334
0 0.826995 0.6559883333333334 0.048 0.060316666666666685
0 0.86212 0.6661533333333334 0.06025 0.06132000000000001
0 0.82024625 0.7003116666666668 0.06249750000000006 0.04499000000000001
0 0.863745 0.721305 0.0585 0.06031666666666661
0 0.5797475 0.7214166666666667 0.0375 0.0743133333333332
0 0.5424974999999999 0.7429100000000001 0.039 0.07797999999999987
0 0.5607475 0.7724033333333333 0.0465 0.09364000000000003
0 0.6121224999999999 0.7645716666666666 0.04975 0.08530999999999994
0 0.5937475 0.77057 0.0245 0.027326666666666673
0 0.6676224999999999 0.7102533333333333 0.06025 0.06731333333333335
0 0.7047475 0.6865933333333334 0.0255 0.05332000000000009
0 0.7347474999999999 0.7105866666666666 0.0365 0.06798000000000001
0 0.7683724999999999 0.7092533333333333 0.04125 0.07931333333333335
0 0.7788725 0.7482433333333334 0.03375 0.054653333333333345
0 0.80062125 0.7792349999999999 0.04324750000000006 0.056649999999999937
0 0.7132474999999999 0.7294133333333334 0.0565 0.05431999999999986
0 0.6941225 0.7507416666666666 0.07475 0.03965666666666675
0 0.6461224999999999 0.7830666666666667 0.05075 0.08098000000000002
0 0.6733724999999999 0.7923983333333333 0.05375 0.054316666666666756
0 0.51049875 0.8138916666666666 0.034997499999999945 0.09664333333333328
0 0.53299875 0.8267216666666667 0.029997499999999944 0.10963666666666662
0 0.5666224999999999 0.8252233333333333 0.04125 0.1013066666666667
0 0.5988725 0.8285549999999999 0.03875 0.07464999999999994
0 0.6339974999999999 0.82389 0.075 0.05332000000000001
0 0.7139550000000001 0.2908033333333333 0.03875 0.055653333333333346
0 0.65008 0.10218666666666668 0.0285 0.050986666666666666
0 0.4809575 0.13051166666666666 0.03575 0.05698333333333333
0 0.392 0.05969666666666666 0.0445 0.07931333333333333
0 0.44274874999999997 0.04570166666666667 0.061497500000000004 0.03399
