0 0.8163377192982456 0.1522752192982456 0.03125 0.03508771929824561
0 0.833516081871345 0.16872258771929827 0.022112573099415205 0.041666666666666664
0 0.9156615497076024 0.17447916666666666 0.03070175438596491 0.03453947368421053
0 0.8415570175438596 0.1806469298245614 0.019554093567251463 0.04303728070175439
0 0.8856907894736842 0.18448464912280702 0.015716374269005847 0.04523026315789474
0 0.8793859649122807 0.2134046052631579 0.017361111111111112 0.0537280701754386
0 0.8601973684210527 0.22683662280701755 0.04550438596491228 0.03673245614035088
0 0.9014985380116959 0.19394188596491227 0.017726608187134504 0.05866228070175439
0 0.9123720760233919 0.18969298245614036 0.019005847953216373 0.04303728070175439
0 0.994014985380117 0.20627741228070173 0.01160453216374269 0.020833333333333332
0 0.8411915204678363 0.21600877192982457 0.042214912280701754 0.02549342105263158
0 0.9464546783625731 0.23204495614035087 0.02284356725146199 0.046052631578947366
0 0.9690241228070176 0.23300438596491227 0.02010233918128655 0.04468201754385965
0 0.9899945175438596 0.24342105263157895 0.01964546783625731 0.04084429824561404
0 0.1459703947368421 0.3274396929824561 0.0245796783625731 0.0268640350877193
0 0.9627192982456141 0.33100328947368424 0.018092105263157895 0.03179824561403509
0 0.8987573099415205 0.3433388157894737 0.02540204678362573 0.04331140350877193
0 0.7680921052631579 0.350328947368421 0.015533625730994151 0.05345394736842105
0 0.9928728070175439 0.34279057017543857 0.014071637426900584 0.03837719298245614
0 0.5214729532163743 0.3504660087719298 0.01608187134502924 0.05263157894736842
0 0.6235380116959065 0.34991776315789475 0.01918859649122807 0.05043859649122807
0 0.6420869883040936 0.3449835526315789 0.02266081871345029 0.03782894736842105
0 0.6643823099415205 0.3385416666666667 0.02850877192982456 0.024945175438596492
0 0.681423611111111 0.34936951754385964 0.0201937134502924 0.021929824561403508
0 0.6527777777777777 0.3671875 0.019554093567251463 0.0400219298245614
0 0.6617781432748538 0.36811266447368424 0.022934941520467836 0.05132949561403509
0 0.6427266081871345 0.4107730263157895 0.020650584795321638 0.05866228070175439
0 0.6254568713450293 0.4109100877192982 0.02266081871345029 0.05400219298245614
0 0.5392909356725146 0.3519736842105263 0.019554093567251463 0.0512609649122807
0 0.709703947368421 0.3544407894736842 0.02046783625730994 0.05455043859649123
0 0.9304641812865497 0.36101973684210525 0.017909356725146198 0.0556469298245614
0 0.9216922514619883 0.38445723684210525 0.02448830409356725 0.05537280701754386
0 0.7549342105263158 0.3536184210526315 0.014071637426900584 0.03700657894736842
0 0.41017909356725146 0.3670504385964912 0.023391812865497075 0.05345394736842105
0 0.42105263157894735 0.3784265350877193 0.034173976608187134 0.039473684210526314
0 0.8806652046783625 0.3652686403508772 0.022112573099415205 0.049342105263157895
0 0.9682017543859649 0.3666392543859649 0.022112573099415205 0.05098684210526316
0 0.5667032163742689 0.3704769736842105 0.019554093567251463 0.049890350877192985
0 0.38971125730994155 0.3769188596491228 0.02046783625730994 0.05838815789473684
0 0.469937865497076 0.3699287280701754 0.021564327485380116 0.03728070175438596
0 0.7212171052631579 0.38116776315789475 0.021929824561403508 0.0581140350877193
0 0.731907894736842 0.39706688596491224 0.02101608187134503 0.05701754385964912
0 0.7933114035087718 0.3795230263157895 0.019919590643274854 0.05098684210526316
0 0.5 0.3725328947368421 0.0356359649122807 0.030975877192982455
0 0.8097587719298246 0.38445723684210525 0.017726608187134504 0.05317982456140351
0 0.4505208333333333 0.38103070175438597 0.019828216374269007 0.04577850877192982
0 0.8977521929824561 0.3880208333333333 0.020833333333333332 0.05482456140350877
0 0.5429459064327485 0.4003563596491228 0.02905701754385965 0.07675438596491228
0 0.5595760233918129 0.42598684210526316 0.013706140350877192 0.031524122807017545
0 0.5517635233918128 0.4402412280701754 0.012701023391812866 0.021655701754385966
0 0.8283534356725146 0.4003563596491228 0.020924707602339183 0.07346491228070176
0 0.8460343567251462 0.40597587719298245 0.021198830409356724 0.061677631578947366
0 0.9525767543859649 0.3900767543859649 0.017178362573099414 0.0512609649122807
0 0.7773209064327485 0.38925438596491224 0.017909356725146198 0.04906798245614035
0 0.7892909356725146 0.4237938596491228 0.017361111111111112 0.04961622807017544
0 0.6966602704678362 0.39281798245614036 0.02206688596491228 0.05345394736842105
0 0.670047514619883 0.3961074561403509 0.021929824561403508 0.05674342105263158
0 0.3084795321637427 0.39816337719298245 0.01882309941520468 0.054276315789473686
0 0.2923976608187135 0.40172697368421056 0.020650584795321638 0.04824561403508772
0 0.29888523391812866 0.4653234649122807 0.027777777777777776 0.09375
0 0.29408808479532167 0.5095257675438596 0.021290204678362575 0.05194627192982456
0 0.3102156432748538 0.5397478070175438 0.01644736842105263 0.05893640350877193
0 0.3237390350877193 0.3970668859649123 0.015716374269005847 0.05043859649122807
0 0.5721856725146198 0.40076754385964913 0.014071637426900584 0.055098684210526314
0 0.25566520467836257 0.40104166666666663 0.02138157894736842 0.05290570175438596
0 0.23940058479532164 0.3989857456140351 0.025767543859649123 0.044407894736842105
0 0.993923611111111 0.39734100877192985 0.011787280701754386 0.04331140350877193
0 0.47596856725146197 0.403234649122807 0.013888888888888888 0.05345394736842105
0 0.4995659722222222 0.40330317982456143 0.03769188596491228 0.02480811403508772
0 0.4892178362573099 0.4281798245614035 0.033808479532163746 0.03042763157894737
0 0.466374269005848 0.4535361842105263 0.017361111111111112 0.05756578947368421
0 0.47496345029239767 0.46765350877192985 0.02905701754385965 0.05619517543859649
0 0.5113304093567251 0.38788377192982454 0.03453947368421053 0.02275219298245614
0 0.7463450292397661 0.4017269736842105 0.031980994152046784 0.049342105263157895
0 0.9396016081871346 0.40405701754385964 0.01864035087719298 0.05180921052631579
0 0.27622441520467833 0.40652412280701755 0.019005847953216373 0.05180921052631579
0 0.26169590643274854 0.43722587719298245 0.02320906432748538 0.04906798245614035
0 0.28271198830409355 0.45819627192982454 0.021747076023391813 0.046052631578947366
0 0.26793220029239767 0.46950383771929827 0.03568165204678363 0.0390625
0 0.3460343567251462 0.4057017543859649 0.015350877192982455 0.046875
0 0.5817799707602339 0.40858004385964913 0.019005847953216373 0.05098684210526316
0 0.5691703216374269 0.4427083333333333 0.02448830409356725 0.02549342105263158
0 0.8787463450292398 0.41104714912280704 0.021198830409356724 0.05098684210526316
0 0.8837719298245614 0.4414747807017544 0.030884502923976608 0.039473684210526314
0 0.3604714912280702 0.4154331140350877 0.017543859649122806 0.054276315789473686
0 0.3793859649122807 0.40926535087719296 0.02540204678362573 0.04194078947368421
0 0.4598866959064327 0.41186951754385964 0.017543859649122806 0.046052631578947366
0 0.044499269005847955 0.41145833333333337 0.017178362573099414 0.04413377192982456
0 0.8555372807017544 0.4184484649122807 0.03033625730994152 0.05482456140350877
0 0.8591008771929824 0.4521655701754386 0.020650584795321638 0.06030701754385965
0 0.440515350877193 0.4094709429824562 0.02046783625730994 0.03632127192982456
0 0.4310124269005848 0.4521655701754386 0.027412280701754384 0.05098684210526316
0 0.4463633040935672 0.44270833333333337 0.031067251461988302 0.032072368421052634
0 0.45010964912280704 0.48355263157894735 0.01699561403508772 0.05674342105263158
0 0.43229166666666663 0.47944078947368424 0.0222953216374269 0.04742324561403509
0 0.4504751461988304 0.53125 0.022478070175438597 0.060581140350877194
0 0.5956688596491228 0.4195449561403509 0.014985380116959063 0.05646929824561404
0 0.5887244152046783 0.43133223684210525 0.013888888888888888 0.03179824561403509
0 0.5783077485380117 0.4617598684210526 0.021564327485380116 0.046052631578947366
0 0.5851608187134503 0.4713884320175439 0.02540204678362573 0.047628837719298246
0 0.9798976608187134 0.41625548245614036 0.03673245614035088 0.049890350877192985
0 0.21728801169590642 0.41186951754385964 0.014802631578947368 0.03892543859649123
0 0.06213450292397661 0.41488486842105265 0.022478070175438597 0.044407894736842105
0 0.4226059941520468 0.4115953947368421 0.023391812865497075 0.03344298245614035
0 0.6205226608187134 0.4206414473684211 0.020833333333333332 0.05098684210526316
0 0.608735380116959 0.4239309210526316 0.012244152046783625 0.046600877192982455
0 0.8219115497076023 0.4288651315789474 0.020833333333333332 0.05646929824561404
0 0.8134137426900584 0.45860745614035087 0.027595029239766082 0.04632675438596491
0 0.400858918128655 0.42941337719298245 0.01864035087719298 0.05701754385964912
0 0.41191520467836257 0.4350328947368421 0.019919590643274854 0.04961622807017544
0 0.3279422514619883 0.4277686403508772 0.023757309941520467 0.052083333333333336
0 0.33694261695906436 0.4492872807017544 0.023848684210526317 0.03974780701754386
0 0.7715643274853801 0.4296875 0.021747076023391813 0.05263157894736842
0 0.6573464912280701 0.4295504385964912 0.020650584795321638 0.0512609649122807
0 0.6694307383040936 0.43654057017543857 0.02645285087719298 0.03782894736842105
0 0.6668951023391813 0.46073190789473684 0.044316520467836254 0.024533991228070175
0 0.9067982456140351 0.43064692982456143 0.022478070175438597 0.05235745614035088
0 0.1440972222222222 0.4348958333333333 0.02046783625730994 0.05921052631578947
0 0.19088084795321636 0.4329769736842105 0.019005847953216373 0.05317982456140351
0 0.2069627192982456 0.4332510964912281 0.017178362573099414 0.052083333333333336
0 0.21262792397660818 0.4521998355263158 0.046052631578947366 0.05585252192982456
0 0.1680372807017544 0.4321546052631579 0.013523391812865496 0.049890350877192985
0 0.03389985380116959 0.4370888157894737 0.015716374269005847 0.05701754385964912
0 0.015533625730994153 0.4364035087719298 0.02284356725146199 0.05345394736842105
0 0.044316520467836254 0.46189692982456143 0.016812865497076022 0.05235745614035088
0 0.010508040935672515 0.48012609649122806 0.01864035087719298 0.05537280701754386
0 0.7068713450292398 0.43434758771929827 0.020285087719298246 0.05098684210526316
0 0.6901498538011697 0.4388706140350877 0.017543859649122806 0.057702850877192985
0 0.2394005847953216 0.43640350877192985 0.01882309941520468 0.04742324561403509
0 0.21116593567251463 0.4719709429824561 0.03728070175438596 0.03549890350877193
0 0.22669956140350878 0.48012609649122806 0.031432748538011694 0.043859649122807015
0 0.19892178362573099 0.49712171052631576 0.03508771929824561 0.030153508771929825
0 0.19517543859649125 0.5089089912280702 0.0360014619883041 0.030153508771929825
0 0.5332602339181286 0.43325109649122806 0.021747076023391813 0.039473684210526314
0 0.9743238304093568 0.43983004385964913 0.03289473684210526 0.05098684210526316
0 0.9435307017543859 0.4466831140350877 0.020650584795321638 0.06085526315789474
0 0.9688413742690059 0.45723684210526316 0.02448830409356725 0.05345394736842105
0 0.9503837719298246 0.45874451754385964 0.023757309941520467 0.04550438596491228
0 0.3694261695906433 0.4384594298245614 0.02046783625730994 0.04276315789473684
0 0.3570906432748538 0.47231359649122806 0.01882309941520468 0.046875
0 0.3711622807017544 0.48358689692982454 0.022478070175438597 0.06668037280701754
0 0.40570175438596495 0.4673793859649123 0.03234649122807018 0.0200109649122807
0 0.3887061403508772 0.48684210526315785 0.037463450292397664 0.02549342105263158
0 0.4126461988304093 0.504797149122807 0.018092105263157895 0.05537280701754386
0 0.42233187134502925 0.5146655701754386 0.019554093567251463 0.05866228070175439
0 0.38724415204678364 0.5013020833333334 0.03819444444444445 0.027275219298245616
0 0.43128654970760233 0.5470120614035088 0.016264619883040937 0.06140350877192982
0 0.12357273391812866 0.4465460526315789 0.023139619883040936 0.05838815789473684
0 0.3102156432748538 0.44024122807017546 0.021929824561403508 0.04303728070175439
0 0.5061220760233918 0.43188048245614036 0.031432748538011694 0.02412280701754386
0 0.9248903508771931 0.4536732456140351 0.01882309941520468 0.06332236842105263
0 0.9081688596491229 0.4856085526315789 0.01608187134502924 0.05701754385964912
0 0.885188230994152 0.4842379385964912 0.035910087719298246 0.03234649122807018
0 0.9400584795321638 0.4987664473684211 0.034173976608187134 0.03618421052631579
0 0.9224232456140351 0.5002741228070176 0.02887426900584795 0.03536184210526316
0 0.8910818713450293 0.509046052631579 0.022112573099415205 0.04468201754385965
0 0.9574195906432749 0.5356359649122807 0.030519005847953216 0.04906798245614035
0 0.9261695906432749 0.5383771929824561 0.033808479532163746 0.04851973684210526
0 0.10425804093567252 0.44640899122807015 0.029605263157894735 0.046600877192982455
0 0.7415021929824561 0.4473684210526316 0.02010233918128655 0.04742324561403509
0 0.38495979532163743 0.44942434210526316 0.01827485380116959 0.049342105263157895
0 0.5244883040935673 0.45230263157894735 0.014802631578947368 0.04303728070175439
0 0.058479532163742694 0.45230263157894735 0.016264619883040937 0.0424890350877193
0 0.04861111111111111 0.4902686403508772 0.028691520467836257 0.04331140350877193
0 0.022295321637426903 0.5327576754385965 0.0268640350877193 0.05482456140350877
0 0.1764437134502924 0.45600328947368424 0.016812865497076022 0.04824561403508772
0 0.7214912280701755 0.4638157894736842 0.01882309941520468 0.060581140350877194
0 0.6188779239766081 0.4570997807017544 0.01425438596491228 0.04550438596491228
0 0.766264619883041 0.4620339912280702 0.01516812865497076 0.052083333333333336
0 0.7352887426900585 0.46737938596491224 0.0222953216374269 0.05290570175438596
0 0.7564875730994152 0.46710526315789475 0.02046783625730994 0.04413377192982456
0 0.6041666666666666 0.4603892543859649 0.014802631578947368 0.041666666666666664
0 0.8441154970760234 0.4664199561403509 0.03453947368421053 0.05263157894736842
0 0.8141447368421053 0.4824561403508772 0.03453947368421053 0.033717105263157895
0 0.4992690058479532 0.4616228070175439 0.034173976608187134 0.0424890350877193
0 0.5026498538011697 0.47149122807017546 0.03070175438596491 0.03919956140350877
0 0.5589364035087719 0.46970942982456143 0.02046783625730994 0.047697368421052634
0 0.5474232456140351 0.469983552631579 0.014619883040935672 0.043859649122807015
0 0.09667397660818713 0.5304276315789473 0.02722953216374269 0.05180921052631579
0 0.07291666666666667 0.5368695175438597 0.012975146198830409 0.05482456140350877
0 0.04093567251461988 0.5375548245614035 0.017361111111111112 0.04358552631578947
0 0.05436769005847954 0.5445449561403508 0.025584795321637425 0.043859649122807015
0 0.030062134502923978 0.5526315789473684 0.013888888888888888 0.036458333333333336
0 0.07648026315789473 0.5659265350877193 0.01644736842105263 0.048793859649122806
0 0.034813596491228074 0.5956688596491229 0.021198830409356724 0.06661184210526316
0 0.7925804093567251 0.4694353070175439 0.014802631578947368 0.043859649122807015
0 0.5358187134502924 0.4739583333333333 0.010416666666666666 0.04742324561403509
0 0.5517635233918129 0.5049342105263158 0.03188961988304093 0.027138157894736843
0 0.32300804093567254 0.4746436403508772 0.019371345029239765 0.04276315789473684
0 0.31240862573099415 0.4810855263157895 0.016812865497076022 0.05071271929824561
0 0.17991593567251463 0.4769736842105263 0.027777777777777776 0.04413377192982456
0 0.1608187134502924 0.5027412280701754 0.03125 0.033717105263157895
0 0.8860562865497076 0.46847587719298245 0.03252923976608187 0.021655701754385966
0 0.028782894736842105 0.4817708333333333 0.020833333333333332 0.046600877192982455
0 0.24223318713450293 0.47546600877192985 0.027412280701754384 0.03234649122807018
0 0.6854897660818714 0.4975328947368421 0.017726608187134504 0.046875
0 0.6663011695906433 0.4965049342105263 0.0268640350877193 0.03522478070175439
0 0.13614766081871346 0.48601973684210525 0.02503654970760234 0.04632675438596491
0 0.6368786549707602 0.4909196820175439 0.011513157894736841 0.04310581140350877
0 0.2694627192982456 0.48793859649122806 0.027412280701754384 0.03755482456140351
0 0.2753106725146199 0.5243969298245614 0.019005847953216373 0.04961622807017544
0 0.2881944444444444 0.5241228070175439 0.01918859649122807 0.04906798245614035
0 0.7762244152046783 0.49766995614035087 0.015350877192982455 0.05756578947368421
0 0.7886513157894737 0.5213815789473684 0.02010233918128655 0.07099780701754387
0 0.8063779239766082 0.544407894736842 0.025584795321637425 0.06880482456140351
0 0.1028874269005848 0.4887609649122807 0.05500730994152047 0.03700657894736842
0 0.6133040935672515 0.4998629385964912 0.01516812865497076 0.0537280701754386
0 0.2526955409356725 0.5123355263157895 0.019828216374269007 0.078125
0 0.26032529239766083 0.5193256578947368 0.01206140350877193 0.06359649122807018
0 0.6002375730994152 0.5027412280701754 0.015716374269005847 0.05235745614035088
0 0.7215140716374269 0.49643640350877194 0.01987390350877193 0.03919956140350877
0 0.9752375730994152 0.49122807017543857 0.038011695906432746 0.02549342105263158
0 0.7369334795321637 0.5100054824561404 0.014619883040935672 0.06195175438596491
0 0.7600511695906433 0.5148026315789473 0.017726608187134504 0.061677631578947366
0 0.7516447368421052 0.5302905701754387 0.02101608187134503 0.05701754385964912
0 0.4868421052631579 0.5089089912280702 0.019554093567251463 0.05701754385964912
0 0.4788468567251462 0.5542077850877193 0.03664108187134503 0.04454495614035088
0 0.8210891812865496 0.506578947368421 0.020650584795321638 0.05071271929824561
0 0.8384502923976608 0.5068530701754386 0.028326023391812866 0.046875
0 0.3273940058479532 0.5120614035087719 0.029239766081871343 0.04906798245614035
0 0.3456688596491228 0.5405701754385964 0.01827485380116959 0.06770833333333333
0 0.3354349415204679 0.5294682017543859 0.020833333333333332 0.05921052631578947
0 0.6578718932748538 0.5049342105263158 0.025082236842105265 0.035910087719298246
0 0.6561586257309941 0.5327576754385964 0.0266812865497076 0.05317982456140351
0 0.6495796783625731 0.5592105263157894 0.02448830409356725 0.04303728070175439
0 0.5887244152046783 0.5142543859649122 0.015716374269005847 0.04851973684210526
0 0.5783991228070176 0.5279605263157895 0.023940058479532164 0.04632675438596491
0 0.8523391812865497 0.5164473684210527 0.03234649122807018 0.04468201754385965
0 0.8542580409356726 0.5393366228070176 0.0266812865497076 0.043859649122807015
0 0.8352521929824561 0.5570175438596491 0.017178362573099414 0.04358552631578947
0 0.018548976608187134 0.5183662280701754 0.015716374269005847 0.04577850877192982
0 0.9854714912280701 0.5137061403508771 0.02850877192982456 0.031524122807017545
0 0.9880299707602339 0.5337171052631579 0.023391812865497075 0.023848684210526317
0 0.9656432748538012 0.5239857456140351 0.02320906432748538 0.05043859649122807
0 0.24698464912280702 0.5341282894736843 0.015716374269005847 0.049342105263157895
0 0.4700063961988304 0.5293311403508771 0.021701388888888888 0.060032894736842105
0 0.1251827485380117 0.5142543859649124 0.03453947368421053 0.024945175438596492
0 0.10389254385964912 0.5501644736842105 0.01644736842105263 0.060581140350877194
0 0.08963815789473684 0.5792214912280701 0.017543859649122806 0.060581140350877194
0 0.10169956140350876 0.5941611842105262 0.025950292397660817 0.051535087719298246
0 0.16200657894736842 0.5253563596491229 0.029239766081871343 0.03125
0 0.3902595029239766 0.5379660087719299 0.019371345029239765 0.05701754385964912
0 0.8691520467836258 0.5411184210526315 0.018092105263157895 0.061677631578947366
0 0.5459612573099416 0.5208333333333334 0.033625730994152045 0.019462719298245616
0 0.674890350877193 0.534265350877193 0.01699561403508772 0.04577850877192982
0 0.7266081871345029 0.5294682017543859 0.015533625730994151 0.03618421052631579
0 0.37408625730994155 0.5387883771929824 0.016264619883040937 0.054276315789473686
0 0.40350877192982454 0.5370065789473684 0.018092105263157895 0.05071271929824561
0 0.4090369152046784 0.5798382675438597 0.020376461988304093 0.057702850877192985
0 0.9023209064327485 0.5457785087719298 0.020833333333333332 0.062225877192982455
0 0.88578216374269 0.5494791666666666 0.017361111111111112 0.06085526315789474
0 0.3568165204678363 0.5394736842105263 0.012792397660818713 0.04742324561403509
0 0.1297514619883041 0.5304276315789475 0.02942251461988304 0.026589912280701754
0 0.1892361111111111 0.5297423245614035 0.03252923976608187 0.023574561403508772
0 0.6904239766081871 0.5400219298245613 0.022478070175438597 0.04413377192982456
0 0.7015716374269007 0.5441337719298245 0.02503654970760234 0.05180921052631579
0 0.1545138888888889 0.5457785087719298 0.02010233918128655 0.05235745614035088
0 0.22971491228070176 0.5412554824561404 0.025767543859649123 0.0400219298245614
0 0.5467836257309941 0.5474232456140351 0.01663011695906433 0.05016447368421053
0 0.5616776315789473 0.5537280701754386 0.02010233918128655 0.0512609649122807
0 0.5963998538011696 0.5557839912280702 0.01425438596491228 0.0537280701754386
0 0.6088267543859649 0.5714089912280702 0.01425438596491228 0.0625
0 0.11787280701754387 0.5582510964912281 0.015899122807017545 0.05263157894736842
0 0.12822094298245615 0.5714432565789473 0.017132675438596492 0.06859923245614036
0 0.32474415204678364 0.5604440789473684 0.012975146198830409 0.054276315789473686
0 0.7684576023391813 0.5605811403508771 0.02503654970760234 0.05455043859649123
0 0.7717470760233919 0.6326754385964912 0.025767543859649123 0.04194078947368421
0 0.7627010233918128 0.6392543859649122 0.029239766081871343 0.046875
0 0.19216008771929824 0.5627741228070176 0.02887426900584795 0.05071271929824561
0 0.7445175438596491 0.5678453947368421 0.02138157894736842 0.05482456140350877
0 0.6373812134502924 0.567297149122807 0.022569444444444444 0.05263157894736842
0 0.16895102339181287 0.5579769736842105 0.008406432748538011 0.03234649122807018
0 0.14208698830409358 0.565515350877193 0.015716374269005847 0.04468201754385965
0 0.9527595029239766 0.5652412280701755 0.03070175438596491 0.04303728070175439
0 0.9906341374269007 0.5564692982456141 0.01800073099415205 0.024396929824561403
0 0.05226608187134503 0.5655153508771931 0.01882309941520468 0.04194078947368421
0 0.1825657894736842 0.5708607456140351 0.019554093567251463 0.052083333333333336
0 0.4430738304093568 0.5744243421052632 0.03289473684210526 0.05921052631578947
0 0.6793676900584795 0.5668859649122807 0.024853801169590642 0.038651315789473686
0 0.7012061403508771 0.5797697368421052 0.03673245614035088 0.04523026315789474
0 0.7356542397660819 0.5752467105263158 0.02448830409356725 0.0537280701754386
0 0.42141812865497075 0.5741502192982456 0.014802631578947368 0.049890350877192985
0 0.5775767543859649 0.5756578947368421 0.023757309941520467 0.04797149122807018
0 0.5211988304093568 0.5762061403508772 0.026498538011695907 0.04797149122807018
0 0.9839638157894737 0.5744243421052632 0.03134137426900585 0.0400219298245614
0 0.9141995614035088 0.5810032894736842 0.019371345029239765 0.051535087719298246
0 0.7312682748538011 0.5879934210526316 0.027777777777777776 0.057291666666666664
0 0.7275219298245613 0.6143092105263158 0.027595029239766082 0.02549342105263158
0 0.7304459064327485 0.6373355263157895 0.030153508771929825 0.05016447368421053
0 0.31012426900584794 0.5818256578947368 0.01882309941520468 0.042214912280701754
0 0.628015350877193 0.5851151315789473 0.017178362573099414 0.044956140350877194
0 0.4786184210526316 0.5827850877192983 0.036366959064327485 0.03700657894736842
0 0.8312317251461988 0.5905975877192983 0.019736842105263157 0.05043859649122807
0 0.8326937134502924 0.6271929824561403 0.021198830409356724 0.055098684210526314
0 0.8495065789473684 0.6432291666666666 0.015350877192982455 0.05537280701754386
0 0.8308662280701754 0.6500822368421053 0.027777777777777776 0.05482456140350877
0 0.8441154970760234 0.5905975877192983 0.01918859649122807 0.05043859649122807
0 0.8691520467836258 0.5859375 0.03234649122807018 0.0400219298245614
0 0.269234283625731 0.5936129385964912 0.022203947368421052 0.07072368421052631
0 0.27658991228070173 0.6137609649122807 0.013888888888888888 0.046875
0 0.6715095029239766 0.591282894736842 0.013157894736842105 0.04468201754385965
0 0.38061951754385964 0.584703947368421 0.036275584795321635 0.029331140350877194
0 0.4936951754385965 0.5905975877192983 0.019736842105263157 0.0400219298245614
0 0.7988852339181287 0.5918311403508771 0.025219298245614034 0.04303728070175439
0 0.5903691520467836 0.5993695175438597 0.016812865497076022 0.054276315789473686
0 0.25374634502923976 0.583470394736842 0.02046783625730994 0.020833333333333332
0 0.9546783625730995 0.5929276315789473 0.02722953216374269 0.03974780701754386
0 0.9031432748538011 0.6097861842105263 0.019554093567251463 0.06524122807017543
0 0.8883406432748538 0.615953947368421 0.016264619883040937 0.060581140350877194
0 0.8824013157894737 0.6651589912280702 0.01864035087719298 0.04057017543859649
0 0.9763340643274854 0.5904605263157895 0.024853801169590642 0.02549342105263158
0 0.4624451754385965 0.6041666666666666 0.02266081871345029 0.05235745614035088
0 0.6873172514619883 0.6067708333333334 0.020285087719298246 0.05537280701754386
0 0.016721491228070175 0.6044407894736842 0.017543859649122806 0.04851973684210526
0 0.6544225146198831 0.5942982456140351 0.02503654970760234 0.02549342105263158
0 0.8148757309941521 0.6066337719298246 0.019554093567251463 0.05016447368421053
0 0.814967105263158 0.6487116228070176 0.017543859649122806 0.03782894736842105
0 0.5253106725146199 0.6048519736842105 0.025584795321637425 0.043859649122807015
0 0.36275584795321636 0.6144462719298246 0.018092105263157895 0.0581140350877193
0 0.15442251461988304 0.6145833333333333 0.022478070175438597 0.05290570175438596
0 0.6023391812865496 0.6151315789473684 0.012975146198830409 0.05345394736842105
0 0.8710709064327485 0.6149945175438596 0.019736842105263157 0.05098684210526316
0 0.860014619883041 0.6281524122807017 0.01663011695906433 0.07182017543859649
0 0.8720760233918129 0.6546052631578948 0.014437134502923976 0.04851973684210526
0 0.5730080409356725 0.6210252192982456 0.0222953216374269 0.05921052631578947
0 0.06789108187134503 0.6025219298245614 0.02887426900584795 0.021655701754385966
0 0.32638888888888884 0.6143092105263157 0.014071637426900584 0.04468201754385965
0 0.2872807017543859 0.6232182017543859 0.017726608187134504 0.06140350877192982
0 0.3083653143274854 0.6152686403508771 0.02745796783625731 0.044956140350877194
0 0.2993421052631579 0.6355537280701755 0.020650584795321638 0.06578947368421052
0 0.31286549707602335 0.6463815789473685 0.013706140350877192 0.04084429824561404
0 0.3190789473684211 0.6732456140350878 0.01699561403508772 0.0644188596491228
0 0.30254020467836257 0.6663925438596491 0.014985380116959063 0.04413377192982456
0 0.3014437134502924 0.6999725877192982 0.028143274853801168 0.05098684210526316
0 0.6150402046783625 0.6199287280701754 0.02010233918128655 0.054276315789473686
0 0.05025584795321637 0.6195175438596491 0.014802631578947368 0.05345394736842105
0 0.7101608187134503 0.6218475877192983 0.019554093567251463 0.05263157894736842
0 0.9874817251461988 0.6091008771929824 0.02448830409356725 0.024945175438596492
0 0.9961165935672515 0.631030701754386 0.007401315789473684 0.05838815789473684
0 0.9894005847953217 0.6477521929824561 0.014802631578947368 0.04851973684210526
0 0.953673245614035 0.6271929824561403 0.027777777777777776 0.062225877192982455
0 0.9435307017543859 0.622532894736842 0.022478070175438597 0.04303728070175439
0 0.9361293859649122 0.653234649122807 0.012792397660818713 0.046875
0 0.9480080409356725 0.6537828947368421 0.014619883040935672 0.04084429824561404
0 0.9223318713450293 0.6604989035087719 0.018092105263157895 0.052083333333333336
0 0.35110562865497075 0.6243146929824561 0.026041666666666668 0.05482456140350877
0 0.4458150584795322 0.6248629385964912 0.02448830409356725 0.0537280701754386
0 0.6440058479532164 0.6314418859649122 0.020285087719298246 0.06743421052631579
0 0.8009868421052632 0.619654605263158 0.020285087719298246 0.042214912280701754
0 0.7823464912280701 0.6677631578947368 0.027595029239766082 0.08141447368421052
0 0.21372441520467836 0.625548245614035 0.009868421052631578 0.0512609649122807
0 0.5596673976608187 0.6288377192982456 0.021929824561403508 0.057839912280701754
0 0.22706505847953215 0.6245888157894737 0.017543859649122806 0.04824561403508772
0 0.6617324561403509 0.6285635964912281 0.015533625730994151 0.0512609649122807
0 0.6251827485380117 0.6255482456140351 0.017361111111111112 0.04468201754385965
0 0.13075657894736842 0.6129385964912281 0.02412280701754386 0.01781798245614035
0 0.11641081871345028 0.6318530701754386 0.02503654970760234 0.05071271929824561
0 0.1290204678362573 0.6363760964912281 0.022112573099415205 0.03179824561403509
0 0.40405701754385964 0.6261650219298246 0.027960526315789474 0.038788377192982455
0 0.9145650584795322 0.6363760964912281 0.023391812865497075 0.05537280701754386
0 0.4580592105263158 0.6288377192982456 0.013523391812865496 0.03755482456140351
0 0.19407894736842107 0.6282894736842105 0.030153508771929825 0.033168859649122806
0 0.1978252923976608 0.6573464912280702 0.023026315789473683 0.06112938596491228
0 0.07949561403508772 0.6378837719298245 0.02540204678362573 0.05071271929824561
0 0.09502923976608188 0.640625 0.018092105263157895 0.04577850877192982
0 0.8945540935672515 0.6324013157894737 0.010782163742690058 0.03755482456140351
0 0.005208333333333333 0.6371984649122807 0.01023391812865497 0.03289473684210526
0 0.5278691520467836 0.6385690789473684 0.02412280701754386 0.046600877192982455
0 0.4366776315789474 0.6387061403508771 0.02010233918128655 0.04577850877192982
0 0.975968567251462 0.6399396929824561 0.02010233918128655 0.04550438596491228
0 0.48638523391812866 0.6387061403508772 0.025950292397660817 0.04139254385964912
0 0.3456688596491228 0.6378837719298246 0.024853801169590642 0.034265350877192985
0 0.7410453216374269 0.6414473684210527 0.01663011695906433 0.038651315789473686
0 0.054733187134502925 0.6507675438596492 0.02631578947368421 0.0556469298245614
0 0.5952119883040935 0.643640350877193 0.028691520467836257 0.04084429824561404
0 0.17233187134502925 0.6402138157894737 0.015899122807017545 0.03125
0 0.16867690058479531 0.6600877192982456 0.017726608187134504 0.05016447368421053
0 0.1701388888888889 0.6854440789473685 0.029788011695906433 0.05537280701754386
0 0.16383406432748537 0.7024396929824561 0.02850877192982456 0.04824561403508772
0 0.46902412280701755 0.6476151315789473 0.010964912280701754 0.0400219298245614
0 0.6325840643274854 0.6500822368421052 0.014985380116959063 0.044956140350877194
0 0.8044590643274854 0.6596765350877193 0.017361111111111112 0.05263157894736842
0 0.3361659356725146 0.6528234649122807 0.025219298245614034 0.03728070175438596
0 0.33602887426900585 0.690172697368421 0.01836622807017544 0.062088815789473686
0 0.32611476608187134 0.694764254385965 0.013888888888888888 0.042214912280701754
0 0.030427631578947366 0.6606359649122807 0.023026315789473683 0.05235745614035088
0 0.18594663742690057 0.6592653508771931 0.016812865497076022 0.04906798245614035
0 0.11558845029239766 0.657483552631579 0.025950292397660817 0.039473684210526314
0 0.1423611111111111 0.661047149122807 0.03527046783625731 0.03179824561403509
0 0.2588633040935673 0.6600877192982456 0.01644736842105263 0.0424890350877193
0 0.3727156432748538 0.6573464912280701 0.021929824561403508 0.029331140350877194
0 0.21747076023391812 0.6595394736842105 0.01882309941520468 0.03262061403508772
0 0.015716374269005847 0.6735197368421053 0.016264619883040937 0.05674342105263158
0 0.5815972222222223 0.6646107456140351 0.0266812865497076 0.03508771929824561
0 0.3916301169590643 0.6722861842105263 0.01918859649122807 0.047697368421052634
0 0.2775950292397661 0.6769462719298246 0.02540204678362573 0.0537280701754386
0 0.3828581871345029 0.672423245614035 0.014802631578947368 0.04358552631578947
0 0.2203033625730994 0.6829769736842105 0.02046783625730994 0.06304824561403509
0 0.3639437134502924 0.6714638157894737 0.029239766081871343 0.03125
0 0.1451937134502924 0.6873629385964912 0.019736842105263157 0.0537280701754386
0 0.1981907894736842 0.6861293859649122 0.021198830409356724 0.046875
0 0.06094663742690058 0.6946271929824561 0.019005847953216373 0.05400219298245614
0 0.07346491228070176 0.7025767543859649 0.015899122807017545 0.04961622807017544
0 0.08506944444444445 0.709703947368421 0.013888888888888888 0.055098684210526314
0 0.23081140350877194 0.6914747807017544 0.020285087719298246 0.0537280701754386
0 0.3983004385964912 0.6873629385964912 0.02448830409356725 0.039473684210526314
0 0.6954495614035087 0.7049067982456141 0.019736842105263157 0.07072368421052631
0 0.10307017543859649 0.6925712719298246 0.024671052631578948 0.04550438596491228
0 0.3524305555555556 0.6881853070175439 0.023391812865497075 0.03125
0 0.3618421052631579 0.6873629385964912 0.023940058479532164 0.023574561403508772
0 0.006167763157894737 0.6952439692982456 0.011970029239766082 0.04838267543859649
0 0.2431469298245614 0.7049067982456141 0.017909356725146198 0.06359649122807018
0 0.12737573099415206 0.692297149122807 0.023940058479532164 0.03728070175438596
0 0.20056652046783627 0.7010690789473684 0.019736842105263157 0.046600877192982455
0 0.09274488304093567 0.6999725877192983 0.017909356725146198 0.04111842105263158
0 0.018366228070175437 0.7224506578947368 0.03654970760233918 0.02905701754385965
0 0.28015350877192985 0.7358826754385965 0.015899122807017545 0.054276315789473686
0 0.5386513157894737 0.8199013157894737 0.009137426900584795 0.024945175438596492
0 0.49104532163742687 0.8470394736842105 0.01114766081871345 0.015625
0 0.3430190058479532 0.9152960526315789 0.018457602339181287 0.0200109649122807
0 0.8898940058479532 0.9157072368421053 0.009868421052631578 0.018092105263157895
0 0.8802083333333333 0.9199561403508771 0.019736842105263157 0.023300438596491228
0 0.5792214912280702 0.9557291666666666 0.03179824561403509 0.027412280701754384
0 0.005482456140350877 0.5349506578947368 0.010782163742690058 0.04742324561403509
0 0.006304824561403508 0.50390625 0.012426900584795321 0.03686951754385965
0 0.05313413742690058 0.5175095942982456 0.032072368421052634 0.022135416666666668
0 0.08027229532163743 0.5021587171052632 0.03993055555555555 0.02652138157894737
0 0.09288194444444445 0.5204564144736842 0.027320906432748537 0.0395422149122807
0 0.07241410818713451 0.47632264254385964 0.03298611111111111 0.06147203947368421
0 0.08018092105263158 0.420641447368421 0.015899122807017545 0.049890350877192985
0 0.09475511695906433 0.4192708333333333 0.017909356725146198 0.057839912280701754
0 0.001964546783625731 0.43201754385964913 0.003929093567251462 0.023574561403508772
0 0.15174981725146197 0.45028097587719296 0.019234283625730993 0.06133497807017544
0 0.15746162280701756 0.4667146381578947 0.020376461988304093 0.04354440789473682
0 0.2362938596491228 0.5242941337719298 0.014894005847953216 0.053933662280701754
0 0.22768183479532164 0.5149054276315789 0.031295687134502925 0.051055372807017545
0 0.2143640350877193 0.5456757127192983 0.016264619883040937 0.04899945175438596
0 0.2159859283625731 0.3047560307017544 0.025447733918128657 0.050027412280701754
0 0.2294407894736842 0.3143503289473684 0.04148391812865497 0.02837171052631579
0 0.2414108187134503 0.6340296052631579 0.017909356725146198 0.05430921052631576
0 0.2056377923976608 0.5665433114035088 0.02677266081871345 0.05084978070175439
0 0.22752101608187136 0.5814035087719299 0.025403874269005845 0.04141447368421051
0 0.24625365497076024 0.609701206140351 0.03010964912280706 0.029709429824561432
0 0.49785270467836257 0.6152001096491228 0.02055921052631579 0.044407894736842105
0 0.48 0.610249451754386 0.027616959064327467 0.03848135964912284
0 0.34534904970760233 0.45792214912280704 0.02448830409356725 0.04851973684210526
0 0.34985654239766084 0.49778371710526315 0.033839546783625746 0.0473547149122807
0 0.5001370614035088 0.5034950657894737 0.01471125730994152 0.051672149122807015
0 0.514232456140351 0.47439555921052634 0.019510233918128696 0.04860471491228069
0 0.5229806286549707 0.5067160087719298 0.022934941520467836 0.05646929824561404
0 0.5182693713450292 0.4993873355263158 0.023026315789473683 0.05475603070175439
0 0.6268960160818713 0.49463678728070176 0.019782529239766082 0.0595531798245614
0 0.6296144005847953 0.4602521929824561 0.010782163742690058 0.01864035087719298
0 0.664359466374269 0.4822848135964912 0.028188961988304093 0.032552083333333336
0 0.7042443347953217 0.5055167214912281 0.02261513157894737 0.05996436403508772
0 0.6968887061403508 0.4741296600877193 0.03741776315789474 0.030633223684210526
0 0.7152777777777777 0.5142201206140351 0.011787280701754386 0.05475603070175439
0 0.7692799707602339 0.6109512061403509 0.02320906432748538 0.04838267543859649
0 0.7792854532163743 0.5880619517543859 0.017269736842105265 0.05139802631578947
0 0.8586915204678363 0.1810032894736842 0.020833333333333332 0.05290570175438596
0 0.8683296783625731 0.18181195175438594 0.01699561403508772 0.053865131578947366
