0 0.5959429824561403 0.6445997807017544 0.019736842105263157 0.029331140350877194
0 0.6402595029239766 0.5049342105263157 0.021747076023391813 0.027412280701754384
0 0.3782958698830409 0.5156592653508771 0.01828764619883044 0.02515076754385965
0 0.7312682748538011 0.5870339912280701 0.02101608187134503 0.021107456140350877
0 0.12563961988304095 0.5478344298245613 0.030153508771929825 0.02055921052631579
0 0.2838084795321637 0.6100726425438596 0.013888888888888888 0.02272752192982452
0 0.45650584795321636 0.563733552631579 0.009868421052631578 0.023300438596491228
0 0.36065423976608185 0.4570997807017544 0.011878654970760233 0.016721491228070175
0 0.613486842105263 0.5471491228070176 0.01206140350877193 0.020833333333333332
0 0.4310124269005848 0.5805921052631579 0.022478070175438597 0.029605263157894735
0 0.4606176900584795 0.4362664473684211 0.012609649122807017 0.017269736842105265
0 0.7841739766081871 0.4518914473684211 0.013888888888888888 0.017269736842105265
0 0.40533625730994155 0.45463267543859653 0.012792397660818713 0.028782894736842105
0 0.7135416666666666 0.4901315789473684 0.02138157894736842 0.01699561403508772
0 0.7172880116959065 0.4538103070175439 0.010599415204678362 0.0200109649122807
0 0.5471491228070176 0.4458607456140351 0.012792397660818713 0.018914473684210526
0 0.4870248538011696 0.4756030701754386 0.017178362573099414 0.024671052631578948
0 0.7085160818713451 0.4529879385964912 0.010599415204678362 0.018914473684210526
0 0.315515350877193 0.4277686403508772 0.020285087719298246 0.016721491228070175
0 0.188687865497076 0.579906798245614 0.01882309941520468 0.028782894736842105
0 0.5880847953216375 0.42735745614035087 0.01864035087719298 0.019736842105263157
0 0.4826388888888889 0.5626370614035088 0.027412280701754384 0.01836622807017544
0 0.433296783625731 0.4399671052631579 0.012792397660818713 0.01864035087719298
0 0.7324561403508771 0.6287006578947368 0.023391812865497075 0.02549342105263158
0 0.6270102339181287 0.6004660087719298 0.017178362573099414 0.035910087719298246
0 0.24223318713450293 0.5322094298245613 0.0133406432748538 0.02055921052631579
0 0.6481176900584795 0.5611293859649124 0.01663011695906433 0.01864035087719298
0 0.6195175438596491 0.4517543859649123 0.01206140350877193 0.023574561403508772
0 0.2982456140350877 0.5121984649122807 0.019005847953216373 0.02823464912280702
0 0.6798245614035088 0.6101973684210525 0.021198830409356724 0.027960526315789474
0 0.5902777777777778 0.46313048245614036 0.011330409356725146 0.024396929824561403
0 0.4954312865497076 0.5252192982456141 0.011695906432748537 0.02631578947368421
0 0.44873903508771934 0.5944353070175439 0.01663011695906433 0.021655701754385966
0 0.3036366959064328 0.522203947368421 0.015533625730994151 0.02412280701754386
0 0.7708333333333333 0.5893640350877193 0.01206140350877193 0.023026315789473683
0 0.7508077485380117 0.48963815789473686 0.011542397660818687 0.02203947368421055
0 0.6501279239766081 0.46463815789473684 0.02101608187134503 0.01699561403508772
0 0.7864583333333334 0.5620888157894737 0.02284356725146199 0.01781798245614035
0 0.6599963450292398 0.4799890350877193 0.01516812865497076 0.027412280701754384
0 0.7836257309941521 0.4350328947368421 0.010599415204678362 0.023026315789473683
0 0.7683863304093568 0.4740953947368421 0.013015350877193028 0.023848684210526317
0 0.7599597953216375 0.5864857456140351 0.010782163742690058 0.02275219298245614
0 0.7478070175438596 0.5337171052631579 0.013523391812865496 0.029605263157894735
0 0.7991483918128656 0.4505208333333333 0.019714912280701775 0.01781798245614035
0 0.49990862573099415 0.46038925438596495 0.018457602339181287 0.01343201754385965
0 0.9910453216374269 0.7616502192982456 0.01425438596491228 0.017269736842105265
0 0.545342653508772 0.534265350877193 0.014212353801169588 0.024671052631578948
0 0.6046235380116959 0.5753837719298246 0.016264619883040937 0.02631578947368421
0 0.4924159356725146 0.4438048245614035 0.022112573099415205 0.015350877192982455
0 0.7583150584795322 0.5119243421052632 0.015899122807017545 0.019462719298245616
0 0.49077119883040937 0.6071820175438596 0.027595029239766082 0.02138157894736842
0 0.6326754385964912 0.552905701754386 0.01644736842105263 0.01864035087719298
0 0.4142909356725146 0.6006030701754386 0.019736842105263157 0.03234649122807018
0 0.4194078947368421 0.6835252192982456 0.01644736842105263 0.013980263157894737
0 0.6269188596491228 0.44956140350877194 0.014802631578947368 0.02138157894736842
0 0.772203947368421 0.6241776315789473 0.02138157894736842 0.029605263157894735
0 0.7102521929824561 0.5475603070175439 0.019554093567251463 0.01836622807017544
0 0.6547880116959065 0.5799067982456141 0.024853801169590642 0.026041666666666668
0 0.30673519736842103 0.5643064692982456 0.019205043859649107 0.02609100877192978
0 0.7292580409356726 0.47615131578947373 0.02722953216374269 0.024671052631578948
0 0.3416483918128655 0.5021929824561403 0.011513157894736841 0.02412280701754386
0 0.7972404970760234 0.43887061403508776 0.015533625730994151 0.013157894736842105
0 0.5045687134502924 0.6185581140350878 0.019371345029239765 0.030975877192982455
0 0.6203399122807017 0.4701206140350877 0.020650584795321638 0.015350877192982455
0 0.2156432748538012 0.49890350877192985 0.01644736842105263 0.020833333333333332
0 0.7507309941520468 0.5760690789473684 0.013888888888888888 0.02823464912280702
0 0.7733918128654971 0.4246162280701754 0.01206140350877193 0.013706140350877192
0 0.7915752923976608 0.5947094298245614 0.030519005847953216 0.026041666666666668
0 0.2076937134502924 0.6255482456140351 0.017361111111111112 0.03782894736842105
0 0.5435855263157895 0.6170504385964912 0.02503654970760234 0.02412280701754386
0 0.1911549707602339 0.5128837719298246 0.013157894736842105 0.011513157894736841
0 0.6101973684210525 0.5683936403508772 0.019736842105263157 0.01781798245614035
0 0.7359283625730993 0.462171052631579 0.014619883040935672 0.017543859649122806
0 0.21710526315789472 0.5501644736842105 0.02850877192982456 0.015350877192982455
0 0.6416301169590644 0.4272203947368421 0.015350877192982455 0.01069078947368421
0 0.4737755847953216 0.5132949561403508 0.011878654970760233 0.02768640350877193
0 0.6666666666666666 0.4584703947368421 0.01425438596491228 0.0200109649122807
0 0.3307748538011696 0.49751233552631574 0.011330409356725146 0.024712171052631605
0 0.6457419590643275 0.6092379385964912 0.016264619883040937 0.034265350877192985
0 0.5334429824561403 0.4336622807017544 0.013157894736842105 0.01699561403508772
0 0.2933114035087719 0.48464912280701755 0.013888888888888888 0.022478070175438597
0 0.77640716374269 0.5326206140350878 0.013706140350877192 0.024671052631578948
0 0.5435855263157895 0.5651041666666667 0.013706140350877192 0.024945175438596492
0 0.7039473684210527 0.463952850877193 0.017178362573099414 0.01617324561403509
0 0.8451206140350876 0.5893640350877193 0.019919590643274854 0.019736842105263157
0 0.5891812865497077 0.5134320175438596 0.011695906432748537 0.022478070175438597
0 0.5229349415204679 0.5711759868421052 0.02722953216374269 0.021025219298245627
0 0.6098318713450293 0.4584703947368421 0.013523391812865496 0.021655701754385966
0 0.8363486842105263 0.4376370614035088 0.01918859649122807 0.015625
0 0.32456140350877194 0.43914473684210525 0.02010233918128655 0.014802631578947368
0 0.7447002923976609 0.46518640350877194 0.009502923976608187 0.01864035087719298
0 0.6754385964912281 0.4771107456140351 0.013157894736842105 0.024396929824561403
0 0.5369152046783625 0.557154605263158 0.013888888888888888 0.018914473684210526
0 0.4652777777777778 0.5578399122807018 0.011695906432748537 0.02631578947368421
0 0.14647295321637427 0.6089638157894737 0.028691520467836257 0.024396929824561403
0 0.7592288011695906 0.4198190789473684 0.014437134502923976 0.015625
0 0.7088815789473684 0.43777412280701755 0.021929824561403508 0.011513157894736841
0 0.7588633040935673 0.5430372807017543 0.015533625730994151 0.027412280701754384
0 0.24971034356725147 0.4968421052631579 0.02324013157894738 0.025482456140350888
0 0.58296783625731 0.5493421052631579 0.015350877192982455 0.02138157894736842
0 0.3119517543859649 0.4865679824561403 0.01644736842105263 0.021929824561403508
0 0.23866959064327484 0.5770285087719298 0.01864035087719298 0.03125
0 0.46938961988304095 0.6217105263157895 0.017361111111111112 0.03837719298245614
0 0.06277412280701754 0.6029331140350878 0.026133040935672515 0.032072368421052634
0 0.7195723684210527 0.581140350877193 0.015533625730994151 0.023574561403508772
0 0.5526315789473685 0.5141173245614036 0.01608187134502924 0.026589912280701754
0 0.6629203216374269 0.6192434210526316 0.014437134502923976 0.03344298245614035
0 0.30409356725146197 0.5990953947368421 0.017543859649122806 0.027138157894736843
0 0.6936220760233919 0.610608552631579 0.01699561403508772 0.023848684210526317
0 0.22057748538011696 0.5756578947368421 0.029970760233918127 0.01864035087719298
0 0.35718201754385964 0.44366776315789475 0.023574561403508772 0.011787280701754386
0 0.754203216374269 0.4635416666666667 0.01023391812865497 0.027412280701754384
0 0.8021747076023392 0.4614857456140351 0.017361111111111112 0.017269736842105265
0 0.8015396564327486 0.5025342653508772 0.029614400584795354 0.012475328947368419
0 0.48565423976608185 0.5087719298245614 0.017726608187134504 0.01918859649122807
0 0.53125 0.5504385964912281 0.015350877192982455 0.02138157894736842
0 0.4485562865497076 0.44832785087719296 0.014802631578947368 0.02275219298245614
0 0.06716008771929824 0.5810032894736842 0.022112573099415205 0.03755482456140351
0 0.18375365497076024 0.5504262609649123 0.031615497076023395 0.01587445175438599
0 0.2435124269005848 0.5571546052631579 0.017726608187134504 0.03042763157894737
0 0.6795504385964912 0.4598410087719298 0.015899122807017545 0.02275219298245614
0 0.3344298245614035 0.5149396929824562 0.019371345029239765 0.01069078947368421
0 0.14318347953216373 0.543859649122807 0.012975146198830409 0.021929824561403508
0 0.442891081871345 0.4340734649122807 0.011878654970760233 0.0200109649122807
0 0.3765826023391813 0.4656921600877193 0.02278508771929826 0.016910635964912296
0 0.44846491228070173 0.39706688596491224 0.01864035087719298 0.014528508771929825
0 0.471125730994152 0.4745065789473684 0.025584795321637425 0.01644736842105263
0 0.5224780701754386 0.6170504385964912 0.02046783625730994 0.023574561403508772
0 0.4483735380116959 0.5487938596491229 0.022478070175438597 0.015899122807017545
0 0.26343201754385964 0.6091091008771929 0.015899122807017545 0.03839364035087718
0 0.4064236111111111 0.4199561403508772 0.017891081871345044 0.011513157894736841
0 0.7959612573099415 0.4265350877192982 0.020285087719298246 0.021929824561403508
0 0.31396198830409355 0.4465460526315789 0.015350877192982455 0.019736842105263157
0 0.41424981725146204 0.43249314692982455 0.012929459064327485 0.022881030701754394
0 0.2557565789473684 0.5615405701754386 0.014071637426900584 0.036458333333333336
0 0.39903143274853803 0.4331140350877193 0.019554093567251463 0.010964912280701754
0 0.14007675438596492 0.6995614035087719 0.020285087719298246 0.015350877192982455
0 0.21774488304093567 0.6066337719298246 0.0133406432748538 0.03892543859649123
0 0.04239766081871345 0.602110745614035 0.02850877192982456 0.0200109649122807
0 0.6841191520467836 0.44695723684210525 0.022112573099415205 0.012883771929824562
0 0.5319809941520468 0.48985745614035087 0.011330409356725146 0.03125
0 0.20074926900584794 0.6004660087719298 0.01663011695906433 0.02768640350877193
0 0.8399122807017544 0.6287006578947368 0.01644736842105263 0.03042763157894737
0 0.7234100877192983 0.42502741228070173 0.0133406432748538 0.01836622807017544
0 0.22971491228070176 0.606359649122807 0.015350877192982455 0.029605263157894735
0 0.4956140350877193 0.5656524122807017 0.003289473684210526 0.006853070175438596
0 0.7111659356725146 0.5013706140350878 0.02503654970760234 0.00932017543859649
0 0.1611842105263158 0.6028275767543859 0.0268640350877193 0.026444627192982403
0 0.18608187134502926 0.605500274122807 0.016355994152046784 0.031790021929824504
0 0.15501644736842105 0.5389048793859649 0.014894005847953216 0.02904879385964913
0 0.16072733918128654 0.5267776864035087 0.023391812865497075 0.013566337719298249
0 0.1687216739766082 0.5321916118421053 0.016171418128654972 0.028500548245614044
0 0.18466648391812865 0.5280797697368421 0.018638523391812867 0.015622258771929827
0 0.1816968201754386 0.5430167214912281 0.033898026315789476 0.014251644736842107
0 0.20508771929824562 0.5126644736842105 0.014528508771929825 0.018223684210526322
0 0.20175255847953216 0.5244490131578948 0.02722953216374269 0.013289473684210532
0 0.22614948830409357 0.5149931469298246 0.03654970760233918 0.012469846491228072
0 0.22893640350877195 0.5013596491228071 0.018183479532163743 0.019183114035087726
0 0.221672149122807 0.5219832785087719 0.026498538011695907 0.013292214912280704
0 0.1917013888888889 0.531780427631579 0.024305555555555556 0.010413925438596493
0 0.2014784356725146 0.5376041666666667 0.017543859649122806 0.01877192982456141
0 0.20709795321637428 0.5402754934210527 0.006304824561403508 0.008220942982456143
0 0.21445358187134503 0.5310951206140351 0.009868421052631578 0.01013980263157895
0 0.22738304093567252 0.5335608552631579 0.01800073099415205 0.015619517543859655
0 0.22286001461988303 0.5408922697368421 0.028691520467836257 0.013840460526315792
0 0.24393823099415202 0.4833415570175439 0.01699561403508772 0.01959429824561404
0 0.2638112207602339 0.5047875548245614 0.014709429824561405 0.03535361842105264
0 0.2368110380116959 0.5528837719298245 0.021564327485380116 0.02110197368421047
0 0.25609009502923974 0.5245189144736843 0.03015168128654971 0.014251644736842107
0 0.2520166301169591 0.5366200657894737 0.01758954678362573 0.012401315789473687
0 0.2614711257309941 0.5409936951754386 0.019349415204678384 0.01942160087719302
0 0.2722560307017544 0.5315515350877194 0.025356359649122806 0.010345394736842107
0 0.28431743421052635 0.5310718201754386 0.02837171052631579 0.012401315789473687
0 0.28066246345029244 0.5235704495614035 0.024899488304093567 0.00657620614035088
0 0.27312408625730994 0.5421038925438597 0.018229166666666668 0.0163733552631579
0 0.28619060672514623 0.5428919956140351 0.02425986842105263 0.017949561403508778
0 0.2849798976608187 0.5523451206140351 0.01836622807017544 0.027129934210526323
0 0.31042763157894737 0.5270641447368422 0.01608187134502924 0.020005482456140356
0 0.3037116228070176 0.5438500548245615 0.019828216374269007 0.015759320175438598
0 0.26999451754385967 0.5604989035087719 0.013614766081871345 0.032609649122806963
0 0.2909877558479532 0.5602590460526315 0.015305190058479532 0.02062225877192983
0 0.3088057383040936 0.5568667763157895 0.020056652046783627 0.02398026315789474
0 0.264375 0.5593708881578947 0.011330409356725146 0.022541118421052574
0 0.26165661549707603 0.5843434758771929 0.02425986842105263 0.014662828947368362
0 0.2805482456140351 0.5790337171052631 0.019279970760233918 0.027475328947368427
0 0.29704130116959065 0.5770353618421052 0.025950292397660817 0.021373355263157964
0 0.31753198099415203 0.5797752192982457 0.014665570175438597 0.01877192982456141
0 0.3165953947368421 0.6042132675438596 0.01882309941520468 0.03558114035087724
0 0.3271491228070176 0.5949177631578947 0.012701023391812866 0.024665570175438602
0 0.2968210891812865 0.6068955592105263 0.019325657894736843 0.02843475877192983
0 0.27770102339181285 0.6024410635964913 0.023300438596491228 0.020896381578947375
0 0.34763980263157895 0.571920230263158 0.034036915204678365 0.01630756578947375
0 0.35415021929824564 0.5852796052631579 0.03545321637426901 0.016990131578947375
0 0.3552923976608187 0.6034361293859649 0.018092105263157895 0.02671875000000007
0 0.3398729897660819 0.6094640899122806 0.025904605263157895 0.03302357456140345
0 0.32000548245614036 0.5569942434210526 0.015625 0.027404057017543868
0 0.32466557017543857 0.5515131578947368 0.015625 0.02110197368421047
0 0.3364464546783626 0.5418969298245614 0.027732090643274854 0.010756578947368424
0 0.3344590643274854 0.5319956140350878 0.030975877192982455 0.017127192982456144
0 0.31979349415204683 0.5321326754385964 0.01663011695906433 0.02178728070175439
0 0.31867415935672516 0.5068859649122807 0.014208698830409356 0.025005482456140357
0 0.33064418859649125 0.5210334429824561 0.024625365497076022 0.016853070175438602
0 0.3548812134502924 0.5313459429824562 0.013888888888888888 0.016650219298245617
0 0.3378855994152047 0.5515570175438597 0.013706140350877192 0.02514254385964913
0 0.3459265350877193 0.5521052631578948 0.010508040935672515 0.026650219298245622
0 0.3565487938596491 0.551454221491228 0.014756944444444444 0.027266995614035096
0 0.2758342470760234 0.49289884868421047 0.0100968567251462 0.025896381578947376
0 0.28172788742690064 0.49276178728070175 0.009548611111111112 0.017129934210526318
0 0.28291575292397664 0.508828125 0.01621893274853801 0.023774671052631584
0 0.29876918859649126 0.4934799890350877 0.012563961988304093 0.022541118421052636
0 0.3237225877192983 0.48508771929824557 0.01699561403508772 0.021376096491228076
0 0.3359895833333334 0.48269051535087715 0.013569078947368422 0.01671875
0 0.3470458698830409 0.48388843201754383 0.010736476608187134 0.022129934210526322
0 0.35305372807017543 0.5053330592105263 0.01516812865497076 0.02363760964912281
0 0.3750813230994152 0.4859909539473684 0.020239400584795363 0.023774671052631584
0 0.3701927997076023 0.5104495614035087 0.013569078947368463 0.028157894736842114
0 0.3941100146198831 0.5049342105263158 0.01343201754385965 0.02740679824561404
0 0.391140350877193 0.4629358552631579 0.012883771929824562 0.01466008771929825
0 0.35107273391812865 0.42930783991228066 0.0133406432748538 0.0197998903508772
0 0.3387052266081871 0.4434553179824562 0.014186769005847973 0.028500548245614044
0 0.3394005847953216 0.4303015350877193 0.011008771929824563 0.01836074561403509
0 0.35918220029239767 0.42985608552631577 0.016584429824561403 0.016921600877192987
0 0.3667891081871345 0.4366049890350877 0.008771929824561403 0.012058662280701756
0 0.3751955409356725 0.43242461622807016 0.011695906432748579 0.015759320175438598
0 0.37811951754385964 0.44253015350877195 0.021564327485380157 0.01843201754385965
0 0.38042671783625737 0.45147066885964915 0.009365862573099416 0.013292214912280704
0 0.3866858552631579 0.42399808114035087 0.015031067251461989 0.013429276315789477
0 0.39315058479532167 0.4273204495614035 0.024396929824561403 0.013495065789473688
0 0.39775858918128654 0.4501685855263158 0.01274671052631579 0.012606907894736844
0 0.40342288011695904 0.4364665570175439 0.013110380116959107 0.019457236842105267
0 0.3903572733918128 0.4465720942982456 0.01539656432748538 0.019936951754385968
0 0.40625548245614035 0.4773684210526316 0.014115497076023435 0.02178728070175439
0 0.4200977704678363 0.4520888157894737 0.017315423976608187 0.021650219298245617
0 0.41952668128654974 0.43591831140350873 0.015807748538011698 0.02398026315789474
0 0.42624269005847953 0.45914473684210527 0.014985380116959063 0.02398026315789474
0 0.4345120614035088 0.4600356359649123 0.012152777777777778 0.02247258771929825
0 0.4077860014619883 0.511876370614035 0.014343932748538055 0.03220120614035089
0 0.41500365497076025 0.4925219298245614 0.012609649122807017 0.01815789473684211
0 0.4192297149122807 0.498140076754386 0.014574195906432748 0.019388706140350882
0 0.42626553362573105 0.5091351425438596 0.017498172514619884 0.0282264254385965
0 0.43421509502923983 0.5074917763157895 0.013477704678362573 0.01753837719298246
0 0.44065698099415207 0.5006743421052632 0.012472587719298246 0.01829495614035088
0 0.45571089181286556 0.49916803728070175 0.02503654970760234 0.017469846491228076
0 0.45406615497076025 0.5047519188596491 0.015350877192982455 0.010962171052631581
0 0.43670504385964914 0.5179742324561404 0.02823464912280702 0.025076754385964916
0 0.4195038377192983 0.5272916666666666 0.017132675438596492 0.014934210526315795
0 0.43972039473684216 0.5249958881578947 0.02421418128654971 0.02007401315789474
0 0.45532255116959064 0.5157812500000001 0.011284722222222222 0.02151315789473685
0 0.46434576023391816 0.5155413925438596 0.011878654970760233 0.026104714912280707
0 0.3985343567251462 0.5302028508771929 0.02325292397660823 0.013086622807017546
0 0.4146619152046784 0.5363363486842104 0.018501461988304137 0.010550986842105266
0 0.41779057017543864 0.5412335526315789 0.021290204678362575 0.013634868421052633
0 0.4324561403508772 0.5432209429824562 0.01251827485380117 0.02171600877192983
0 0.44415204678362574 0.5363349780701754 0.016264619883040937 0.022609649122807024
0 0.36317982456140346 0.5439788925438597 0.014163011695906433 0.015276864035087724
0 0.3681597222222222 0.5423355263157894 0.016173245614035128 0.012949561403508775
0 0.3705354532163743 0.5539131030701754 0.018640350877193023 0.017743969298245617
0 0.3802668128654971 0.5414788925438596 0.019371345029239807 0.022332785087719305
0 0.38627467105263164 0.5392173793859649 0.012107090643274854 0.014799890350877195
0 0.3945668859649123 0.5396299342105263 0.012426900584795321 0.019320175438596498
0 0.3737335526315789 0.5591995614035087 0.027229532163742732 0.020690789473684152
0 0.3895869883040936 0.5534457236842105 0.011970029239766082 0.011644736842105268
0 0.38348501461988305 0.5690666118421053 0.02252923976608191 0.024251644736842114
0 0.3986787280701755 0.5558785635964912 0.00941154970760234 0.016921600877192987
0 0.38595486111111116 0.5808511513157895 0.019142909356725146 0.029322916666666612
0 0.40073464912280704 0.5745833333333333 0.015350877192982455 0.03089912280701755
0 0.40157986111111116 0.5443338815789474 0.011558845029239767 0.017812500000000005
0 0.39335617690058483 0.5917790570175437 0.02398574561403509 0.018432017543859588
0 0.4170531798245614 0.5519613486842105 0.02919407894736842 0.01507401315789474
0 0.4161622807017543 0.5687472587719299 0.013797514619883041 0.02932565789473691
0 0.42836074561403503 0.5637116228070175 0.012244152046783625 0.024868421052631647
0 0.4396673976608187 0.5631976425438596 0.014389619883040978 0.01863760964912281
0 0.44492141812865493 0.5565858004385964 0.02060307017543864 0.018018092105263162
0 0.45664747807017547 0.5878166118421053 0.012015716374269006 0.026581688596491296
0 0.4528709795321637 0.5379742324561403 0.02590277777777782 0.014320175438596493
0 0.4548574561403509 0.5314651864035088 0.02010233918128655 0.011850328947368425
0 0.46979714912280707 0.5301987390350877 0.01745248538011696 0.009180372807017546
0 0.4761019736842105 0.5329029605263158 0.02147295321637427 0.01199013157894737
0 0.467375730994152 0.5456469298245615 0.014802631578947368 0.012401315789473687
0 0.4783406432748538 0.542530153508772 0.01699561403508772 0.020416666666666673
0 0.45555098684210527 0.4826041666666666 0.01228983918128655 0.01959429824561404
0 0.46144462719298246 0.48900904605263157 0.01091922514619883 0.019114583333333338
0 0.47706962719298246 0.4915446820175438 0.02398574561403509 0.02007401315789474
0 0.4956186038011696 0.49829358552631575 0.0188687865497076 0.019871162280701758
0 0.48456231725146204 0.5248766447368421 0.013660453216374269 0.025487938596491233
0 0.5031779970760234 0.5133223684210526 0.018183479532163743 0.02315789473684211
0 0.5104422514619883 0.49961896929824556 0.018457602339181287 0.020416666666666673
0 0.517796966374269 0.49393366228070174 0.023298611111111155 0.019183114035087663
0 0.5066959064327485 0.5272299890350877 0.013706140350877192 0.017815241228070176
0 0.47855263157894734 0.5494284539473684 0.014802631578947368 0.013977521929824564
0 0.4886951754385965 0.5573067434210526 0.015899122807017545 0.012469846491228134
0 0.5076553362573099 0.5623081140350877 0.023848684210526317 0.020553728070175442
0 0.49015716374269 0.5473739035087719 0.010416666666666666 0.020827850877192987
0 0.5072441520467836 0.5479207785087719 0.03399122807017544 0.011510416666666669
0 0.5095741959064327 0.5407277960526315 0.03188961988304093 0.010825109649122809
0 0.5049597953216374 0.5564857456140351 0.02101608187134503 0.017675438596491296
0 0.5204477339181287 0.5535389254385964 0.009959795321637427 0.01452302631578948
0 0.5066191520467835 0.5801672149122806 0.03280336257309942 0.014797149122807022
0 0.5221984649122807 0.5962678179824561 0.026498538011695907 0.016307565789473625
0 0.5283205409356725 0.6093530701754385 0.02540204678362573 0.016441885964912285
0 0.5586111111111111 0.6048314144736842 0.015076754385964912 0.027404057017543806
0 0.556235380116959 0.5646833881578947 0.015625 0.02575932017543854
0 0.5265387426900584 0.5340583881578947 0.027869152046783627 0.02205866228070176
0 0.5336202485380116 0.5304276315789473 0.012426900584795321 0.01452302631578948
0 0.5828252923976608 0.573111293859649 0.02366593567251462 0.022609649122807024
0 0.5788048245614035 0.5967475328947368 0.01745248538011696 0.026581688596491296
0 0.5258552631578948 0.5114802631578947 0.014619883040935672 0.02308662280701755
0 0.5431021564327485 0.49469435307017545 0.011924342105263159 0.02637883771929825
0 0.5460946637426901 0.5204893092105264 0.015807748538011698 0.014936951754385967
0 0.5837847222222222 0.616077302631579 0.014071637426900584 0.026310307017543864
0 0.597125365497076 0.5990858004385965 0.012609649122807017 0.027678179824561347
0 0.6026535087719297 0.6064172149122806 0.012335526315789474 0.02233552631578948
0 0.6112883771929825 0.6035389254385964 0.017909356725146198 0.020416666666666673
0 0.5836933479532164 0.5694915021929825 0.029605263157894735 0.023840460526315735
0 0.6388834064327485 0.5999109100877192 0.017361111111111112 0.036998355263157964
0 0.56234283625731 0.5252549342105263 0.01918859649122807 0.02041666666666661
0 0.5558552631578947 0.5427247807017545 0.01644736842105263 0.020553728070175442
0 0.5648556286549707 0.5630057565789474 0.014163011695906433 0.02987116228070176
0 0.5723483187134503 0.5317626096491228 0.03134137426900585 0.021650219298245555
0 0.5785608552631579 0.5417667214912281 0.03609100877192987 0.014799890350877195
0 0.5739930555555555 0.5529344846491228 0.014163011695906433 0.012195723684210529
0 0.5915816885964913 0.5527960526315789 0.013338815789473728 0.019320175438596557
0 0.5651754385964912 0.5035375548245614 0.017543859649122806 0.03041940789473685
0 0.574861111111111 0.5153207236842106 0.015716374269005847 0.017812500000000005
0 0.5776937134502924 0.49620614035087723 0.017178362573099414 0.025625000000000005
0 0.587469846491228 0.535531798245614 0.02393823099415209 0.014934210526315732
0 0.6051955409356726 0.5311472039473684 0.0266812865497076 0.016307565789473625
0 0.6049214181286551 0.5222395833333334 0.025767543859649123 0.019320175438596435
0 0.5993932748538011 0.5153207236842106 0.013066520467836257 0.023294956140350882
0 0.6014035087719299 0.5005907346491228 0.019462719298245616 0.02699287280701755
0 0.5838157894736842 0.476953125 0.009868421052631578 0.024936951754385973
0 0.5549872076023392 0.4796929824561404 0.01836622807017544 0.019457236842105267
0 0.5625255847953216 0.4739391447368421 0.014802631578947368 0.026036184210526322
0 0.6036421783625732 0.5509470942982455 0.015533625730994151 0.018363486842105266
0 0.6041447368421052 0.5397108004385964 0.011970029239766082 0.011236293859649126
0 0.6249323830409357 0.5353947368421053 0.029239766081871343 0.015756578947368365
0 0.6206834795321637 0.5554002192982456 0.015807748538011698 0.019868421052631646
0 0.6264400584795322 0.5728029057017544 0.015625 0.024251644736842173
0 0.6416995614035088 0.5793119517543861 0.021655701754385966 0.020827850877192987
0 0.6165880847953216 0.5079440789473684 0.013523391812865496 0.01959429824561404
0 0.6011458333333333 0.47875685307017546 0.013706140350877192 0.027815241228070182
0 0.6121564327485379 0.4818407346491228 0.01471125730994152 0.025211074561403517
0 0.6320303362573099 0.48095120614035086 0.0133406432748538 0.02233552631578948
0 0.624720394736842 0.4962280701754386 0.015533625730994151 0.024391447368421058
0 0.6262737573099415 0.5173985745614035 0.014802631578947368 0.022609649122807024
0 0.6393402777777777 0.5239761513157895 0.013888888888888888 0.027815241228070182
0 0.6536851242690058 0.5254139254385964 0.017176535087719342 0.024117324561403513
0 0.6330811403508771 0.5414459978070175 0.028417397660818713 0.012058662280701756
0 0.6473812134502923 0.545967653508772 0.01425438596491228 0.01973135964912281
0 0.6375127923976608 0.5613843201754386 0.017726608187134504 0.016578947368421058
0 0.6592589546783626 0.5407620614035088 0.020466008771929868 0.025487938596491233
0 0.6597158260233918 0.5654947916666666 0.013521564327485424 0.02781524122807012
0 0.6661577119883041 0.5666598135964912 0.01763340643274858 0.025211074561403455
0 0.6735581140350877 0.5576165021929825 0.02238669590643275 0.013429276315789414
0 0.6698117690058479 0.5519969846491228 0.01343201754385965 0.008220942982456143
0 0.678172514619883 0.5768681469298245 0.01864035087719298 0.029185855263157964
0 0.686030701754386 0.5528892543859648 0.025584795321637425 0.020142543859649066
0 0.6751608187134502 0.5425178179824561 0.014163011695906433 0.015211074561403512
0 0.6722368421052632 0.5264514802631578 0.01160453216374269 0.023911732456140294
0 0.6831789108187134 0.5275479714912281 0.013660453216374269 0.021444627192982398
0 0.6865369152046784 0.5403933662280702 0.010416666666666666 0.01507401315789474
0 0.6527266081871345 0.6240858004385965 0.017086988304093567 0.03370888157894744
0 0.6806862207602339 0.6272368421052632 0.024577850877193025 0.01973135964912281
0 0.6925950292397661 0.5760115131578948 0.01617324561403509 0.016853070175438602
0 0.7026461988304095 0.586219846491228 0.02585891812865497 0.018634868421052636
0 0.7096820175438597 0.5760814144736842 0.018183479532163743 0.012332785087719239
0 0.7122404970760234 0.6230112390350877 0.014528508771929825 0.02781524122807012
0 0.722702850877193 0.6271217105263158 0.017178362573099414 0.024254385964912285
0 0.7060124269005849 0.5638404605263159 0.01608187134502924 0.019183114035087726
0 0.6924890350877193 0.5650054824561404 0.019736842105263157 0.01959429824561404
0 0.6940880847953216 0.5457524671052632 0.013066520467836257 0.022469846491228077
0 0.7059667397660819 0.540202850877193 0.01471125730994152 0.017949561403508778
0 0.7172514619883041 0.5367091557017545 0.02046783625730994 0.01644462719298246
0 0.7256578947368422 0.5440405701754386 0.014437134502923976 0.019320175438596498
0 0.7262966008771929 0.5576041666666667 0.029055190058479494 0.017675438596491233
0 0.7056926169590643 0.5199232456140351 0.012701023391812866 0.026995614035087726
0 0.6938139619883041 0.525061677631579 0.013066520467836257 0.022469846491228077
0 0.6545687134502924 0.49882127192982456 0.02631578947368421 0.0280921052631579
0 0.6465277777777778 0.503000274122807 0.01864035087719298 0.023566337719298253
0 0.6695997807017544 0.5049191337719299 0.022934941520467836 0.025211074561403517
0 0.6692799707602339 0.48559758771929823 0.012609649122807017 0.020553728070175442
0 0.6860014619883041 0.4806661184210526 0.010599415204678362 0.02110197368421053
0 0.6877832602339182 0.5034046052631579 0.016904239766081873 0.024939692982456144
0 0.6931286549707603 0.4845641447368421 0.014619883040935672 0.022061403508771935
0 0.7037280701754387 0.4873053728070176 0.010964912280701754 0.019046052631578953
0 0.7041849415204678 0.4770970394736842 0.017726608187134504 0.020553728070175442
0 0.6902503654970761 0.4603111293859649 0.01800073099415205 0.0247998903508772
0 0.7231451023391813 0.5199849232456141 0.01964546783625731 0.024388706140350883
0 0.7298154239766081 0.4980605811403509 0.019828216374269007 0.028500548245614044
0 0.737079678362573 0.5134087171052631 0.011695906432748537 0.030693530701754394
0 0.7339729532163742 0.5356743421052632 0.012975146198830409 0.021239035087719304
0 0.7195540935672515 0.5647779605263158 0.018914473684210526 0.00924890350877187
0 0.7262701023391813 0.5735142543859649 0.01516812865497076 0.013015350877192987
0 0.7340826023391813 0.5643325109649123 0.023574561403508772 0.013292214912280642
0 0.7418494152046784 0.5425123355263158 0.013797514619882958 0.02199287280701755
0 0.7473547149122807 0.5575849780701754 0.01832054093567243 0.013771929824561406
0 0.7402046783625731 0.5754331140350877 0.018457602339181204 0.02398026315789474
0 0.7625721856725146 0.566203399122807 0.01352156432748534 0.026858552631578953
0 0.7711604532163743 0.5674369517543859 0.013888888888888888 0.024391447368421058
0 0.7877448830409356 0.5712746710526315 0.020924707602339183 0.021650219298245617
0 0.7931359649122807 0.5872368421052632 0.03718932748538012 0.02315789473684211
0 0.7811659356725147 0.5492118969298246 0.026041666666666668 0.01589638157894737
0 0.7641255482456141 0.535578399122807 0.018090277777777736 0.026995614035087726
0 0.8058826754385965 0.5840172697368422 0.027595029239766082 0.029597039473684156
0 0.8100402046783626 0.5775082236842106 0.026224415204678362 0.02480263157894725
0 0.8148830409356725 0.5763432017543859 0.031158625730994153 0.027955043859649004
0 0.8183095760233917 0.5696984649122807 0.027412280701754384 0.022609649122807024
0 0.8337518274853801 0.5764802631578948 0.01516812865497076 0.023294956140350757
0 0.39679002192982454 0.4050561951754386 0.020557383040935715 0.010002741228070178
0 0.3853225511695906 0.41177083333333336 0.011968201754386008 0.012741228070175444
0 0.3998044590643275 0.4134498355263158 0.017909356725146198 0.014591557017543865
0 0.41353344298245615 0.40536458333333336 0.011741593567251463 0.012401315789473687
0 0.41303088450292397 0.4141680372807018 0.022706505847953216 0.008495065789473687
0 0.41887883771929824 0.41961622807017546 0.012015716374269006 0.007878289473684214
0 0.42573190789473686 0.4266036184210526 0.012015716374269006 0.013634868421052571
0 0.4260060307017544 0.407797423245614 0.016493055555555556 0.010825109649122809
0 0.4320367324561403 0.40180235745614035 0.01941703216374269 0.0073327850877192985
0 0.43516630116959065 0.39347724780701754 0.017361111111111112 0.012195723684210529
0 0.44096856725146194 0.39974780701754387 0.013797514619883041 0.007878289473684214
0 0.4362171052631579 0.41238760964912285 0.022569444444444444 0.015071271929824567
0 0.4629669225146199 0.40145970394736846 0.013020833333333334 0.01705866228070176
0 0.4538066520467836 0.41067571271929826 0.014437134502923976 0.007124451754385967
0 0.44309301900584797 0.4164638157894737 0.02828033625730994 0.012127192982456143
0 0.46774122807017543 0.407249177631579 0.010873538011695907 0.01438870614035088
0 0.4406487573099415 0.4263980263157895 0.0266812865497076 0.016239035087719237
0 0.4610023757309941 0.4165666118421053 0.010370979532163743 0.012469846491228072
0 0.4543092105263158 0.4294462719298246 0.012701023391812866 0.020964912280701697
0 0.4442744883040936 0.46259594298245615 0.01114766081871345 0.017746710526315792
0 0.45114948830409357 0.4663637609649123 0.019232456140350837 0.0241858552631579
0 0.4615889985380117 0.4476946271929825 0.01397843567251458 0.011370614035087724
0 0.46615771198830414 0.4530372807017544 0.023115862573099374 0.02110197368421053
0 0.4727129020467836 0.4446107456140351 0.016127558479532164 0.016304824561403513
0 0.4659055190058479 0.4217283442982456 0.011741593567251463 0.015485197368421055
0 0.47305555555555556 0.42364720394736843 0.013523391812865496 0.015759320175438598
0 0.48146198830409354 0.4346765350877193 0.014437134502923976 0.016441885964912285
0 0.47474597953216374 0.4302919407894737 0.015533625730994151 0.01507401315789474
0 0.4897770467836257 0.4368009868421053 0.019005847953216373 0.01740131578947369
0 0.4913011695906433 0.45814281798245615 0.014985380116959063 0.017332785087719304
0 0.504938779239766 0.4463925438596491 0.01320358187134503 0.020553728070175442
0 0.5151726973684211 0.46016447368421054 0.017041301169590642 0.02315789473684211
0 0.5044590643274854 0.47859375000000004 0.01827485380116959 0.022609649122807024
0 0.5155674342105263 0.4781140350877193 0.01228983918128655 0.022198464912280707
0 0.4754312865497076 0.4093612938596491 0.011878654970760233 0.015690789473684214
0 0.47659630847953216 0.4008319627192983 0.009548611111111112 0.010276864035087721
0 0.48415752923976607 0.40816337719298246 0.008771929824561403 0.01890899122807018
0 0.4913760964912281 0.4100123355263158 0.00932017543859649 0.01863760964912281
0 0.49966831140350876 0.40610745614035093 0.0100968567251462 0.019320175438596498
0 0.48701297514619885 0.418952850877193 0.015579312865497076 0.008152412280701756
0 0.4913989400584795 0.42351014254385966 0.022249634502923978 0.011099232456140353
0 0.49966831140350876 0.4180962171052632 0.00826937134502924 0.010413925438596493
0 0.5078463084795322 0.4142269736842105 0.01493969298245614 0.013771929824561406
0 0.5116611842105263 0.4287856359649123 0.027960526315789474 0.015208333333333338
0 0.5069097222222222 0.43299890350877196 0.019462719298245616 0.01336074561403509
0 0.519359466374269 0.4468037280701755 0.017772295321637425 0.014934210526315795
0 0.5216666666666667 0.44118695175438594 0.01882309941520468 0.02014254385964913
0 0.5268978435672514 0.45372395833333334 0.017863669590643276 0.013977521929824564
0 0.5075804093567251 0.4186910635964913 0.014894005847953216 0.00876918859649123
0 0.5221546052631578 0.4185882675438597 0.013706140350877192 0.01199013157894737
0 0.5081286549707602 0.395327576754386 0.015625 0.013292214912280704
0 0.5146390716374268 0.40296737938596494 0.020604897660818713 0.015276864035087724
0 0.5205555555555555 0.4103673245614035 0.014894005847953216 0.014868421052631581
0 0.533188048245614 0.4086883223684211 0.011193347953216375 0.014662828947368424
0 0.5274314692982456 0.42228892543859653 0.016584429824561403 0.014183114035087721
0 0.5399269005847953 0.4251315789473684 0.012701023391812866 0.02329495614035082
0 0.5453179824561404 0.40875685307017545 0.013797514619883041 0.015348135964912283
0 0.5439016812865497 0.41622532894736847 0.01864035087719298 0.01452302631578948
0 0.5535873538011695 0.42739172149122806 0.021564327485380116 0.010139802631578888
0 0.5310179093567251 0.44167763157894735 0.015716374269005847 0.01267543859649123
0 0.5372998903508772 0.4521957236842105 0.009914108187134504 0.02151315789473685
0 0.5586129385964913 0.4384923245614035 0.019005847953216373 0.018771929824561346
0 0.5610343567251461 0.4179385964912281 0.012883771929824562 0.018497807017543864
0 0.5560087719298246 0.410984100877193 0.011239035087719298 0.02308662280701755
0 0.5616968201754386 0.3988569078947369 0.010645102339181287 0.0162390350877193
0 0.569326571637427 0.41173793859649127 0.009822733918128655 0.017472587719298247
0 0.5625712719298246 0.4509046052631579 0.023391812865497075 0.010756578947368424
0 0.5568156067251462 0.45758360745614035 0.030699926900584755 0.014114583333333337
0 0.5744956140350876 0.4694366776315789 0.013249269005847953 0.024525767543859656
0 0.5675054824561403 0.4394270833333333 0.013157894736842105 0.01973135964912281
0 0.5705893640350878 0.4253138706140351 0.011101973684210526 0.014251644736842107
0 0.5797724780701754 0.44771792763157897 0.015487938596491228 0.026718750000000006
0 0.5775794956140351 0.4292530153508772 0.011193347953216375 0.021855811403508778
0 0.5935699926900584 0.4138157894736842 0.02928545321637427 0.018201754385964875
0 0.5921308479532164 0.4418599232456141 0.016355994152046784 0.019388706140350882
0 0.5793612938596492 0.4002617872807018 0.011101973684210526 0.011099232456140353
0 0.5766885964912281 0.4116694078947368 0.009594298245614035 0.015690789473684214
0 0.5847752192982456 0.40865542763157897 0.0133406432748538 0.018977521929824565
0 0.5960142543859649 0.40173519736842106 0.0201937134502924 0.012401315789473687
0 0.6050831505847953 0.4031058114035088 0.026544225146198832 0.009934210526315792
0 0.6021591739766082 0.4148204495614035 0.010736476608187134 0.0163733552631579
0 0.5991831140350877 0.4583484100877193 0.0133406432748538 0.019114583333333338
0 0.6182099780701754 0.4137472587719298 0.009365862573099416 0.015690789473684214
0 0.6105811403508772 0.42467516447368425 0.009912280701754346 0.01726699561403509
0 0.6114491959064328 0.4111430921052632 0.007171052631578908 0.009523026315789477
0 0.6242863669590644 0.41131441885964914 0.009731359649122808 0.012195723684210529
0 0.6205857090643275 0.4220024671052632 0.011101973684210526 0.013018092105263161
0 0.6069947002923977 0.4416324013157895 0.012881944444444404 0.018977521929824565
0 0.5971500365497076 0.43522615131578946 0.014665570175438597 0.01891173245614035
0 0.6033406432748538 0.4286828399122807 0.01343201754385965 0.01582510964912281
0 0.6188724415204678 0.43395833333333333 0.01114766081871345 0.016513157894736844
0 0.6284438961988305 0.42933388157894736 0.01000548245614035 0.017264254385964916
0 0.6072231359649123 0.4168654057017544 0.0063943713450292 0.010688048245614038
0 0.6324954312865496 0.444750548245614 0.01183296783625731 0.019868421052631584
0 0.648188961988304 0.45016173245614033 0.022203947368421052 0.01616776315789474
0 0.6373154239766082 0.4602672697368421 0.01918859649122807 0.01925164473684211
0 0.6474808114035087 0.4789391447368421 0.012198464912280702 0.016853070175438602
0 0.6461558845029239 0.4407442434210526 0.022249634502923978 0.020896381578947375
0 0.6505646929824561 0.4391337719298246 0.02046783625730994 0.019320175438596498
0 0.6570522660818714 0.43834566885964915 0.017726608187134504 0.01925164473684211
0 0.6618037280701754 0.4375575657894737 0.01699561403508772 0.019320175438596498
0 0.6383351608187133 0.4196299342105263 0.013066520467836257 0.01616776315789474
0 0.6335380116959064 0.4152110745614035 0.01516812865497076 0.013223684210526318
0 0.6356167763157894 0.4062705592105263 0.014848318713450293 0.010002741228070178
0 0.6494142909356725 0.40962856359649125 0.01631030701754386 0.009865679824561406
0 0.6502138157894737 0.41589638157894737 0.018092105263157895 0.01336074561403509
0 0.6508534356725145 0.4211389802631579 0.013797514619883041 0.012881030701754389
0 0.6619554093567251 0.41599917763157895 0.010051169590643274 0.012469846491228072
0 0.6583232821637427 0.4047286184210526 0.011558845029239767 0.011578947368421055
0 0.6683516081871345 0.42723547149122804 0.021564327485380116 0.014936951754385967
0 0.6683059210526315 0.43603892543859646 0.0133406432748538 0.014731359649122809
0 0.6697907529239765 0.4106551535087719 0.012838084795321638 0.013426535087719304
0 0.6744051535087718 0.4162390350877193 0.014665570175438597 0.013634868421052633
0 0.6826516812865497 0.4381291118421053 0.016904239766081873 0.014525767543859652
0 0.6874488304093567 0.43617735745614034 0.01644736842105263 0.01788103070175439
0 0.6998072002923976 0.44950246710526315 0.012929459064327485 0.01589638157894737
0 0.6898930921052631 0.4289816337719298 0.014574195906432748 0.018840460526315793
0 0.6778545321637427 0.42483689692982457 0.011513157894736841 0.01013980263157895
0 0.6974004020467837 0.41990542763157895 0.01896016081871345 0.012881030701754389
0 0.6803371710526316 0.4103125 0.011237207602339224 0.019457236842105267
0 0.6902275219298246 0.41192297149122803 0.010279605263157895 0.015962171052631584
0 0.6975146198830409 0.40870339912280695 0.011970029239766082 0.011304824561403512
0 0.7087308114035088 0.413703399122807 0.013569078947368422 0.013086622807017546
0 0.6997532894736843 0.4280578399122807 0.010416666666666666 0.016581688596491232
0 0.7117233187134504 0.42631030701754385 0.017726608187134504 0.012949561403508775
0 0.7159493786549708 0.4254207785087719 0.015579312865497076 0.016784539473684214
0 0.7151955409356725 0.41483415570175436 0.013157894736842105 0.009043311403508775
0 0.7162856359649123 0.4403673245614035 0.018411915204678362 0.012604166666666672
0 0.7316365131578947 0.44622532894736844 0.024899488304093567 0.012127192982456143
0 0.7286896929824561 0.45756304824561406 0.01206140350877193 0.018497807017543864
0 0.7137956871345028 0.47284265350877197 0.012335526315789474 0.021924342105263162
0 0.7357483552631578 0.4410512609649123 0.02206688596491228 0.012743969298245617
0 0.7404769736842105 0.4791104714912281 0.013888888888888888 0.021581688596491233
0 0.7463011695906433 0.45119106359649125 0.024440789473684253 0.009317434210526318
0 0.7567178362573099 0.4509868421052632 0.019872076023391857 0.01466008771929825
0 0.7604413377192983 0.49596491228070183 0.01671966374269002 0.02445723684210527
0 0.7620851608187135 0.46725740131578947 0.01160453216374269 0.02130756578947369
0 0.7339354897660818 0.4271779057017544 0.014482821637426901 0.017332785087719304
0 0.7487609649122806 0.4305688048245614 0.023665935672514703 0.012743969298245617
0 0.7469334795321637 0.43536595394736843 0.02558479532163751 0.00726151315789474
0 0.7313541666666666 0.41799753289473685 0.02147295321637427 0.01500274122807018
0 0.7337984283625731 0.414983552631579 0.018411915204678362 0.00979714912280702
0 0.7397605994152047 0.4084402412280702 0.018183479532163826 0.01178179824561404
0 0.7508168859649123 0.4406071820175439 0.018731725146198915 0.008429276315789474
0 0.767515533625731 0.433686951754386 0.021884137426900586 0.01404605263157895
0 0.7644544956140351 0.41806606359649123 0.01228983918128655 0.015550986842105268
0 0.7765387426900585 0.42056606359649124 0.01023391812865497 0.013292214912280704
0 0.785858918128655 0.42378700657894736 0.009046052631578948 0.012881030701754389
0 0.7690688961988305 0.45119243421052635 0.020330774853801168 0.019183114035087726
0 0.7733177997076024 0.46092105263157895 0.012838084795321638 0.01836074561403509
0 0.7734091739766082 0.4442050438596491 0.019508406432748537 0.02014254385964913
0 0.7812399488304094 0.48139391447368424 0.018236476608187127 0.022129934210526322
0 0.7845029239766081 0.4735841557017544 0.014163011695906433 0.02267817982456141
0 0.7945540935672515 0.46875411184210525 0.01343201754385965 0.017129934210526318
0 0.8040113304093567 0.48615679824561403 0.027777777777777776 0.023843201754385968
0 0.8115268640350878 0.48074424342105265 0.031112938596491228 0.018226425438596493
0 0.8086485745614036 0.4721792763157895 0.027183845029239765 0.015482456140350882
0 0.8136056286549708 0.46255345394736846 0.017086988304093567 0.019388706140350882
0 0.7985288742690059 0.49242598684210526 0.02183845029239766 0.009934210526315792
0 0.8160416666666667 0.4468983004385965 0.02266081871345029 0.017678179824561407
0 0.8218667763157894 0.43799205043859646 0.01402595029239766 0.01507401315789474
0 0.8087545687134503 0.43014665570175437 0.01768092105263158 0.016510416666666673
0 0.8013989400584796 0.41891173245614033 0.01402595029239766 0.012949561403508775
0 0.18781432748538013 0.7339350328947368 0.01918859649122807 0.01808936403508766
0 0.36343384502923975 0.713655427631579 0.019919590643274854 0.01808936403508766
0 0.3923081140350877 0.6878947368421052 0.014437134502923976 0.016990131578947375
0 0.39797331871345026 0.6961156798245615 0.017726608187134504 0.025762061403508778
0 0.4549908625730994 0.6629564144736843 0.014071637426900584 0.029048793859649067
0 0.6349415204678364 0.6955537280701755 0.027046783625730993 0.020827850877192987
0 0.7047514619883041 0.7183004385964912 0.02046783625730994 0.023569078947368427
0 0.7614035087719297 0.7394024122807017 0.02704678362573091 0.026310307017543864
0 0.8363285818713451 0.702405427631579 0.021929824561403508 0.03453125000000007
0 0.8388870614035088 0.7942118969298246 0.019736842105263157 0.029597039473684156
0 0.9238039108187135 0.7561197916666667 0.024851973684210486 0.01918585526315796
