0 0.57525 0.12449833333333334 0.01625 0.049330000000000006
0 0.616375 0.14949833333333334 0.019 0.048663333333333336
0 0.78360375 0.15009499999999998 0.024457499999999983 0.04048999999999999
0 0.80332375 0.15712833333333334 0.0249375 0.04523666666666668
0 0.7155625 0.16199666666666668 0.015875 0.04766000000000001
0 0.7378125 0.151125 0.029 0.02224333333333334
0 0.73759375 0.166205 0.0300625 0.021410000000000005
0 0.755125 0.16349999999999998 0.0195 0.044
0 0.8551974999999999 0.1651166666666667 0.01914499999999998 0.04607333333333334
0 0.84322875 0.17300000000000001 0.017207499999999983 0.041666666666666664
0 0.3196875 0.16552 0.033875 0.04373999999999999
0 0.552875 0.15783333333333335 0.0255 0.022
0 0.673 0.17057833333333333 0.02025 0.040156666666666674
0 0.8129587500000001 0.16775166666666666 0.018167500000000017 0.033490000000000006
0 0.8069375000000001 0.19799999999999998 0.014625 0.051
0 0.70603125 0.17658166666666666 0.0178125 0.04674333333333334
0 0.6606137499999999 0.17579166666666665 0.0228125 0.043416666666666666
0 0.7797499999999999 0.16992333333333332 0.03025 0.02849333333333334
0 0.28725 0.18030500000000002 0.02125 0.04627666666666668
0 0.61951 0.17545333333333335 0.01776999999999998 0.041073333333333344
0 0.8670837499999999 0.18086666666666668 0.014917500000000018 0.04673333333333335
0 0.570885 0.17137833333333333 0.03051999999999998 0.027410000000000007
0 0.82199 0.18366166666666667 0.01926999999999998 0.04365666666666668
0 0.82097875 0.21433 0.01679250000000002 0.040339999999999994
0 0.8260000000000001 0.25083333333333335 0.01475 0.038
0 0.69639125 0.18499833333333335 0.021342499999999973 0.04123666666666668
0 0.77033375 0.18029499999999998 0.02658249999999998 0.03241000000000001
0 0.7821462499999999 0.20931333333333332 0.018042500000000017 0.05378666666666667
0 0.765865 0.20716666666666667 0.012480000000000019 0.04066666666666666
0 0.91153125 0.18783333333333332 0.0238125 0.042
0 0.46455124999999997 0.18471166666666666 0.0208125 0.036576666666666674
0 0.46910375 0.20828833333333333 0.019457499999999982 0.036910000000000005
0 0.87684375 0.18936000000000003 0.0280625 0.04607333333333334
0 0.3479275 0.183695 0.028894999999999983 0.029103333333333335
0 0.929875 0.18833333333333332 0.0175 0.036333333333333336
0 0.58417625 0.18166666666666667 0.0370625 0.023
0 0.640875 0.18283333333333332 0.0265 0.025333333333333333
0 0.6344887499999999 0.19445 0.0259375 0.033906666666666675
0 0.53023875 0.194705 0.0259375 0.04557000000000001
0 0.8555625 0.19352666666666668 0.016085000000000037 0.04324000000000001
0 0.5609575 0.19316 0.028125 0.040980000000000016
0 0.7296874999999999 0.185165 0.030625 0.02200333333333333
0 0.7279224999999999 0.20309833333333333 0.028595000000000027 0.03653666666666667
0 0.479395 0.19670500000000002 0.016 0.04174333333333334
0 0.83785375 0.19160166666666667 0.011457499999999982 0.03459000000000003
0 0.83397875 0.20334666666666668 0.014707499999999981 0.049219999999999986
0 0.22328125000000001 0.19566166666666668 0.0208125 0.03765666666666668
0 0.36040625 0.19372 0.0208125 0.036160000000000005
0 0.552635 0.20007833333333333 0.024019999999999982 0.04582333333333334
0 0.20046875 0.19145500000000001 0.0255625 0.03224333333333334
0 0.45572874999999996 0.2006666666666667 0.01579250000000002 0.041666666666666664
0 0.7533125 0.204455 0.015875 0.05275666666666666
0 0.7965425 0.2010816666666667 0.011625 0.04450333333333333
0 0.23803125 0.2078266666666667 0.0229375 0.055820000000000015
0 0.584395 0.19637166666666667 0.0245 0.03174333333333334
0 0.7412974999999999 0.20320666666666667 0.01577999999999997 0.04249333333333334
0 0.6745625000000001 0.20240666666666668 0.028375 0.03382000000000001
0 0.32971875 0.20618833333333333 0.0200625 0.04165666666666664
0 0.59302 0.20287 0.02575 0.03757333333333334
0 0.155245 0.19733333333333333 0.03524000000000001 0.019666666666666666
0 0.29875 0.20583333333333334 0.01925 0.03666666666666667
0 0.6510199999999999 0.19923833333333335 0.0205 0.03815666666666668
0 0.34734375 0.20696666666666666 0.0159375 0.03998666666666668
0 0.68325 0.20677166666666666 0.03175 0.03279
0 0.48970749999999996 0.21487166666666668 0.0225 0.04791000000000001
0 0.21928125 0.20828999999999998 0.0223125 0.03575333333333333
0 0.49838499999999997 0.21949999999999997 0.020519999999999983 0.05266666666666667
0 0.5069475 0.22653666666666666 0.018355000000000017 0.04574000000000001
0 0.61435375 0.20757833333333334 0.03554250000000002 0.026156666666666675
0 0.3801875 0.2098 0.027375 0.03166000000000001
0 0.37587499999999996 0.22676500000000002 0.0285 0.034569999999999976
0 0.3795625 0.25504666666666664 0.017625 0.04365333333333334
0 0.36774999999999997 0.24263166666666666 0.01325 0.03632333333333334
0 0.20471874999999998 0.21511666666666668 0.0165625 0.042406666666666676
0 0.21984375 0.22603 0.0264375 0.041740000000000006
0 0.2495 0.21383333333333332 0.02025 0.035333333333333335
0 0.19074999999999998 0.21424166666666666 0.020375 0.03865666666666667
0 0.17856249999999999 0.21518833333333331 0.02125 0.03443000000000002
0 0.7085 0.22341 0.0145 0.055653333333333346
0 0.44723874999999996 0.23237333333333332 0.0196875 0.03674000000000001
0 0.9029375 0.21332500000000001 0.023 0.03234999999999998
0 0.2853125 0.22449333333333332 0.018375 0.04865333333333335
0 0.3610625 0.21583333333333335 0.02 0.030666666666666665
0 0.5499575 0.22099 0.01975 0.047653333333333346
0 0.4060825 0.21708833333333333 0.021375 0.033163333333333336
0 0.42186375 0.233545 0.0175625 0.02824333333333334
0 0.41489 0.26058333333333333 0.02025999999999999 0.028326666666666674
0 0.3236875 0.22281666666666666 0.013125 0.04196666666666666
0 0.3405 0.24660500000000002 0.02525 0.048876666666666665
0 0.3285 0.25633333333333336 0.03175 0.039
0 0.52726 0.22791166666666668 0.016769999999999983 0.055163333333333335
0 0.518135 0.2245 0.008519999999999982 0.026
0 0.5205725 0.24758166666666667 0.012105000000000019 0.023836666666666662
0 0.7718962500000001 0.22475 0.012542500000000019 0.04898666666666668
0 0.2615425 0.22448833333333335 0.02100000000000003 0.04466333333333334
0 0.2526775 0.24683000000000002 0.01739500000000001 0.040673333333333325
0 0.24198999999999998 0.25309166666666666 0.02127000000000001 0.04748333333333335
0 0.6961875000000001 0.22857333333333335 0.012625 0.05032000000000001
0 0.15949000000000002 0.21334333333333333 0.031 0.01649333333333334
0 0.72601625 0.22428166666666668 0.024282500000000026 0.03923666666666668
0 0.735125 0.23645333333333335 0.0255 0.036759999999999994
0 0.86615625 0.22828166666666666 0.0170625 0.04176999999999998
0 0.62980125 0.2285 0.0201875 0.03866666666666667
0 0.78849 0.23087166666666667 0.013730000000000018 0.04907000000000001
0 0.61554125 0.23062166666666667 0.016832499999999983 0.043089999999999996
0 0.63748875 0.234955 0.0124375 0.045576666666666675
0 0.54395875 0.23303666666666667 0.02066750000000002 0.04292
0 0.65986375 0.22899833333333336 0.0169375 0.035323333333333345
0 0.68584375 0.23268499999999998 0.0139375 0.042963333333333326
0 0.5985725000000001 0.24048833333333333 0.01939499999999998 0.050823333333333345
0 0.64960375 0.236955 0.016457499999999983 0.047570000000000015
0 0.672645 0.236915 0.02425 0.04382333333333334
0 0.26922375 0.23695166666666667 0.01430250000000001 0.038903333333333345
0 0.5632287500000001 0.23733333333333334 0.017207499999999983 0.03766666666666667
0 0.1653275 0.235825 0.028095 0.038336666666666665
0 0.15215125000000002 0.23321166666666668 0.03586250000000001 0.02897666666666669
0 0.472885 0.24707666666666667 0.020519999999999983 0.053153333333333344
0 0.7627612500000001 0.24233000000000002 0.0221875 0.047820000000000015
0 0.80658375 0.22999333333333333 0.025417500000000016 0.018160000000000006
0 0.4081975 0.24287499999999998 0.015355000000000018 0.04107000000000001
0 0.27574 0.24268 0.0185 0.04111333333333334
0 0.46047875 0.23812166666666668 0.013707499999999982 0.028076666666666673
0 0.48020749999999995 0.24273833333333333 0.018125 0.03865666666666667
0 0.35043749999999996 0.23758833333333335 0.024125 0.030583333333333334
0 0.80652125 0.2532466666666667 0.014292500000000019 0.04583999999999999
0 0.8453325 0.24570333333333333 0.02475 0.03049333333333334
0 0.39128124999999997 0.24838666666666664 0.0186875 0.03449333333333334
0 0.7459162500000001 0.25497333333333333 0.01833249999999998 0.05344666666666668
0 0.18292125 0.25115333333333334 0.020447500000000018 0.029373333333333335
0 0.17375 0.2602966666666667 0.01675 0.03688666666666669
0 0.20080125000000001 0.26958666666666664 0.0238125 0.05148666666666668
0 0.1849425 0.2750633333333333 0.01713499999999999 0.04446
0 0.79352125 0.2577416666666667 0.01679250000000002 0.041323333333333344
0 0.71413625 0.24701499999999998 0.0190625 0.01703000000000001
0 0.78019875 0.2573066666666667 0.0138125 0.05119333333333335
0 0.89496875 0.26261166666666663 0.0181875 0.04977666666666668
0 0.81719875 0.2607083333333333 0.0170625 0.042416666666666665
0 0.13178125000000002 0.263785 0.023727500000000006 0.04857000000000001
0 0.61702 0.25165333333333334 0.01525 0.02982666666666667
0 0.15680750000000002 0.2603933333333333 0.02432499999999999 0.036186666666666686
0 0.16322875 0.30353 0.018207500000000012 0.05205999999999998
0 0.75679125 0.26345166666666664 0.010167500000000019 0.042156666666666676
0 0.8638125 0.26616333333333336 0.025375 0.04199333333333334
0 0.2265 0.25813166666666665 0.023959999999999978 0.02392999999999999
0 0.49442625 0.26461833333333334 0.0179375 0.036903333333333344
0 0.62771875 0.26394666666666666 0.020852499999999965 0.036419999999999994
0 0.73175 0.27227 0.01375 0.05379333333333333
0 0.21545750000000002 0.26533833333333334 0.027125 0.03699000000000001
0 0.21672875 0.29091333333333336 0.01370750000000001 0.045026666666666645
0 0.2888225 0.26039666666666667 0.02539499999999998 0.02620666666666667
0 0.87978125 0.2698183333333333 0.0183125 0.044696666666666676
0 0.42726 0.2595 0.022730000000000018 0.02
0 0.11008375000000001 0.26646166666666665 0.024082499999999996 0.036390000000000026
0 0.3114375 0.263845 0.028125 0.02876333333333332
0 0.45952 0.2619066666666667 0.021375 0.023160000000000007
0 0.70240625 0.2627433333333334 0.03564750000000003 0.02382000000000001
0 0.26013624999999996 0.27933833333333336 0.016062500000000028 0.05904999999999999
0 0.26860375 0.28014 0.014542500000000019 0.036613333333333345
0 0.5513325 0.2687466666666667 0.02325 0.035660000000000004
0 0.76841625 0.281685 0.013417500000000018 0.05296333333333333
0 0.15280125000000003 0.28049 0.0181875 0.04882000000000001
0 0.4429575 0.27649666666666667 0.023625 0.035160000000000004
0 0.840625 0.27416666666666667 0.0145 0.028666666666666667
0 0.36650000000000005 0.274065 0.02075 0.03220333333333334
0 0.12901 0.28398 0.022020000000000012 0.05110000000000002
0 0.74355125 0.279195 0.0143125 0.03815666666666668
0 0.710145 0.28291000000000005 0.018 0.04274666666666667
0 0.197385 0.2825 0.01947999999999999 0.03666666666666667
0 0.72177125 0.28852333333333335 0.01629250000000002 0.05297999999999998
0 0.7990112500000001 0.2786666666666667 0.0144375 0.027
0 0.09463625 0.28495000000000004 0.0200625 0.04024000000000001
0 0.09148 0.292115 0.028875 0.04473666666666668
0 0.8992237500000001 0.2844583333333333 0.03019749999999999 0.03741666666666667
0 0.67180125 0.27973666666666663 0.0313125 0.028160000000000004
0 0.68402125 0.28793 0.02529250000000002 0.03380666666666665
0 0.11124999999999999 0.2886666666666667 0.01525 0.042333333333333334
0 0.22701 0.28983333333333333 0.01622999999999999 0.044
0 0.23835499999999998 0.29114333333333337 0.00925 0.046993333333333304
0 0.29289499999999996 0.28186666666666665 0.025125 0.02982666666666667
0 0.28525 0.29183333333333333 0.01325 0.036
0 0.30838499999999996 0.283935 0.016519999999999983 0.017129999999999996
0 0.39722874999999996 0.28495333333333334 0.02220749999999998 0.028906666666666674
0 0.4125825 0.28770333333333337 0.022375 0.03024000000000001
0 0.8288749999999999 0.2931666666666667 0.019 0.04533333333333334
0 0.27541625 0.2929366666666667 0.016582499999999983 0.047126666666666664
0 0.14601 0.2930183333333334 0.01627000000000001 0.055049999999999995
0 0.6991462500000001 0.2975183333333334 0.015042500000000018 0.04965666666666664
0 0.24747999999999998 0.29306166666666666 0.015375 0.03865666666666664
0 0.43555124999999995 0.2910766666666667 0.0170625 0.026326666666666672
0 0.86404125 0.29462333333333335 0.019832499999999982 0.04042
0 0.18227000000000002 0.29785833333333334 0.025625 0.04640333333333331
0 0.75441625 0.29343166666666665 0.028582499999999983 0.03280333333333332
0 0.78802125 0.29016333333333333 0.02029250000000002 0.02599333333333334
0 0.32165625000000003 0.29266166666666665 0.022772500000000036 0.02900999999999999
0 0.5320824999999999 0.29678 0.03175 0.03774000000000001
0 0.5599474999999999 0.29290666666666665 0.025144999999999983 0.026160000000000006
0 0.11860375 0.30189666666666665 0.022562499999999985 0.045806666666666655
0 0.815865 0.2995 0.02148000000000002 0.036
0 0.340605 0.29606666666666664 0.016625 0.027160000000000007
0 0.898145 0.3064116666666667 0.03775 0.03832333333333334
0 0.7736775 0.30408333333333337 0.019605000000000018 0.04616666666666667
0 0.8490000000000001 0.30766666666666664 0.01825 0.03966666666666667
0 0.37070749999999997 0.30166666666666664 0.024 0.026333333333333334
0 0.176645 0.31124333333333337 0.022375 0.04917999999999999
0 0.8066775 0.314 0.026605000000000018 0.04033333333333333
0 0.30292624999999995 0.308235 0.0256875 0.03024333333333334
0 0.6885425 0.30963999999999997 0.0145 0.030406666666666676
0 0.9261875 0.3125 0.025125 0.03333333333333333
0 0.5625100000000001 0.31158166666666665 0.027769999999999982 0.03383666666666666
0 0.20992625 0.32375333333333334 0.0234375 0.05099333333333334
0 0.7019175 0.32167833333333334 0.025 0.03865666666666667
0 0.837 0.3215 0.01925 0.036
0 0.8329375 0.35150000000000003 0.024625 0.034
0 0.9035725 0.32151500000000005 0.025125 0.03878333333333334
0 0.19586375 0.3257083333333333 0.0183125 0.042416666666666665
0 0.38997875000000004 0.32478666666666667 0.011207499999999981 0.04590666666666668
0 0.71819875 0.33433166666666664 0.0228125 0.056130000000000034
0 0.788365 0.33129166666666665 0.02448000000000002 0.04626333333333332
0 0.955125 0.3329383333333334 0.0225 0.046210000000000036
0 0.12678625 0.3256366666666667 0.036572499999999994 0.034160000000000044
0 0.37583249999999996 0.330785 0.020625 0.038903333333333345
0 0.806365 0.33937 0.01748000000000002 0.044926666666666656
0 0.771875 0.3403833333333333 0.023 0.04956666666666668
0 0.4080625 0.3367283333333333 0.021710000000000035 0.024783333333333303
0 0.7939375 0.347215 0.013625 0.038570000000000014
0 0.7775000000000001 0.3598333333333333 0.02425 0.030666666666666665
0 0.7755000000000001 0.37821166666666667 0.02075 0.028576666666666674
0 0.8633537499999999 0.35383333333333333 0.015457499999999982 0.048
0 0.8428749999999999 0.3545 0.0245 0.04733333333333333
0 0.8775725 0.3510816666666667 0.014894999999999981 0.04532333333333334
0 0.9103225 0.35450000000000004 0.01789499999999998 0.042
0 0.926625 0.35366666666666663 0.0165 0.035666666666666666
0 0.89776 0.363435 0.01926999999999998 0.052796666666666665
0 0.6515737500000001 0.356525 0.0201875 0.024910000000000005
0 0.19702000000000003 0.36523 0.030125 0.038653333333333345
0 0.39998875 0.36341 0.0118125 0.032153333333333346
0 0.8881975 0.37283333333333335 0.013855000000000018 0.04533333333333334
0 0.655855 0.3659383333333333 0.02125 0.027243333333333338
0 0.8516875 0.36781833333333336 0.011875 0.03402999999999997
0 0.79675 0.37816666666666665 0.01975 0.04066666666666666
0 0.633895 0.36479333333333336 0.018125 0.019993333333333262
0 0.7813749999999999 0.38416666666666666 0.0265 0.038
0 0.58302 0.39137 0.024625 0.0474866666666666
0 0.824875 0.3931833333333333 0.0165 0.0460333333333333
0 0.8399375 0.3855 0.014625 0.028
0 0.87616625 0.38632666666666665 0.01758249999999998 0.029653333333333344
0 0.86059375 0.391045 0.0190625 0.036823333333333264
0 0.8029999999999999 0.3954316666666666 0.01775 0.04252999999999997
0 0.9221250000000001 0.39849999999999997 0.0175 0.042666666666666665
0 0.9385 0.39508333333333334 0.026 0.037573333333333264
0 0.8128749999999999 0.4008333333333333 0.011 0.029333333333333333
0 0.427875 0.40657 0.0145 0.03207333333333334
0 0.44521875 0.41082833333333335 0.0308125 0.024656666666666677
0 0.8970625000000001 0.40856 0.027875 0.018119999999999966
0 0.905875 0.416995 0.029 0.028410000000000005
0 0.07272875000000001 0.4262283333333333 0.015292500000000004 0.04278999999999997
0 0.1855 0.4290333333333334 0.01725 0.04624000000000001
0 0.403125 0.4265 0.02175 0.04
0 0.02364625 0.42643000000000003 0.022042499999999996 0.043593333333333324
0 0.209 0.4307016666666667 0.01425 0.04507000000000001
0 0.23006249999999998 0.4298666666666667 0.017875 0.043400000000000015
0 0.7895625000000001 0.41983666666666664 0.030375 0.024379999999999957
0 0.258375 0.4284483333333334 0.016 0.04223666666666668
0 0.41690625 0.42420166666666664 0.0170625 0.028736666666666678
0 0.058875 0.43133333333333335 0.0145 0.041
0 0.30462500000000003 0.4217383333333333 0.033 0.02550333333333333
0 0.23968750000000003 0.4295 0.011875 0.036
0 0.24706250000000002 0.437995 0.015375 0.03300999999999999
0 0.1983125 0.4335 0.014125 0.04
0 0.828125 0.43566666666666665 0.019 0.03966666666666667
0 0.0077912499999999996 0.439225 0.0158325 0.04544999999999997
0 0.08727 0.43270833333333336 0.025625 0.036823333333333264
0 0.38173874999999996 0.43548833333333337 0.0164375 0.03932333333333334
0 0.39148875 0.43923833333333334 0.0210625 0.03182333333333334
0 0.013365 0.43803000000000003 0.02148 0.04172666666666669
0 0.11512499999999999 0.4378333333333333 0.0195 0.04066666666666666
0 0.16159375 0.43803333333333333 0.0159375 0.037066666666666685
0 0.103385 0.4361433333333334 0.017355000000000002 0.03769333333333331
0 0.13125 0.4459066666666667 0.019375 0.05014666666666669
0 0.15203125 0.448 0.0161875 0.043
0 0.4355 0.44245999999999996 0.02425 0.042273333333333316
0 0.17853125 0.44569500000000006 0.0234375 0.04190333333333335
0 0.45675 0.44107833333333335 0.01725 0.03550999999999999
0 0.46425 0.437 0.01325 0.015
0 0.14046875 0.44948499999999997 0.0121875 0.041990000000000006
0 0.4728125 0.4372416666666667 0.012125 0.013483333333333349
0 0.47043749999999995 0.4510766666666667 0.017125 0.026179999999999988
0 0.5207925 0.44901166666666664 0.01775 0.04249000000000001
0 0.22437500000000002 0.4534533333333334 0.0225 0.04875999999999999
0 0.66301125 0.44398499999999996 0.0146875 0.02824333333333334
0 0.0523025 0.44573 0.019645000000000003 0.026873333333333298
0 0.55289625 0.4528333333333333 0.023457499999999982 0.035333333333333335
0 0.55989625 0.46559 0.02754250000000002 0.044653333333333343
0 0.085375 0.45264166666666666 0.031 0.03161666666666663
0 0.6258699999999999 0.4568333333333333 0.01750999999999999 0.03333333333333333
0 0.480875 0.4603333333333333 0.0135 0.04033333333333333
0 0.6436987500000001 0.45335833333333336 0.0240625 0.02349666666666667
0 0.4140625 0.4594083333333333 0.019875 0.03284999999999998
0 0.4930625 0.462405 0.016375 0.03514333333333335
0 0.4995 0.45749999999999996 0.00975 0.024666666666666667
0 0.5805724999999999 0.46216666666666667 0.020394999999999983 0.034
0 0.5288550000000001 0.46909 0.015875 0.04932000000000001
0 0.74729125 0.464105 0.019832499999999982 0.03945666666666663
0 0.2171875 0.46623000000000003 0.020125 0.040320000000000016
0 0.92509375 0.46853 0.0204375 0.04206000000000002
0 0.9127500000000001 0.46844 0.02025 0.04057333333333334
0 0.59938 0.4712516666666667 0.020720000000000027 0.03417
0 0.5898637499999999 0.47633333333333333 0.0248125 0.036333333333333336
0 0.61258375 0.4698633333333333 0.0165625 0.035200000000000044
0 0.004375 0.4613333333333333 0.0085 0.014333333333333333
0 0.53914625 0.475125 0.015042500000000018 0.03991666666666667
0 0.428125 0.46765666666666666 0.0155 0.02431333333333335
0 0.8928437499999999 0.47428 0.0139375 0.036893333333333354
0 0.366395 0.4737216666666667 0.022375 0.042823333333333345
0 0.90234375 0.4728983333333333 0.0114375 0.03699000000000001
0 0.879 0.47514666666666666 0.01725 0.039820000000000015
0 0.661605 0.47002 0.015125 0.028326666666666674
0 0.386895 0.47697833333333334 0.01675 0.03599000000000001
0 0.68116625 0.470935 0.029082499999999983 0.027323333333333342
0 0.35304125000000003 0.47265833333333335 0.012832499999999981 0.023683333333333317
0 0.75525 0.47700000000000004 0.02275 0.029
0 0.37647875000000003 0.478 0.010207499999999982 0.030333333333333334
0 0.6386675 0.47731 0.025125 0.034573333333333345
0 0.6561987499999999 0.47514499999999993 0.0155625 0.02624333333333334
0 0.13778125 0.475405 0.0244375 0.019810000000000022
0 0.10896874999999999 0.47949166666666665 0.0283125 0.025316666666666682
0 0.4363125 0.48494666666666664 0.018625 0.028893333333333354
0 0.34195749999999997 0.49306333333333335 0.02 0.0351266666666667
0 0.44549999999999995 0.48861333333333334 0.0155 0.022893333333333356
0 0.4415 0.5401666666666667 0.01425 0.014
0 0.79029125 0.5475 0.013332499999999982 0.028666666666666667
0 0.7094787499999999 0.5476516666666666 0.012207499999999982 0.022363333333333305
0 0.52773 0.5522333333333334 0.016375 0.02899333333333334
0 0.6605000000000001 0.5542216666666666 0.01225 0.031223333333333356
0 0.7471249999999999 0.5547333333333334 0.0125 0.027533333333333302
0 0.61191625 0.5513333333333332 0.01758249999999998 0.015
0 0.551 0.5618333333333333 0.01275 0.02666666666666667
0 0.59041625 0.5577033333333333 0.02308249999999998 0.018406666666666675
0 0.3195 0.565 0.01375 0.026333333333333334
0 0.302875 0.5634766666666666 0.012 0.02799333333333334
0 0.34154124999999996 0.5713333333333334 0.01833249999999998 0.022333333333333334
0 0.609 0.5783666666666667 0.01525 0.017733333333333347
0 0.27566625 0.5849000000000001 0.020082499999999982 0.023466666666666698
0 0.05025 0.587 0.02125 0.023
0 0.0305 0.6209733333333334 0.02425 0.02399333333333334
0 0.33799999999999997 0.8109999999999999 0.01025 0.030333333333333334
0 0.1360825 0.244195 0.024000000000000014 0.03561666666666667
0 0.19980125 0.23914833333333332 0.0400625 0.022743333333333303
0 0.3022975 0.23354666666666665 0.029904999999999973 0.02793999999999998
0 0.30990625 0.21124500000000002 0.0216875 0.03449000000000001
0 0.35435500000000003 0.30206500000000003 0.016875 0.035823333333333304
0 0.35480124999999996 0.3294066666666667 0.0243125 0.034833333333333334
0 0.431645 0.22366666666666665 0.01525 0.046653333333333345
0 0.43883249999999996 0.21904333333333334 0.019875 0.04374000000000001
0 0.50948875 0.25590833333333335 0.0160625 0.03449000000000001
0 0.5188949999999999 0.26753166666666667 0.03625 0.02557666666666667
0 0.84301125 0.23126666666666668 0.0294375 0.03323999999999997
0 0.851355 0.21194 0.02 0.038073333333333306
0 0.8826875000000001 0.209645 0.02075 0.037323333333333306
0 0.8846562499999999 0.23114166666666666 0.0295625 0.03748999999999997
0 0.28309375 0.4536533333333333 0.0313125 0.027160000000000007
0 0.27768750000000003 0.4627366666666667 0.026375 0.02649333333333334
0 0.33602 0.46189833333333336 0.012 0.03165666666666667
0 0.340395 0.46952166666666667 0.018 0.027576666666666673
0 0.36167625 0.43782166666666666 0.0119375 0.020163333333333335
0 0.3648325 0.4430283333333333 0.018625 0.02607666666666667
