0 0.6458333333333333 0.24328399122807018 0.020650584795321638 0.03673245614035088
0 0.6589455409356726 0.2565789473684211 0.03517909356725146 0.02275219298245614
0 0.58296783625731 0.25109649122807015 0.01882309941520468 0.04523026315789474
0 0.9205957602339181 0.3201754385964912 0.015716374269005847 0.046875
0 0.8203125 0.32209429824561403 0.025676169590643276 0.04632675438596491
0 0.4926900584795321 0.3201754385964912 0.014071637426900584 0.03974780701754386
0 0.9380482456140351 0.32373903508771934 0.020650584795321638 0.04413377192982456
0 0.9612573099415205 0.34210526315789475 0.017361111111111112 0.04303728070175439
0 0.9459978070175439 0.3541666666666667 0.017178362573099414 0.04468201754385965
0 0.9658260233918129 0.3691063596491228 0.01516812865497076 0.046600877192982455
0 0.944078947368421 0.38459429824561403 0.0360014619883041 0.04139254385964912
0 0.9478252923976609 0.40309758771929827 0.009137426900584795 0.015350877192982455
0 0.7982913011695906 0.3288103070175439 0.022021198830409358 0.05098684210526316
0 0.5083150584795322 0.3252467105263158 0.019736842105263157 0.04057017543859649
0 0.5373720760233918 0.33305921052631576 0.013888888888888888 0.04906798245614035
0 0.5247624269005848 0.3330592105263158 0.014985380116959063 0.04468201754385965
0 0.6814236111111112 0.3215460526315789 0.01069078947368421 0.018914473684210526
0 0.6966374269005848 0.3421052631578947 0.017726608187134504 0.04523026315789474
0 0.6782255116959065 0.34333881578947373 0.016721491228070175 0.02905701754385965
0 0.6851242690058479 0.3677357456140351 0.022112573099415205 0.04331140350877193
0 0.6667580409356725 0.3307291666666667 0.02046783625730994 0.03508771929824561
0 0.727156432748538 0.3378563596491228 0.01663011695906433 0.046052631578947366
0 0.7142726608187134 0.38445723684210525 0.017543859649122806 0.05921052631578947
0 0.7288011695906433 0.37582236842105265 0.018457602339181287 0.035910087719298246
0 0.7244152046783625 0.4158442982456141 0.013706140350877192 0.04468201754385965
0 0.7157346491228069 0.4346217105263158 0.021198830409356724 0.047697368421052634
0 0.7317708333333334 0.46271929824561403 0.015076754385964912 0.05290570175438596
0 0.46710526315789475 0.3347039473684211 0.018457602339181287 0.03919956140350877
0 0.48254751461988304 0.34155701754385964 0.013523391812865496 0.05016447368421053
0 0.46884137426900585 0.3510142543859649 0.006578947368421052 0.022478070175438597
0 0.46253654970760233 0.3769188596491228 0.01516812865497076 0.04906798245614035
0 0.873263888888889 0.3315515350877193 0.019005847953216373 0.030153508771929825
0 0.7404970760233918 0.3395010964912281 0.014437134502923976 0.044407894736842105
0 0.8306834795321637 0.3338815789473684 0.02448830409356725 0.03262061403508772
0 0.712171052631579 0.3397752192982456 0.018457602339181287 0.04111842105263158
0 0.8553088450292398 0.33908991228070173 0.018731725146198832 0.03919956140350877
0 0.6446454678362573 0.3399122807017544 0.013157894736842105 0.03536184210526316
0 0.9009502923976609 0.33703399122807015 0.03344298245614035 0.025767543859649123
0 0.5800438596491228 0.35334429824561403 0.014437134502923976 0.05400219298245614
0 0.44279970760233917 0.3475877192982456 0.020285087719298246 0.04139254385964912
0 0.7603252923976608 0.34978070175438597 0.013888888888888888 0.04303728070175439
0 0.6012426900584795 0.3511513157894737 0.010782163742690058 0.04194078947368421
0 0.40958516081871343 0.3555372807017544 0.015259502923976608 0.046875
0 0.6208881578947368 0.3548519736842105 0.01644736842105263 0.04550438596491228
0 0.6349597953216374 0.3574561403508772 0.015716374269005847 0.04523026315789474
0 0.5618146929824561 0.3601288377192982 0.019828216374269007 0.050027412280701754
0 0.7739400584795322 0.3588267543859649 0.014802631578947368 0.04632675438596491
0 0.790844298245614 0.3566337719298246 0.023026315789473683 0.03974780701754386
0 0.5052997076023392 0.35718201754385964 0.0133406432748538 0.03755482456140351
0 0.5446363304093568 0.3588610197368421 0.02640716374269006 0.03926809210526316
0 0.8791118421052632 0.36197916666666663 0.013157894736842105 0.04550438596491228
0 0.8978435672514621 0.3643777412280702 0.02722953216374269 0.023711622807017545
0 0.8918128654970761 0.38459429824561403 0.029788011695906433 0.02549342105263158
0 0.8713450292397661 0.40529057017543857 0.015533625730994151 0.049890350877192985
0 0.8787463450292398 0.41913377192982454 0.027777777777777776 0.046875
0 0.5870796783625731 0.3666392543859649 0.016812865497076022 0.05263157894736842
0 0.5924707602339182 0.3814418859649123 0.018457602339181287 0.03618421052631579
0 0.49241593567251457 0.3645833333333333 0.013888888888888888 0.04523026315789474
0 0.9107273391812866 0.3522478070175439 0.031067251461988302 0.019462719298245616
0 0.6641995614035088 0.36403508771929827 0.017178362573099414 0.04029605263157895
0 0.6401681286549707 0.3925438596491228 0.03125 0.027138157894736843
0 0.6552448830409356 0.40158991228070173 0.024853801169590642 0.03481359649122807
0 0.6300255847953217 0.4135142543859649 0.03326023391812866 0.027960526315789474
0 0.6197916666666667 0.4199561403508772 0.017178362573099414 0.021655701754385966
0 0.6341374269005847 0.4258497807017544 0.020285087719298246 0.02138157894736842
0 0.39071637426900585 0.37299616228070176 0.017361111111111112 0.057121710526315816
0 0.44809941520467833 0.36348684210526316 0.013706140350877192 0.03700657894736842
0 0.7453399122807017 0.3673245614035088 0.020833333333333332 0.04468201754385965
0 0.7544773391812866 0.3866502192982456 0.01864035087719298 0.03453947368421053
0 0.8463084795321637 0.3628015350877193 0.01663011695906433 0.03179824561403509
0 0.8295869883040935 0.3628015350877193 0.021929824561403508 0.03125
0 0.8546235380116959 0.3925438596491228 0.027777777777777776 0.02823464912280702
0 0.8644005847953217 0.3675986842105263 0.015533625730994151 0.03974780701754386
0 0.8109466374269007 0.3773300438596491 0.017543859649122806 0.049342105263157895
0 0.6413559941520468 0.3756853070175439 0.04057017543859649 0.044407894736842105
0 0.6090095029239766 0.3729440789473684 0.013523391812865496 0.03837719298245614
0 0.6125730994152047 0.3932291666666667 0.024305555555555556 0.03618421052631579
0 0.5960343567251462 0.4139254385964912 0.027777777777777776 0.033717105263157895
0 0.6156798245614036 0.4366776315789474 0.01663011695906433 0.017269736842105265
0 0.6292945906432749 0.44202302631578944 0.01864035087719298 0.01864035087719298
0 0.5175210160818714 0.37870065789473684 0.02608735380116959 0.046600877192982455
0 0.5176352339181286 0.40172697368421056 0.020833333333333332 0.020833333333333332
0 0.5341739766081871 0.4028234649122807 0.014071637426900584 0.01864035087719298
0 0.5028326023391813 0.4121436403508772 0.0266812865497076 0.019736842105263157
0 0.5345394736842106 0.42146381578947373 0.018457602339181287 0.02905701754385965
0 0.5190058479532164 0.43297697368421056 0.011878654970760233 0.04824561403508772
0 0.4919590643274854 0.4287280701754386 0.01516812865497076 0.03919956140350877
0 0.5394736842105263 0.43064692982456143 0.022478070175438597 0.04084429824561404
0 0.5042945906432749 0.44041255482456143 0.023026315789473683 0.043379934210526314
0 0.5011878654970761 0.45600328947368424 0.01608187134502924 0.03618421052631579
0 0.5223866959064327 0.4589501096491228 0.015350877192982455 0.04043311403508772
0 0.9756944444444444 0.37774122807017546 0.017361111111111112 0.04358552631578947
0 0.9906798245614035 0.3911732456140351 0.014437134502923976 0.05455043859649123
0 0.9827302631578947 0.4050164473684211 0.013523391812865496 0.03508771929824561
0 0.9746893274853801 0.4243421052631579 0.019736842105263157 0.03919956140350877
0 0.9805372807017544 0.43530701754385964 0.0266812865497076 0.033717105263157895
0 0.36510873538011696 0.3793009868421053 0.027183845029239765 0.044786184210526346
0 0.37399488304093564 0.41296600877192985 0.011330409356725146 0.027412280701754384
0 0.4784356725146199 0.37993421052631576 0.017361111111111112 0.0424890350877193
0 0.8207236842105263 0.3832236842105263 0.017361111111111112 0.04468201754385965
0 0.426078216374269 0.3898190789473684 0.02010233918128655 0.055339912280701786
0 0.7817068713450293 0.37801535087719296 0.019371345029239765 0.02987938596491228
0 0.796235380116959 0.3919956140350877 0.01699561403508772 0.04358552631578947
0 0.7727521929824561 0.40844298245614036 0.020833333333333332 0.04358552631578947
0 0.7850877192982456 0.41831140350877194 0.020650584795321638 0.05235745614035088
0 0.7042214912280701 0.3881578947368421 0.02010233918128655 0.04194078947368421
0 0.6907894736842105 0.3956962719298246 0.03344298245614035 0.03618421052631579
0 0.35055738304093564 0.395405701754386 0.02540204678362573 0.05150219298245617
0 0.49735014619883045 0.3900082236842105 0.024853801169590642 0.037143640350877194
0 0.47398117690058483 0.4237938596491228 0.02480811403508772 0.046875
0 0.7606907894736843 0.3970668859649123 0.019371345029239765 0.044407894736842105
0 0.7677266081871346 0.4331140350877193 0.025767543859649123 0.033717105263157895
0 0.7564528508771929 0.45980674342105265 0.024418859649122788 0.0439281798245614
0 0.7738486842105263 0.4686129385964912 0.01425438596491228 0.044407894736842105
0 0.7642543859649124 0.4716282894736842 0.01918859649122807 0.049890350877192985
0 0.5735562865497076 0.39816337719298245 0.023026315789473683 0.046052631578947366
0 0.3255208333333333 0.3933662280701754 0.014894005847953216 0.033717105263157895
0 0.8391812865497076 0.3988486842105263 0.023940058479532164 0.04468201754385965
0 0.9311038011695906 0.3945997807017544 0.02138157894736842 0.03618421052631579
0 0.5448647660818714 0.3950109649122807 0.049342105263157895 0.034265350877192985
0 0.45604897660818716 0.3937774122807018 0.017178362573099414 0.02850877192982456
0 0.3133790204678362 0.39660361842105263 0.014323830409356746 0.03601425438596494
0 0.2786915204678363 0.39432565789473684 0.036823830409356724 0.021929824561403508
0 0.38205866228070173 0.40196683114035087 0.012015716374269006 0.0385827850877193
0 0.3905107821637427 0.41581003289473684 0.030290570175438597 0.03241502192982456
0 0.9069809941520468 0.3918585526315789 0.02722953216374269 0.015899122807017545
0 0.6692251461988304 0.39953399122807015 0.02284356725146199 0.02631578947368421
0 0.33669133771929827 0.4010416666666667 0.01722404970760234 0.028782894736842105
0 0.44608918128654973 0.4106359649122807 0.012975146198830409 0.04742324561403509
0 0.7414108187134503 0.40679824561403505 0.017361111111111112 0.0381030701754386
0 0.7316337719298246 0.4114583333333333 0.01608187134502924 0.04523026315789474
0 0.4331140350877193 0.41365131578947373 0.013706140350877192 0.04851973684210526
0 0.4710343567251462 0.4102247807017544 0.012426900584795321 0.04057017543859649
0 0.29743512426900587 0.4029248903508772 0.024373172514619863 0.024533991228070175
0 0.2627010233918129 0.419030975877193 0.023757309941520467 0.03186677631578947
0 0.28079312865497075 0.421875 0.011695906432748537 0.03536184210526316
0 0.266047149122807 0.42819627192982457 0.026794590643274833 0.04026315789473687
0 0.29347222222222225 0.43606085526315785 0.012792397660818713 0.044610745614035024
0 0.28536184210526316 0.42908854166666666 0.0103728070175439 0.023884320175438626
0 0.2764985380116959 0.45583196271929827 0.01918859649122807 0.05187774122807018
0 0.2873949195906433 0.45679139254385964 0.019782529239766082 0.042146381578947366
0 0.9239766081871345 0.40953947368421056 0.014802631578947368 0.036458333333333336
0 0.40976790935672514 0.4100534539473684 0.019279970760233918 0.03570449561403509
0 0.6927083333333334 0.4129660087719298 0.023757309941520467 0.03453947368421053
0 0.9652777777777777 0.4066611842105263 0.019554093567251463 0.020833333333333332
0 0.9012244152046783 0.4141995614035088 0.03033625730994152 0.032072368421052634
0 0.9034173976608187 0.42475328947368424 0.03070175438596491 0.03125
0 0.6763523391812865 0.4203673245614035 0.011878654970760233 0.04276315789473684
0 0.685672514619883 0.4394188596491228 0.011878654970760233 0.05619517543859649
0 0.8399122807017544 0.4258497807017544 0.022112573099415205 0.049890350877192985
0 0.856359649122807 0.42941337719298245 0.015533625730994151 0.048793859649122806
0 0.8237390350877193 0.4413377192982456 0.01644736842105263 0.03974780701754386
0 0.8322368421052632 0.453125 0.017726608187134504 0.0512609649122807
0 0.8159722222222222 0.4753289473684211 0.018092105263157895 0.05455043859649123
0 0.36421783625730997 0.4273231907894737 0.0133406432748538 0.051192434210526314
0 0.35370979532163743 0.4241543311403509 0.01644736842105263 0.04464638157894734
0 0.36796418128654973 0.4605263157894737 0.025219298245614034 0.06880482456140351
0 0.8164290935672515 0.4120065789473684 0.029605263157894735 0.02055921052631579
0 0.8025402046783625 0.424890350877193 0.03508771929824561 0.02055921052631579
0 0.8003472222222223 0.43859649122807015 0.034722222222222224 0.021655701754385966
0 0.4582419590643275 0.4237938596491228 0.012792397660818713 0.04194078947368421
0 0.33141447368421056 0.42365679824561403 0.012792397660818713 0.03892543859649123
0 0.4197048611111111 0.4327371162280702 0.014300073099415205 0.051055372807017545
0 0.9457236842105263 0.42804276315789475 0.014802631578947368 0.03837719298245614
0 0.935763888888889 0.42996162280701755 0.01023391812865497 0.03892543859649123
0 0.5649671052631579 0.4185855263157895 0.029239766081871343 0.018914473684210526
0 0.5474232456140351 0.4466831140350877 0.013888888888888888 0.049342105263157895
0 0.5455043859649122 0.4858826754385965 0.022478070175438597 0.043859649122807015
0 0.9577850877192983 0.42996162280701755 0.016264619883040937 0.041666666666666664
0 0.32178545321637425 0.4348629385964913 0.010712719298245594 0.05071271929824561
0 0.656889619883041 0.4292763157894737 0.02631578947368421 0.03536184210526316
0 0.9172149122807017 0.43050986842105265 0.013706140350877192 0.03508771929824561
0 0.3143046418128655 0.4382195723684211 0.015487938596491228 0.048314144736842105
0 0.3418311403508772 0.4379111842105263 0.010964912280701754 0.047149122807017545
0 0.5971308479532164 0.4331140350877193 0.025950292397660817 0.029331140350877194
0 0.9968019005847953 0.43215460526315785 0.005847953216374269 0.025767543859649123
0 0.9932383040935672 0.4557291666666667 0.0133406432748538 0.06195175438596491
0 0.6652960526315789 0.4409265350877193 0.012426900584795321 0.04276315789473684
0 0.3985745614035088 0.43640350877192985 0.031615497076023395 0.028782894736842105
0 0.3915844298245614 0.4478138706140351 0.02942251461988304 0.03186677631578947
0 0.41595851608187134 0.4766995614035088 0.018777412280701754 0.0503015350877193
0 0.4085343567251462 0.4782072368421053 0.014985380116959063 0.044407894736842105
0 0.5700840643274854 0.4346217105263158 0.0266812865497076 0.02412280701754386
0 0.43768274853801165 0.4543585526315789 0.013706140350877192 0.06140350877192982
0 0.4482821637426901 0.44956140350877194 0.01663011695906433 0.04084429824561404
0 0.6990131578947368 0.4453125 0.014802631578947368 0.04331140350877193
0 0.7109831871345029 0.44668311403508776 0.01644736842105263 0.044407894736842105
0 0.591374269005848 0.4496984649122807 0.01918859649122807 0.04824561403508772
0 0.48236476608187134 0.4418859649122807 0.011695906432748537 0.031524122807017545
0 0.4848775584795322 0.4799890350877193 0.018731725146198832 0.057839912280701754
0 0.24483735380116958 0.4370202850877193 0.02147295321637427 0.018229166666666668
0 0.9205043859649122 0.44805372807017546 0.020285087719298246 0.0400219298245614
0 0.9241593567251463 0.4623081140350877 0.024305555555555556 0.03892543859649123
0 0.6768092105263158 0.4510690789473684 0.015716374269005847 0.04331140350877193
0 0.903234649122807 0.451891447368421 0.013888888888888888 0.044956140350877194
0 0.8901681286549707 0.45586622807017546 0.018457602339181287 0.05071271929824561
0 0.5596673976608186 0.45805921052631576 0.01206140350877193 0.05016447368421053
0 0.35217927631578944 0.4566200657894737 0.014482821637426901 0.046463815789473686
0 0.6449195906432749 0.45593475877192985 0.013706140350877192 0.04043311403508772
0 0.6591739766081871 0.4544956140350877 0.02138157894736842 0.035910087719298246
0 0.3293813961988304 0.45757949561403505 0.023620248538011698 0.04125548245614035
0 0.42872807017543857 0.4580592105263158 0.015533625730994151 0.03919956140350877
0 0.5682565789473685 0.46875 0.015716374269005847 0.05674342105263158
0 0.8580043859649122 0.4721765350877193 0.020285087719298246 0.0581140350877193
0 0.8493238304093567 0.5115131578947368 0.027777777777777776 0.04358552631578947
0 0.7886513157894737 0.4699835526315789 0.014985380116959063 0.049890350877192985
0 0.8738121345029239 0.4716282894736842 0.01644736842105263 0.05317982456140351
0 0.8841374269005848 0.4941063596491228 0.031980994152046784 0.03508771929824561
0 0.6261421783625731 0.469983552631579 0.02585891812865497 0.048793859649122806
0 0.2616730628654971 0.4634046052631579 0.028097587719298246 0.0356359649122807
0 0.5351790935672515 0.47203947368421056 0.015350877192982455 0.05180921052631579
0 0.8038194444444444 0.4684758771929825 0.01644736842105263 0.04468201754385965
0 0.5805921052631579 0.46546052631578944 0.012244152046783625 0.0381030701754386
0 0.605171783625731 0.4628563596491228 0.00804093567251462 0.02905701754385965
0 0.9509320175438596 0.46121162280701755 0.02887426900584795 0.02631578947368421
0 0.24890350877192982 0.46367872807017546 0.024671052631578948 0.02905701754385965
0 0.983735380116959 0.47162828947368424 0.014802631578947368 0.043859649122807015
0 0.6377467105263158 0.4740611293859649 0.02238669590643275 0.047628837719298246
0 0.6169590643274854 0.4750548245614035 0.015899122807017545 0.04742324561403509
0 0.38121345029239767 0.47162828947368424 0.016264619883040937 0.03508771929824561
0 0.3935489766081871 0.4771107456140351 0.015350877192982455 0.046052631578947366
0 0.8403691520467836 0.48218201754385964 0.01425438596491228 0.05016447368421053
0 0.743969298245614 0.4819078947368421 0.011878654970760233 0.046875
0 0.9741410818713451 0.484375 0.02266081871345029 0.04084429824561404
0 0.4494700292397661 0.4857456140350877 0.017543859649122806 0.04358552631578947
0 0.4718110380116959 0.4853344298245614 0.015076754385964912 0.042214912280701754
0 0.9449926900584795 0.47286184210526316 0.02905701754385965 0.01617324561403509
0 0.6564327485380117 0.4903714364035088 0.022021198830409358 0.04173519736842105
0 0.4258497807017544 0.4942776864035088 0.01653874269005848 0.0420093201754386
0 0.9466374269005848 0.49753289473684215 0.01699561403508772 0.04413377192982456
0 0.9595211988304094 0.504797149122807 0.01827485380116959 0.046600877192982455
0 0.9744152046783625 0.5260416666666666 0.022478070175438597 0.03974780701754386
0 0.500890899122807 0.4985265899122807 0.016584429824561403 0.053796600877192985
0 0.5161960891812866 0.48769873903508776 0.02608735380116959 0.020490679824561403
0 0.7305372807017544 0.4994517543859649 0.017909356725146198 0.038651315789473686
0 0.6933707967836258 0.5059279057017544 0.0188687865497076 0.06133497807017544
0 0.7005665204678362 0.5239857456140351 0.012426900584795321 0.04057017543859649
0 0.6806469298245613 0.49383223684210525 0.019736842105263157 0.020285087719298246
0 0.8313230994152047 0.504797149122807 0.014071637426900584 0.039473684210526314
0 0.5917169225146199 0.5093201754385965 0.018777412280701754 0.04797149122807018
0 0.4589501096491228 0.5052083333333334 0.01896016081871345 0.0381030701754386
0 0.9923245614035088 0.510279605263158 0.014802631578947368 0.046600877192982455
0 0.9945175438596492 0.5407072368421053 0.010782163742690058 0.09210526315789473
0 0.9848318713450293 0.5476973684210527 0.017361111111111112 0.046875
0 0.9883040935672515 0.5877192982456141 0.02284356725146199 0.03481359649122807
0 0.43375365497076024 0.5043859649122807 0.013523391812865496 0.033717105263157895
0 0.795047514619883 0.5028782894736842 0.03070175438596491 0.020285087719298246
0 0.5715460526315789 0.505345394736842 0.020833333333333332 0.01644736842105263
0 0.558296783625731 0.520422149122807 0.02138157894736842 0.046052631578947366
0 0.9221491228070176 0.5195997807017544 0.025767543859649123 0.044407894736842105
0 0.5259731359649122 0.5209018640350878 0.021335891812865496 0.04673793859649123
0 0.5037463450292398 0.5260416666666667 0.023026315789473683 0.04906798245614035
0 0.6467699195906432 0.5256647478070176 0.013477704678362573 0.045984100877192985
0 0.669796235380117 0.5361842105263158 0.015670687134502925 0.04906798245614035
0 0.814967105263158 0.5297423245614035 0.017178362573099414 0.05098684210526316
0 0.5392909356725146 0.5252192982456141 0.01516812865497076 0.04029605263157895
0 0.8835891812865497 0.5198739035087718 0.033808479532163746 0.027960526315789474
0 0.8916301169590642 0.5507127192982456 0.036366959064327485 0.038651315789473686
0 0.7096582602339181 0.5337335526315788 0.01471125730994152 0.05513157894736839
0 0.7303545321637427 0.528234649122807 0.021564327485380116 0.03974780701754386
0 0.7204861111111112 0.5437225877192983 0.015350877192982455 0.0537280701754386
0 0.7330043859649122 0.553453947368421 0.012609649122807017 0.04029605263157895
0 0.7780519005847953 0.5341282894736842 0.015716374269005847 0.05098684210526316
0 0.4364948830409357 0.529468201754386 0.021198830409356724 0.04057017543859649
0 0.7447916666666666 0.5296052631578947 0.01206140350877193 0.0381030701754386
0 0.569718567251462 0.5259046052631579 0.01644736842105263 0.02905701754385965
0 0.6277183845029239 0.5263157894736843 0.02828033625730994 0.027138157894736843
0 0.8970211988304094 0.5285087719298246 0.01827485380116959 0.031524122807017545
0 0.4452668128654971 0.5338541666666666 0.019371345029239765 0.0400219298245614
0 0.4835526315789474 0.5360471491228069 0.017361111111111112 0.044407894736842105
0 0.8675986842105263 0.5375548245614035 0.020833333333333332 0.04523026315789474
0 0.7687317251461988 0.5420778508771931 0.019736842105263157 0.049342105263157895
0 0.471125730994152 0.5456414473684211 0.014071637426900584 0.049890350877192985
0 0.6079934210526315 0.535670230263158 0.016608187134502943 0.02939967105263158
0 0.6047944078947368 0.5509703947368422 0.017658991228070197 0.04471491228070172
0 0.5570175438596491 0.542077850877193 0.020285087719298246 0.03673245614035088
0 0.924890350877193 0.5449561403508772 0.023574561403508772 0.04084429824561404
0 0.8275767543859649 0.5445449561403509 0.01827485380116959 0.03837719298245614
0 0.6283580043859649 0.5546875 0.024899488304093567 0.054276315789473686
0 0.8534356725146198 0.5534539473684211 0.021747076023391813 0.04961622807017544
0 0.8645833333333334 0.5582510964912282 0.010782163742690058 0.03453947368421053
0 0.6203051900584795 0.5510896381578947 0.016012426900584777 0.04242050438596491
0 0.7619700292397661 0.5529057017543859 0.0222953216374269 0.031524122807017545
0 0.5821345029239766 0.5500274122807018 0.03323830409356727 0.0268640350877193
0 0.44679733187134507 0.5575328947368422 0.028645833333333332 0.0556469298245614
0 0.9685672514619883 0.5645559210526315 0.020285087719298246 0.052083333333333336
0 0.6496600877192982 0.5531455592105262 0.020994152046783645 0.03186677631578947
0 0.24232456140350878 0.5604440789473684 0.023574561403508772 0.0356359649122807
0 0.509046052631579 0.5683936403508772 0.014619883040935672 0.047149122807017545
0 0.8434758771929824 0.5645559210526315 0.01864035087719298 0.04331140350877193
0 0.684484649122807 0.5614035087719298 0.013523391812865496 0.03700657894736842
0 0.2808845029239766 0.5579769736842105 0.016264619883040937 0.031661184210526314
0 0.9569627192982456 0.5703125 0.020833333333333332 0.05098684210526316
0 0.3291301169590643 0.5675712719298246 0.01882309941520468 0.04276315789473684
0 0.35878106725146197 0.573327850877193 0.019462719298245616 0.05098684210526316
0 0.6057428728070176 0.5733621162280702 0.024168494152046784 0.051055372807017545
0 0.7546600877192983 0.5666118421052632 0.02412280701754386 0.036458333333333336
0 0.7537463450292398 0.5968338815789473 0.01425438596491228 0.05688048245614035
0 0.74515716374269 0.6011513157894737 0.012792397660818713 0.038651315789473686
0 0.5838815789473685 0.572094298245614 0.018092105263157895 0.04523026315789474
0 0.6501845760233919 0.5766173245614035 0.01802266081871343 0.052083333333333336
0 0.8885233918128654 0.5693530701754386 0.022112573099415205 0.035910087719298246
0 0.34046052631578944 0.5708607456140351 0.018092105263157895 0.03728070175438596
0 0.5463267543859649 0.5719572368421053 0.021564327485380116 0.04057017543859649
0 0.7387609649122807 0.579906798245614 0.01644736842105263 0.0537280701754386
0 0.9267178362573099 0.5746984649122806 0.020650584795321638 0.04331140350877193
0 0.5207419590643274 0.5767543859649122 0.012426900584795321 0.04303728070175439
0 0.5309758771929824 0.5842927631578947 0.010964912280701754 0.046600877192982455
0 0.7232273391812866 0.573327850877193 0.014985380116959063 0.03618421052631579
0 0.7016630116959064 0.5794956140350878 0.023026315789473683 0.04577850877192982
0 0.631281980994152 0.5783305921052632 0.02042214912280702 0.04262609649122807
0 0.5370065789473684 0.5764802631578947 0.014985380116959063 0.035910087719298246
0 0.5686220760233918 0.5742872807017544 0.021564327485380116 0.030975877192982455
0 0.8737207602339182 0.5748355263157895 0.010782163742690058 0.032072368421052634
0 0.7876461988304093 0.5733278508771931 0.020650584795321638 0.0268640350877193
0 0.6589912280701754 0.5862116228070176 0.01663011695906433 0.046600877192982455
0 0.6002375730994152 0.5868969298245613 0.02266081871345029 0.04358552631578947
0 0.803453947368421 0.5881304824561404 0.01644736842105263 0.0400219298245614
0 0.7955957602339181 0.5873081140350876 0.013888888888888888 0.03673245614035088
0 0.7802448830409358 0.5837445175438596 0.025950292397660817 0.029605263157894735
0 0.6324013157894737 0.590734649122807 0.019736842105263157 0.03974780701754386
0 0.670047514619883 0.5993695175438597 0.013888888888888888 0.05482456140350877
0 0.4724049707602339 0.5875822368421053 0.03125 0.024671052631578948
0 0.722953216374269 0.6025904605263158 0.0268640350877193 0.04810855263157895
0 0.8093932748538012 0.6025219298245614 0.021747076023391813 0.03262061403508772
0 0.9762426900584795 0.6041666666666667 0.023940058479532164 0.03262061403508772
0 0.7039930555555556 0.6323327850877194 0.02585891812865497 0.050027412280701754
0 0.359375 0.7085046600877193 0.01516812865497076 0.04063870614035088
0 0.7197094298245614 0.7167626096491229 0.030062134502923978 0.019325657894736843
0 0.5340369152046783 0.7373218201754386 0.02823464912280702 0.03275767543859649
0 0.741593567251462 0.7354029605263158 0.020285087719298246 0.025356359649122806
0 0.12504568713450293 0.7915981359649124 0.015990497076023392 0.02700109649122807
0 0.7051809210526315 0.7961211622807017 0.01964546783625731 0.020148026315789474
0 0.302266081871345 0.4190995065789474 0.02010233918128655 0.02446546052631579
0 0.30391081871345027 0.4450561951754386 0.010964912280701754 0.039372258771929854
0 0.43116045321637425 0.3429098135964912 0.01985014619883039 0.04313870614035085
0 0.45841739766081874 0.5623286732456141 0.01617324561403509 0.04461348684210526
0 0.6576471125730994 0.5285498903508772 0.016949926900584795 0.04377741228070177
0 0.7459722222222223 0.4418023574561404 0.026589912280701754 0.04091282894736842
0 0.7551964546783626 0.4411143092105263 0.01779422514619881 0.01922423245614038
0 0.6750959429824562 0.5164542214912281 0.026017909356725127 0.024383223684210538
0 0.7697139985380117 0.5967310855263158 0.020970394736842105 0.029947916666666668
0 0.7768183479532164 0.5964912280701754 0.019736842105263157 0.023574561403508772
0 0.9974872076023391 0.3941200657894737 0.005573830409356725 0.04399671052631579
0 0.5346308479532165 0.7654194078947368 0.01114766081871345 0.03796600877192982
