0 0.0975 0.245 0.01725 0.019666666666666666
0 0.055375 0.248 0.0155 0.017
0 0.39737500000000003 0.30383333333333334 0.018 0.018
0 0.753 0.38399999999999995 0.01275 0.023666666666666666
0 0.170625 0.4091666666666666 0.0255 0.02666666666666667
0 0.18725 0.4166666666666667 0.02225 0.031
0 0.201625 0.42216666666666663 0.0145 0.034666666666666665
0 0.22487500000000002 0.42183333333333334 0.0145 0.034
0 0.212375 0.42633333333333334 0.012 0.037
0 0.31024999999999997 0.42966666666666664 0.01625 0.03966666666666667
0 0.139125 0.429 0.0145 0.035666666666666666
0 0.25675000000000003 0.427 0.01875 0.030333333333333334
0 0.24225 0.4335 0.01375 0.03933333333333333
0 0.336125 0.429 0.0255 0.027666666666666666
0 0.151375 0.43466666666666665 0.012 0.036333333333333336
0 0.260625 0.43616666666666665 0.0185 0.034666666666666665
0 0.27187500000000003 0.436 0.018 0.035
0 0.41050000000000003 0.44599999999999995 0.01575 0.03766666666666667
0 0.398625 0.45033333333333336 0.014 0.045
0 0.284375 0.44383333333333336 0.029 0.028
0 0.3615 0.44699999999999995 0.01325 0.033666666666666664
0 0.41925 0.45216666666666666 0.01275 0.043333333333333335
0 0.43825 0.45099999999999996 0.01325 0.03966666666666667
0 0.376625 0.4395 0.0185 0.015333333333333332
0 0.42924999999999996 0.4503333333333333 0.01125 0.03766666666666667
0 0.340875 0.45283333333333337 0.017 0.038
0 0.38625 0.4525 0.01525 0.037333333333333336
0 0.669375 0.45616666666666666 0.0155 0.042666666666666665
0 0.6773750000000001 0.45216666666666666 0.012 0.028666666666666667
0 0.51525 0.4558333333333333 0.02125 0.027333333333333334
0 0.372875 0.4573333333333333 0.012 0.025666666666666667
0 0.473625 0.466 0.013 0.043
0 0.663125 0.4656666666666667 0.016 0.04033333333333333
0 0.48675 0.45966666666666667 0.01175 0.025666666666666667
0 0.4975 0.46449999999999997 0.01275 0.03666666666666667
0 0.6346875000000001 0.4663333333333333 0.024375 0.035
0 0.44375 0.46399999999999997 0.01725 0.028333333333333332
0 0.45425 0.4661666666666666 0.02325 0.030666666666666665
0 0.572875 0.4678333333333333 0.0205 0.029333333333333333
0 0.586125 0.4701666666666666 0.0145 0.034666666666666665
0 0.60575 0.4711666666666666 0.01175 0.034666666666666665
0 0.618 0.47333333333333333 0.01325 0.03233333333333333
0 0.536625 0.4791666666666667 0.0205 0.04
0 0.5427500000000001 0.47750000000000004 0.01825 0.032
0 0.460375 0.47783333333333333 0.0155 0.035333333333333335
0 0.657875 0.4815 0.012 0.04133333333333333
0 0.649 0.48283333333333334 0.01125 0.03866666666666667
0 0.410875 0.4765 0.013 0.029333333333333333
0 0.633375 0.4796666666666667 0.0185 0.035
0 0.860375 0.474 0.024 0.022333333333333334
0 0.507875 0.4845 0.015 0.04133333333333333
0 0.591625 0.48366666666666663 0.016 0.035666666666666666
0 0.779 0.47983333333333333 0.01325 0.027333333333333334
0 0.52375 0.48566666666666664 0.01675 0.03233333333333333
0 0.491375 0.48683333333333334 0.011 0.026
0 0.7675 0.48183333333333334 0.00975 0.012666666666666666
0 0.8240000000000001 0.49316666666666664 0.02875 0.03333333333333333
0 0.439375 0.4855 0.016 0.015333333333333332
0 0.716 0.4975 0.01975 0.034
0 0.60425 0.5015000000000001 0.01175 0.04066666666666666
0 0.758375 0.49883333333333335 0.0155 0.03333333333333333
0 0.682125 0.491 0.011 0.015
0 0.68375 0.5158333333333334 0.01325 0.042666666666666665
0 0.5673750000000001 0.49866666666666665 0.0135 0.029666666666666668
0 0.7465 0.5003333333333333 0.01275 0.03166666666666667
0 0.628875 0.4995 0.0165 0.027333333333333334
0 0.7977500000000001 0.5016666666666667 0.01275 0.03233333333333333
0 0.792875 0.5306666666666666 0.0145 0.028333333333333332
0 0.6725 0.5041666666666667 0.01475 0.035333333333333335
0 0.707875 0.5028333333333334 0.0155 0.03133333333333333
0 0.7685 0.503 0.01325 0.029
0 0.7783749999999999 0.5061666666666667 0.0145 0.035333333333333335
0 0.616 0.5061666666666667 0.01075 0.034666666666666665
0 0.577625 0.5038333333333334 0.0095 0.028666666666666667
0 0.7005 0.5053333333333333 0.01375 0.031
0 0.6935 0.5101666666666667 0.01175 0.03933333333333333
0 0.7865000000000001 0.5078333333333334 0.01225 0.03333333333333333
0 0.8085 0.5125 0.01525 0.03866666666666667
0 0.411875 0.502 0.023 0.017
0 0.5964999999999999 0.5126666666666667 0.01375 0.036333333333333336
0 0.66675 0.5173333333333333 0.01325 0.043666666666666666
0 0.20875 0.5183333333333333 0.01725 0.03833333333333333
0 0.65325 0.5106666666666667 0.02075 0.015666666666666666
0 0.8177500000000001 0.5255 0.01225 0.036
0 0.839625 0.5319999999999999 0.0165 0.049
0 0.945375 0.5283333333333333 0.0165 0.03766666666666667
0 0.764375 0.5258333333333333 0.0235 0.02666666666666667
0 0.7565 0.5323333333333333 0.02375 0.033
0 0.8256249999999999 0.5311666666666667 0.0125 0.038
0 0.9369999999999999 0.531 0.01125 0.036333333333333336
0 0.924625 0.5348333333333334 0.0145 0.038
0 0.88225 0.5346666666666666 0.01575 0.04033333333333333
0 0.8755 0.5419999999999999 0.01775 0.037
0 0.905 0.5395000000000001 0.01725 0.04533333333333334
0 0.894875 0.5403333333333333 0.011 0.043666666666666666
0 0.256625 0.5381666666666667 0.02 0.038
0 0.2445 0.5373333333333333 0.01825 0.033666666666666664
0 0.73025 0.538 0.01575 0.035666666666666666
0 0.7833749999999999 0.5401666666666667 0.015 0.03266666666666666
0 0.86575 0.5443333333333333 0.02125 0.037
0 0.916625 0.5451666666666667 0.018 0.037333333333333336
0 0.26087499999999997 0.5501666666666667 0.0165 0.04533333333333334
0 0.367 0.5431666666666667 0.01825 0.030666666666666665
0 0.3605 0.5740000000000001 0.01525 0.03766666666666667
0 0.801 0.544 0.01925 0.03166666666666667
0 0.27337500000000003 0.551 0.017 0.03766666666666667
0 0.32375 0.5505 0.02225 0.024
0 0.3155 0.5643333333333334 0.02025 0.033666666666666664
0 0.337875 0.554 0.0065 0.013666666666666667
0 0.3321875 0.5743333333333333 0.012125 0.027
0 0.345 0.5703333333333334 0.01525 0.04566666666666667
0 0.35425 0.5651666666666667 0.01325 0.029333333333333333
0 0.431125 0.5718333333333334 0.0165 0.03333333333333333
0 0.311625 0.574 0.0205 0.036333333333333336
0 0.37337499999999996 0.5725 0.0155 0.03133333333333333
0 0.38587499999999997 0.5785 0.0195 0.036
0 0.5855 0.5735 0.01475 0.02
0 0.59 0.5915 0.00975 0.017333333333333333
0 0.5486249999999999 0.5796666666666667 0.013 0.03233333333333333
0 0.5793750000000001 0.578 0.0195 0.029
0 0.405 0.5845 0.01375 0.037333333333333336
0 0.659625 0.586 0.0155 0.041
0 0.557125 0.588 0.0125 0.04033333333333333
0 0.484125 0.5863333333333334 0.013 0.035666666666666666
0 0.495125 0.5938333333333333 0.0125 0.051333333333333335
0 0.54 0.5883333333333334 0.01825 0.03966666666666667
0 0.392 0.5896666666666667 0.01225 0.041666666666666664
0 0.428875 0.5875 0.0165 0.034666666666666665
0 0.449875 0.5828333333333333 0.02 0.024666666666666667
0 0.531375 0.591 0.0175 0.03833333333333333
0 0.6275 0.5963333333333334 0.01725 0.044333333333333336
0 0.56775 0.5895 0.01075 0.028
0 0.50475 0.5981666666666666 0.00825 0.03866666666666667
0 0.51975 0.5951666666666667 0.02075 0.03133333333333333
0 0.37237499999999996 0.5963333333333333 0.0235 0.024333333333333332
0 0.516125 0.61 0.013 0.04033333333333333
0 0.77175 0.6041666666666666 0.02325 0.028666666666666667
0 0.7028749999999999 0.6131666666666666 0.027 0.034666666666666665
0 0.81125 0.623 0.02025 0.041
0 0.82375 0.6325000000000001 0.01775 0.035333333333333335
0 0.892875 0.6196666666666666 0.023 0.033
0 0.7853749999999999 0.623 0.011 0.03766666666666667
0 0.76925 0.6196666666666666 0.02975 0.025
0 0.719 0.6221666666666666 0.01475 0.03266666666666666
0 0.88 0.6244999999999999 0.01625 0.03666666666666667
0 0.468875 0.6226666666666667 0.0195 0.030333333333333334
0 0.8714999999999999 0.6326666666666667 0.01575 0.03833333333333333
0 0.79875 0.6288333333333334 0.01575 0.026
0 0.860875 0.6326666666666667 0.019 0.034333333333333334
0 0.909 0.6335000000000001 0.01225 0.036
0 0.767 0.6321666666666668 0.02475 0.025333333333333333
0 0.46575 0.6538333333333334 0.01825 0.036
0 0.5443749999999999 0.6568333333333333 0.015 0.03266666666666666
0 0.48175 0.667 0.02975 0.04033333333333333
0 0.4925 0.6985 0.01575 0.036
0 0.49175 0.6645 0.02525 0.028
0 0.611125 0.6716666666666667 0.0205 0.035666666666666666
0 0.6933750000000001 0.6775 0.0155 0.04066666666666666
0 0.42212500000000003 0.6805 0.011 0.036
0 0.434 0.6843333333333333 0.01225 0.04033333333333333
0 0.439875 0.6978333333333334 0.018 0.025333333333333333
0 0.455125 0.6845 0.014 0.034666666666666665
0 0.596125 0.6835 0.018 0.023333333333333334
0 0.579 0.6853333333333332 0.02125 0.025
0 0.737125 0.6878333333333333 0.024 0.02666666666666667
0 0.600625 0.6996666666666667 0.0185 0.034333333333333334
0 0.502875 0.7021666666666667 0.0195 0.034
0 0.5307499999999999 0.7078333333333334 0.01725 0.03333333333333333
0 0.5405000000000001 0.7236666666666667 0.01025 0.035
0 0.5642499999999999 0.7148333333333333 0.01375 0.048
0 0.4235 0.7105 0.02025 0.030666666666666665
0 0.61475 0.7113333333333334 0.01575 0.03233333333333333
0 0.6088749999999999 0.7151666666666667 0.0125 0.032
0 0.68925 0.7108333333333334 0.01625 0.03133333333333333
0 0.472125 0.7076666666666667 0.022 0.021
0 0.51725 0.7125 0.01675 0.028666666666666667
0 0.518625 0.7411666666666666 0.015 0.026
0 0.625625 0.7163333333333334 0.018 0.035666666666666666
0 0.592125 0.7145 0.028 0.03
0 0.58775 0.7303333333333334 0.01325 0.035666666666666666
0 0.449375 0.7128333333333333 0.021 0.024666666666666667
0 0.716375 0.717 0.0155 0.03233333333333333
0 0.7288749999999999 0.7324999999999999 0.0205 0.030666666666666665
0 0.5523750000000001 0.7213333333333333 0.014 0.037
0 0.553375 0.7465 0.015 0.026
0 0.57625 0.7253333333333334 0.01225 0.042333333333333334
0 0.7006249999999999 0.7206666666666667 0.013 0.028333333333333332
0 0.776875 0.728 0.026 0.034333333333333334
0 0.652625 0.7298333333333333 0.0215 0.024
0 0.680125 0.7354999999999999 0.0135 0.03666666666666667
0 0.7495 0.7335 0.02225 0.03133333333333333
0 0.8098749999999999 0.7326666666666667 0.021 0.028333333333333332
0 0.642 0.7386666666666667 0.01575 0.03833333333333333
0 0.792625 0.7381666666666666 0.0135 0.038
0 0.498 0.7396666666666667 0.01225 0.03966666666666667
0 0.48725 0.7503333333333334 0.01575 0.03966666666666667
0 0.511875 0.7336666666666667 0.0145 0.028333333333333332
0 0.623 0.7351666666666666 0.02225 0.030666666666666665
0 0.603125 0.745 0.0225 0.03833333333333333
0 0.6075 0.7415833333333333 0.01475 0.0165
0 0.76875 0.7343333333333334 0.02225 0.029666666666666668
0 0.6673749999999999 0.741 0.0185 0.03833333333333333
0 0.5329999999999999 0.737 0.01375 0.023
0 0.704375 0.7456666666666667 0.014 0.036333333333333336
0 0.716125 0.7495 0.012 0.03933333333333333
0 0.8175 0.7421666666666666 0.02425 0.024666666666666667
0 0.566125 0.7463333333333333 0.0165 0.031
0 0.6325000000000001 0.7561666666666667 0.01075 0.030666666666666665
0 0.62425 0.7638333333333334 0.01775 0.035333333333333335
0 0.64475 0.7595000000000001 0.02325 0.024
0 0.674375 0.7685 0.019 0.03666666666666667
0 0.684875 0.7718333333333334 0.02 0.036
0 0.65175 0.7705 0.02275 0.028666666666666667
0 0.64375 0.7993333333333333 0.02425 0.027666666666666666
0 0.7192125 0.7369166666666667 0.01225 0.018759999999999916
