0 0.48830409356725146 0.14610745614035087 0.026498538011695907 0.034265350877192985
0 0.5044773391812866 0.16173245614035087 0.02266081871345029 0.04029605263157895
0 0.9073464912280701 0.16981907894736842 0.02138157894736842 0.04550438596491228
0 0.9370431286549707 0.18283991228070176 0.039108187134502925 0.022203947368421052
0 0.5837902046783625 0.1655701754385965 0.02887426900584795 0.035910087719298246
0 0.5113304093567251 0.17351973684210525 0.020650584795321638 0.0424890350877193
0 0.5525402046783625 0.17708333333333334 0.013157894736842105 0.04468201754385965
0 0.5678453947368421 0.1875685307017544 0.01745248538011696 0.06126644736842105
0 0.5773711622807017 0.17903645833333331 0.02124451754385965 0.04625822368421053
0 0.8198099415204678 0.18859649122807018 0.0133406432748538 0.03536184210526316
0 0.8845942982456141 0.19791666666666666 0.019371345029239765 0.04906798245614035
0 0.878015350877193 0.23697916666666666 0.027777777777777776 0.03892543859649123
0 0.7894736842105263 0.19449013157894737 0.030153508771929825 0.04111842105263158
0 0.9049707602339182 0.18859649122807018 0.026498538011695907 0.027138157894736843
0 0.8707054093567251 0.20298793859649122 0.02010233918128655 0.0537280701754386
0 0.5463724415204678 0.20627741228070176 0.020924707602339183 0.05098684210526316
0 0.6710526315789473 0.19222861842105263 0.037463450292397664 0.029742324561403508
0 0.9627192982456141 0.20189144736842107 0.03307748538011696 0.03618421052631579
0 0.9704861111111112 0.21751644736842107 0.03179824561403509 0.02631578947368421
0 0.8282163742690059 0.2080592105263158 0.014802631578947368 0.04523026315789474
0 0.8406432748538012 0.2173793859649123 0.015533625730994151 0.06277412280701754
0 0.8112207602339181 0.21546052631578946 0.019919590643274854 0.05674342105263158
0 0.7979714912280701 0.2158717105263158 0.019736842105263157 0.041666666666666664
0 0.7875548245614036 0.23177083333333334 0.03326023391812866 0.03289473684210526
0 0.9071637426900585 0.21121162280701752 0.031615497076023395 0.04057017543859649
0 0.930281432748538 0.2040844298245614 0.038011695906432746 0.024671052631578948
0 0.9323830409356725 0.23410087719298245 0.02101608187134503 0.05290570175438596
0 0.9565515350877193 0.29118695175438597 0.016904239766081873 0.0634594298245614
0 0.930921052631579 0.3119517543859649 0.0268640350877193 0.04632675438596491
0 0.5087719298245614 0.20847039473684212 0.0403874269005848 0.025767543859649123
0 0.853344298245614 0.22532894736842105 0.01425438596491228 0.05893640350877193
0 0.86421783625731 0.2246436403508772 0.014071637426900584 0.05317982456140351
0 0.6102887426900585 0.2266310307017544 0.02448830409356725 0.051672149122807015
0 0.5216557017543859 0.21902412280701755 0.035818713450292396 0.03536184210526316
0 0.6308479532163743 0.2242324561403509 0.01918859649122807 0.04358552631578947
0 0.7275219298245614 0.2294407894736842 0.02540204678362573 0.04523026315789474
0 0.6818347953216375 0.23917214912280702 0.017726608187134504 0.051535087719298246
0 0.6546052631578948 0.23423793859649122 0.0268640350877193 0.0400219298245614
0 0.8908077485380117 0.2372532894736842 0.023757309941520467 0.03728070175438596
0 0.8682383040935673 0.2774122807017544 0.026498538011695907 0.046875
0 0.8541666666666667 0.2774122807017544 0.03453947368421053 0.04632675438596491
0 0.9137426900584795 0.2484923245614035 0.022478070175438597 0.054276315789473686
0 0.9034173976608187 0.2579495614035088 0.014985380116959063 0.04851973684210526
0 0.8278508771929824 0.24862938596491227 0.015533625730994151 0.05235745614035088
0 0.7106633771929824 0.24725877192982457 0.02860014619883041 0.04303728070175439
0 0.9784356725146199 0.2436951754385965 0.031980994152046784 0.023848684210526317
0 0.7693713450292398 0.2579495614035088 0.0360014619883041 0.0424890350877193
0 0.8348410087719298 0.27186129385964913 0.03225511695906433 0.055509868421052634
0 0.7330043859649122 0.2793311403508772 0.02284356725146199 0.05016447368421053
0 0.9776133040935673 0.27402001096491224 0.025950292397660817 0.03721217105263158
0 0.7611476608187134 0.2805646929824561 0.02138157894736842 0.046600877192982455
0 0.9041483918128655 0.30043859649122806 0.0266812865497076 0.03919956140350877
0 0.9810855263157895 0.30235745614035087 0.03728070175438596 0.030975877192982455
0 0.6957236842105263 0.31154057017543857 0.021747076023391813 0.04550438596491228
0 0.8622989766081872 0.321546052631579 0.03435672514619883 0.04084429824561404
0 0.9940606725146199 0.3109923245614035 0.011695906432748537 0.01644736842105263
0 0.6208881578947368 0.3229166666666667 0.01425438596491228 0.027138157894736843
0 0.7521929824561403 0.3364857456140351 0.02320906432748538 0.052083333333333336
0 0.5593019005847953 0.332922149122807 0.023026315789473683 0.041666666666666664
0 0.7713815789473685 0.3352521929824561 0.016264619883040937 0.04632675438596491
0 0.650858918128655 0.33223684210526316 0.017178362573099414 0.0381030701754386
0 0.43302266081871343 0.3388157894736842 0.015350877192982455 0.05016447368421053
0 0.29331140350877194 0.3405975877192982 0.01918859649122807 0.049890350877192985
0 0.19490131578947367 0.34155701754385964 0.015716374269005847 0.05016447368421053
0 0.7266081871345029 0.33511513157894735 0.014802631578947368 0.03728070175438596
0 0.7985197368421053 0.34662828947368424 0.02448830409356725 0.06030701754385965
0 0.31158625730994155 0.3348410087719298 0.02138157894736842 0.03453947368421053
0 0.3378563596491228 0.33511513157894735 0.03517909356725146 0.030153508771929825
0 0.3253837719298246 0.36115679824561403 0.027777777777777776 0.04824561403508772
0 0.21116593567251463 0.3436129385964912 0.02010233918128655 0.05043859649122807
0 0.3786549707602339 0.34512061403508776 0.018092105263157895 0.05180921052631579
0 0.6656615497076024 0.3471765350877193 0.017178362573099414 0.05317982456140351
0 0.5890899122807017 0.34978070175438597 0.017178362573099414 0.05400219298245614
0 0.5795869883040935 0.3723958333333333 0.021198830409356724 0.05482456140350877
0 0.6824744152046783 0.3490953947368421 0.019736842105263157 0.049342105263157895
0 0.41940789473684215 0.34333881578947373 0.0133406432748538 0.03673245614035088
0 0.6966374269005847 0.3488212719298246 0.013706140350877192 0.04111842105263158
0 0.5403874269005848 0.35402960526315785 0.01882309941520468 0.048793859649122806
0 0.6258223684210525 0.35457785087719296 0.02010233918128655 0.049342105263157895
0 0.8628472222222223 0.3549890350877193 0.027046783625730993 0.05016447368421053
0 0.08648574561403509 0.35896381578947373 0.02768640350877193 0.052083333333333336
0 0.2359283625730994 0.3614309210526316 0.02138157894736842 0.049890350877192985
0 0.7131761695906432 0.36554276315789475 0.02046783625730994 0.054276315789473686
0 0.8279422514619883 0.3608826754385965 0.025219298245614034 0.04331140350877193
0 0.0649671052631579 0.3693804824561403 0.02010233918128655 0.05701754385964912
0 0.8143274853801169 0.3516995614035088 0.028326023391812866 0.0200109649122807
0 0.38596491228070173 0.37198464912280704 0.022478070175438597 0.05893640350877193
0 0.1429093567251462 0.3612938596491228 0.02320906432748538 0.03536184210526316
0 0.45531798245614036 0.36896929824561403 0.016812865497076022 0.05016447368421053
0 0.9119152046783625 0.3744517543859649 0.019919590643274854 0.057291666666666664
0 0.4710343567251462 0.3733552631578947 0.01644736842105263 0.05290570175438596
0 0.17178362573099415 0.36307565789473684 0.034173976608187134 0.029605263157894735
0 0.1825657894736842 0.37870065789473684 0.03527046783625731 0.022478070175438597
0 0.5561038011695906 0.3759594298245614 0.020650584795321638 0.0537280701754386
0 0.12390350877192982 0.37253289473684215 0.020285087719298246 0.04468201754385965
0 0.8494152046783625 0.3740405701754386 0.014437134502923976 0.047697368421052634
0 0.097953216374269 0.37020285087719296 0.02905701754385965 0.03892543859649123
0 0.75 0.37760416666666663 0.02101608187134503 0.0537280701754386
0 0.2194809941520468 0.3776041666666667 0.018457602339181287 0.05098684210526316
0 0.2087902046783626 0.40858004385964913 0.0222953216374269 0.0400219298245614
0 0.22679093567251463 0.4161184210526316 0.0133406432748538 0.03042763157894737
0 0.2172423245614035 0.4300986842105263 0.011421783625730994 0.02055921052631579
0 0.4883954678362573 0.3852796052631579 0.016812865497076022 0.06578947368421052
0 0.505391081871345 0.3944627192982456 0.02046783625730994 0.060032894736842105
0 0.6095577485380117 0.3777412280701754 0.01608187134502924 0.04961622807017544
0 0.4397843567251462 0.37856359649122806 0.015350877192982455 0.04906798245614035
0 0.44992690058479534 0.4118695175438597 0.017361111111111112 0.048793859649122806
0 0.36293859649122806 0.3824013157894737 0.018092105263157895 0.05180921052631579
0 0.3359831871345029 0.385827850877193 0.0222953216374269 0.05646929824561404
0 0.8049616228070174 0.3832922149122807 0.02768640350877193 0.05084978070175439
0 0.3963815789473684 0.38459429824561403 0.020285087719298246 0.0512609649122807
0 0.24031432748538012 0.3903508771929825 0.015899122807017545 0.05619517543859649
0 0.6539656432748538 0.3904879385964912 0.025584795321637425 0.0537280701754386
0 0.6945358187134503 0.3881578947368421 0.02448830409356725 0.04906798245614035
0 0.006578947368421052 0.38459429824561403 0.0133406432748538 0.03974780701754386
0 0.7653508771929824 0.39364035087719296 0.023940058479532164 0.05674342105263158
0 0.741045321637427 0.40364583333333337 0.033808479532163746 0.047697368421052634
0 0.8969298245614035 0.3885690789473684 0.014071637426900584 0.046052631578947366
0 0.5948464912280702 0.3917214912280702 0.01663011695906433 0.0512609649122807
0 0.9694809941520468 0.39295504385964913 0.017361111111111112 0.054276315789473686
0 0.9279970760233919 0.3904879385964912 0.01699561403508772 0.047697368421052634
0 0.4097222222222222 0.3904879385964912 0.031615497076023395 0.047149122807017545
0 0.14720394736842105 0.3804824561403509 0.013523391812865496 0.024945175438596492
0 0.1699561403508772 0.3933662280701754 0.0360014619883041 0.026041666666666668
0 0.1467470760233918 0.4041940789473684 0.014802631578947368 0.03070175438596491
0 0.15844298245614036 0.41858552631578944 0.034173976608187134 0.02987938596491228
0 0.13422880116959063 0.4432565789473684 0.01864035087719298 0.0556469298245614
0 0.6816520467836257 0.3821271929824561 0.030153508771929825 0.027138157894736843
0 0.8368055555555556 0.3984375 0.02138157894736842 0.05975877192982456
0 0.30948464912280704 0.40021929824561403 0.019736842105263157 0.057291666666666664
0 0.29184941520467833 0.3996710526315789 0.01882309941520468 0.05400219298245614
0 0.538468567251462 0.40063048245614036 0.0222953216374269 0.054276315789473686
0 0.24954312865497078 0.3970668859649123 0.021564327485380116 0.046600877192982455
0 0.019554093567251463 0.39747807017543857 0.01699561403508772 0.04577850877192982
0 0.878654970760234 0.4053933662280702 0.0268640350877193 0.060512609649122806
0 0.8019462719298246 0.4432223135964912 0.04541301169590643 0.027069627192982455
0 0.7159173976608187 0.3970668859649123 0.02448830409356725 0.04057017543859649
0 0.9545869883040936 0.4055646929824561 0.017543859649122806 0.05701754385964912
0 0.6326754385964912 0.403234649122807 0.03125 0.04961622807017544
0 0.5146198830409356 0.40542763157894735 0.027595029239766082 0.05290570175438596
0 0.5145285087719298 0.43900767543859653 0.02046783625730994 0.06030701754385965
0 0.1307108918128655 0.4055646929824561 0.01745248538011696 0.039473684210526314
0 0.0335343567251462 0.40679824561403505 0.01864035087719298 0.05290570175438596
0 0.07066703216374269 0.4207785087719298 0.017108918128654973 0.05400219298245614
0 0.08324195906432748 0.42557565789473684 0.015350877192982455 0.047697368421052634
0 0.04148391812865497 0.42941337719298245 0.020650584795321638 0.042214912280701754
0 0.10032894736842105 0.44257127192982454 0.02503654970760234 0.049890350877192985
0 0.11458333333333333 0.43283991228070173 0.028326023391812866 0.02987938596491228
0 0.026589912280701754 0.46313048245614036 0.01864035087719298 0.043859649122807015
0 0.11677631578947367 0.47149122807017546 0.018092105263157895 0.05180921052631579
0 0.09859283625730994 0.46875 0.02046783625730994 0.04523026315789474
0 0.07387609649122806 0.45723684210526316 0.03170687134502924 0.019462719298245616
0 0.05656067251461988 0.47687088815789475 0.039108187134502925 0.026932565789473683
0 0.054733187134502925 0.5260416666666666 0.019736842105263157 0.057291666666666664
0 0.9944718567251463 0.4069353070175438 0.01069078947368421 0.05317982456140351
0 0.9869334795321637 0.4216008771929825 0.02266081871345029 0.05619517543859649
0 0.05345394736842105 0.40063048245614036 0.023391812865497075 0.039473684210526314
0 0.2608735380116959 0.40926535087719296 0.014985380116959063 0.05455043859649123
0 0.2524671052631579 0.4198190789473684 0.012792397660818713 0.03070175438596491
0 0.23273026315789472 0.43201754385964913 0.023026315789473683 0.024945175438596492
0 0.11257309941520467 0.40021929824561403 0.017361111111111112 0.03481359649122807
0 0.9350328947368421 0.40625 0.024853801169590642 0.04358552631578947
0 0.28691520467836257 0.4109100877192982 0.018092105263157895 0.05016447368421053
0 0.2737573099415205 0.4135142543859649 0.012244152046783625 0.04550438596491228
0 0.09411549707602339 0.4028234649122807 0.02138157894736842 0.03234649122807018
0 0.8057383040935673 0.41173245614035087 0.017361111111111112 0.04906798245614035
0 0.48081140350877194 0.41584429824561403 0.01882309941520468 0.05290570175438596
0 0.46975511695906436 0.44586074561403505 0.027777777777777776 0.04550438596491228
0 0.8238304093567252 0.41927083333333337 0.01882309941520468 0.05975877192982456
0 0.4331140350877193 0.41844846491228066 0.01918859649122807 0.05317982456140351
0 0.5642361111111112 0.41776315789473684 0.01864035087719298 0.05180921052631579
0 0.8500548245614035 0.41824287280701755 0.03033625730994152 0.05331688596491228
0 0.8669590643274854 0.45531798245614036 0.022478070175438597 0.04797149122807018
0 0.8818530701754386 0.4542214912280702 0.015350877192982455 0.04029605263157895
0 0.860014619883041 0.47683662280701755 0.022112573099415205 0.03289473684210526
0 0.8840917397660819 0.4839638157894737 0.025127923976608187 0.03070175438596491
0 0.8730811403508771 0.49917763157894735 0.023026315789473683 0.03042763157894737
0 0.006487573099415204 0.4153645833333333 0.013157894736842105 0.047286184210526314
0 0.3194444444444445 0.4180372807017544 0.017361111111111112 0.05016447368421053
0 0.33241959064327486 0.42475328947368424 0.02540204678362573 0.0356359649122807
0 0.3296783625730994 0.45052083333333337 0.03527046783625731 0.020285087719298246
0 0.36211622807017546 0.45778508771929827 0.023757309941520467 0.021107456140350877
0 0.34365862573099415 0.4644325657894737 0.015350877192982455 0.02398574561403509
0 0.3433845029239766 0.4853344298245614 0.015533625730994151 0.046052631578947366
0 0.32556652046783624 0.48780153508771934 0.023757309941520467 0.03289473684210526
0 0.3442982456140351 0.526452850877193 0.020650584795321638 0.04331140350877193
0 0.3559027777777778 0.5302905701754387 0.02266081871345029 0.05043859649122807
0 0.7087902046783626 0.4126918859649123 0.025584795321637425 0.03837719298245614
0 0.6271929824561403 0.42653508771929827 0.028691520467836257 0.05071271929824561
0 0.6220760233918129 0.44613486842105265 0.01663011695906433 0.047149122807017545
0 0.6775402046783625 0.42543859649122806 0.019736842105263157 0.04523026315789474
0 0.20074926900584794 0.4222861842105263 0.019371345029239765 0.03618421052631579
0 0.5972222222222222 0.43393640350877194 0.02284356725146199 0.060032894736842105
0 0.9141995614035088 0.43105811403508776 0.015716374269005847 0.047697368421052634
0 0.9325657894736842 0.4376370614035088 0.036366959064327485 0.03673245614035088
0 0.5391995614035088 0.42872807017543857 0.027777777777777776 0.038651315789473686
0 0.5782163742690059 0.44065241228070173 0.020285087719298246 0.06195175438596491
0 0.17406798245614033 0.42283442982456143 0.03252923976608187 0.02138157894736842
0 0.4033260233918129 0.43571820175438597 0.01699561403508772 0.047149122807017545
0 0.8973866959064327 0.43983004385964913 0.019736842105263157 0.05592105263157895
0 0.7227704678362573 0.4336622807017544 0.030519005847953216 0.038651315789473686
0 0.741045321637427 0.4428453947368421 0.018092105263157895 0.041666666666666664
0 0.7233187134502924 0.4439418859649123 0.030884502923976608 0.03837719298245614
0 0.7240953947368421 0.47765899122807015 0.025127923976608187 0.03782894736842105
0 0.7311769005847953 0.5026041666666666 0.01882309941520468 0.05646929824561404
0 0.714546783625731 0.510827850877193 0.02284356725146199 0.039473684210526314
0 0.662920321637427 0.4383223684210526 0.03289473684210526 0.0381030701754386
0 0.011330409356725146 0.4399671052631579 0.02284356725146199 0.03919956140350877
0 0.19115497076023394 0.44216008771929827 0.012609649122807017 0.04084429824561404
0 0.9710343567251462 0.4517543859649123 0.021198830409356724 0.060032894736842105
0 0.38103070175438597 0.45202850877192985 0.015899122807017545 0.05893640350877193
0 0.42406798245614036 0.44887609649122806 0.01608187134502924 0.049890350877192985
0 0.40314327485380114 0.45915570175438597 0.03782894736842105 0.062225877192982455
0 0.6036184210526316 0.4447642543859649 0.019554093567251463 0.044956140350877194
0 0.28380847953216376 0.4468201754385965 0.02138157894736842 0.04523026315789474
0 0.2875548245614035 0.4661458333333333 0.015716374269005847 0.03453947368421053
0 0.29580135233918126 0.4779331140350877 0.013843201754385965 0.041666666666666664
0 0.4992690058479532 0.45339912280701755 0.030884502923976608 0.05180921052631579
0 0.24150219298245615 0.4505208333333333 0.021929824561403508 0.04550438596491228
0 0.26745248538011696 0.4505208333333333 0.013888888888888888 0.04276315789473684
0 0.2713815789473684 0.4936951754385965 0.013706140350877192 0.05016447368421053
0 0.14263523391812866 0.45737390350877194 0.02850877192982456 0.05482456140350877
0 0.1655701754385965 0.4509320175438597 0.0360014619883041 0.04084429824561404
0 0.7519188596491228 0.4523026315789474 0.03070175438596491 0.04358552631578947
0 0.8444809941520468 0.45010964912280704 0.029788011695906433 0.032072368421052634
0 0.83296783625731 0.4658374451754386 0.033808479532163746 0.03131853070175439
0 0.8283991228070176 0.4754660087719298 0.0403874269005848 0.042214912280701754
0 0.8604258040935672 0.5145285087719298 0.035910087719298246 0.0512609649122807
0 0.8537097953216375 0.5201480263157895 0.027046783625730993 0.04276315789473684
0 0.9511147660818713 0.45408442982456143 0.019736842105263157 0.0400219298245614
0 0.22322733918128654 0.45860745614035087 0.017543859649122806 0.046875
0 0.21006944444444442 0.45860745614035087 0.014619883040935672 0.04303728070175439
0 0.24798976608187134 0.45984100877192985 0.025767543859649123 0.047149122807017545
0 0.45111476608187134 0.4576480263157895 0.013888888888888888 0.044407894736842105
0 0.19983552631578946 0.4624451754385965 0.010964912280701754 0.04577850877192982
0 0.21290204678362573 0.49259868421052627 0.031980994152046784 0.02549342105263158
0 0.16776315789473684 0.4608004385964912 0.03271198830409357 0.038651315789473686
0 0.7598227339181286 0.46265076754385964 0.035910087719298246 0.05523574561403509
0 0.16292032163742692 0.4909539473684211 0.014619883040935672 0.0512609649122807
0 0.560124269005848 0.4708059210526316 0.01699561403508772 0.054276315789473686
0 0.5730994152046783 0.4858826754385965 0.02905701754385965 0.03508771929824561
0 0.6035270467836257 0.5202850877192983 0.029605263157894735 0.046875
0 0.5658808479532164 0.5091831140350878 0.017543859649122806 0.018092105263157895
0 0.5774625365497076 0.5248081140350876 0.025447733918128657 0.043859649122807015
0 0.6836622807017544 0.46957236842105265 0.015899122807017545 0.0512609649122807
0 0.7002923976608186 0.5119243421052632 0.03673245614035088 0.0356359649122807
0 0.5398391812865497 0.4547697368421053 0.03234649122807018 0.021107456140350877
0 0.6641995614035088 0.46121162280701755 0.027046783625730993 0.03234649122807018
0 0.9854714912280701 0.47478070175438597 0.02887426900584795 0.05893640350877193
0 0.9943347953216375 0.5231633771929824 0.01114766081871345 0.06578947368421052
0 0.9820906432748538 0.5231633771929824 0.01918859649122807 0.06140350877192982
0 0.695906432748538 0.4727247807017544 0.01663011695906433 0.049890350877192985
0 0.8005299707602339 0.46271929824561403 0.01827485380116959 0.028782894736842105
0 0.7822551169590642 0.4758771929824561 0.027777777777777776 0.0424890350877193
0 0.9253472222222222 0.479577850877193 0.027777777777777776 0.05921052631578947
0 0.9335709064327485 0.5339912280701754 0.05555555555555555 0.05345394736842105
0 0.46957236842105265 0.4699835526315789 0.035818713450292396 0.03399122807017544
0 0.43137792397660824 0.48382675438596495 0.017178362573099414 0.0556469298245614
0 0.4430738304093567 0.5074013157894737 0.021929824561403508 0.06990131578947369
0 0.45824195906432746 0.5301535087719298 0.025950292397660817 0.06825657894736842
0 0.9124634502923976 0.4849232456140351 0.02138157894736842 0.057839912280701754
0 0.9045138888888888 0.49835526315789475 0.02266081871345029 0.0556469298245614
0 0.9420687134502924 0.4856085526315789 0.026133040935672515 0.05866228070175439
0 0.5370979532163743 0.4713541666666667 0.033808479532163746 0.02905701754385965
0 0.7076937134502924 0.4798519736842105 0.015716374269005847 0.03728070175438596
0 0.6234466374269005 0.4760142543859649 0.036915204678362575 0.02631578947368421
0 0.2598684210526316 0.4905427631578947 0.012609649122807017 0.05263157894736842
0 0.24835526315789475 0.5019188596491229 0.0133406432748538 0.046875
0 0.23739035087719298 0.5150767543859649 0.021747076023391813 0.04632675438596491
0 0.378015350877193 0.4838267543859649 0.01644736842105263 0.0381030701754386
0 0.38066520467836257 0.5163103070175439 0.014802631578947368 0.03728070175438596
0 0.3963815789473684 0.5531798245614035 0.018092105263157895 0.05235745614035088
0 0.588358918128655 0.4856085526315789 0.03399122807017544 0.03728070175438596
0 0.09285910087719298 0.5331688596491229 0.018777412280701754 0.055098684210526314
0 0.6613669590643275 0.49300986842105265 0.02503654970760234 0.052083333333333336
0 0.3921783625730994 0.4979440789473684 0.015533625730994151 0.06140350877192982
0 0.4155701754385965 0.4994517543859649 0.01882309941520468 0.057839912280701754
0 0.4054276315789474 0.5165844298245614 0.02010233918128655 0.05592105263157895
0 0.47478070175438597 0.49081688596491224 0.02138157894736842 0.04550438596491228
0 0.490953947368421 0.4916392543859649 0.029605263157894735 0.04331140350877193
0 0.14953399122807015 0.49780701754385964 0.018548976608187134 0.05345394736842105
0 0.14281798245614036 0.5400904605263158 0.03216374269005848 0.04235197368421053
0 0.7567616959064327 0.5010964912280702 0.024305555555555556 0.05893640350877193
0 0.8015350877192983 0.4942434210526316 0.02320906432748538 0.04577850877192982
0 0.8276681286549709 0.5017817982456141 0.02722953216374269 0.046600877192982455
0 0.8230994152046783 0.5113760964912281 0.027960526315789474 0.06140350877192982
0 0.8081140350877193 0.5146655701754386 0.011878654970760233 0.046052631578947366
0 0.2847679093567252 0.4939692982456141 0.017086988304093567 0.04468201754385965
0 0.960343567251462 0.4932839912280702 0.017361111111111112 0.04331140350877193
0 0.9624451754385964 0.5193256578947368 0.013888888888888888 0.024671052631578948
0 0.5414839181286549 0.49506578947368424 0.021747076023391813 0.04468201754385965
0 0.7870065789473684 0.5017817982456141 0.02266081871345029 0.048793859649122806
0 0.7639802631578947 0.5134320175438597 0.027777777777777776 0.038651315789473686
0 0.7800621345029239 0.5298793859649122 0.027777777777777776 0.03536184210526316
0 0.010508040935672515 0.5290570175438597 0.019371345029239765 0.06606359649122807
0 0.3153326023391813 0.4941063596491228 0.019371345029239765 0.03125
0 0.31204312865497075 0.5189144736842105 0.023026315789473683 0.05235745614035088
0 0.3050073099415205 0.5453673245614036 0.02284356725146199 0.04111842105263158
0 0.5036549707602339 0.4998629385964912 0.031980994152046784 0.039473684210526314
0 0.7408625730994152 0.5064418859649122 0.013706140350877192 0.048793859649122806
0 0.6348684210526316 0.4990405701754386 0.03490497076023392 0.03179824561403509
0 0.6342288011695907 0.5179550438596491 0.02631578947368421 0.023026315789473683
0 0.6132127192982456 0.5091831140350878 0.020833333333333332 0.049890350877192985
0 0.6804641812865497 0.5137061403508771 0.0222953216374269 0.04797149122807018
0 0.6679459064327485 0.5270010964912281 0.017726608187134504 0.05756578947368421
0 0.1325612207602339 0.5183662280701754 0.021518640350877194 0.057291666666666664
0 0.11321271929824561 0.5197368421052632 0.023391812865497075 0.05838815789473684
0 0.5186403508771931 0.5263157894736842 0.019554093567251463 0.062225877192982455
0 0.32958698830409355 0.5200109649122807 0.01608187134502924 0.046875
0 0.20632309941520466 0.5076754385964912 0.03271198830409357 0.016721491228070175
0 0.5501644736842105 0.5302905701754386 0.019736842105263157 0.06030701754385965
0 0.5338084795321638 0.534265350877193 0.017726608187134504 0.060032894736842105
0 0.0381030701754386 0.5271381578947368 0.01827485380116959 0.05235745614035088
0 0.06697733918128655 0.5245339912280702 0.01864035087719298 0.047697368421052634
0 0.5034722222222222 0.5242598684210527 0.0268640350877193 0.04276315789473684
0 0.4847404970760234 0.5429002192982456 0.017543859649122806 0.044407894736842105
0 0.02183845029239766 0.5297423245614036 0.014985380116959063 0.04824561403508772
0 0.20623172514619884 0.5341282894736842 0.017178362573099414 0.04824561403508772
0 0.21929824561403508 0.5407072368421053 0.019554093567251463 0.049890350877192985
0 0.8914473684210525 0.5405701754385964 0.020285087719298246 0.05893640350877193
0 0.6524122807017544 0.5363212719298245 0.022478070175438597 0.043859649122807015
0 0.25392909356725146 0.5426260964912281 0.015716374269005847 0.051535087719298246
0 0.26498538011695905 0.5574287280701754 0.015533625730994151 0.06030701754385965
0 0.9732273391812866 0.5441337719298246 0.020833333333333332 0.05400219298245614
0 0.41817434210526316 0.5471491228070176 0.017635233918128657 0.057291666666666664
0 0.4285453216374269 0.5731907894736842 0.015533625730994151 0.05290570175438596
0 0.4155701754385965 0.5814144736842105 0.021747076023391813 0.05345394736842105
0 0.44745979532163743 0.576343201754386 0.02631578947368421 0.042214912280701754
0 0.7028508771929824 0.5429002192982456 0.024671052631578948 0.044407894736842105
0 0.9078033625730995 0.5556469298245614 0.01827485380116959 0.06606359649122807
0 0.29395102339181284 0.5535910087719298 0.019005847953216373 0.052083333333333336
0 0.5978618421052632 0.549342105263158 0.028143274853801168 0.0424890350877193
0 0.6432748538011697 0.5512609649122807 0.03490497076023392 0.04577850877192982
0 0.7486293859649124 0.5744243421052632 0.025219298245614034 0.0625
0 0.7845394736842105 0.5592105263157895 0.031980994152046784 0.057839912280701754
0 0.9362207602339181 0.5634594298245614 0.02138157894736842 0.06578947368421052
0 0.10462353801169591 0.5618146929824561 0.034722222222222224 0.05866228070175439
0 0.6916118421052632 0.5564692982456141 0.03070175438596491 0.04797149122807018
0 0.33260233918128657 0.5531798245614035 0.02320906432748538 0.0381030701754386
0 0.3506030701754386 0.5644188596491229 0.020833333333333332 0.03919956140350877
0 0.08123172514619884 0.5589364035087719 0.01864035087719298 0.04851973684210526
0 0.0712719298245614 0.5662006578947368 0.022112573099415205 0.06030701754385965
0 0.3877923976608187 0.5605811403508771 0.02284356725146199 0.05180921052631579
0 0.8286732456140351 0.5605811403508772 0.02850877192982456 0.04961622807017544
0 0.8199926900584795 0.5736019736842106 0.01882309941520468 0.03453947368421053
0 0.8220029239766082 0.5936129385964912 0.026133040935672515 0.051535087719298246
0 0.7336440058479533 0.5863486842105263 0.02631578947368421 0.09731359649122807
0 0.6329495614035088 0.561266447368421 0.04093567251461988 0.046052631578947366
0 0.6185124269005848 0.5734649122807017 0.02266081871345029 0.02549342105263158
0 0.7980628654970761 0.5596217105263158 0.02540204678362573 0.041666666666666664
0 0.23428362573099415 0.5625 0.022478070175438597 0.046875
0 0.18000730994152048 0.5634594298245614 0.024305555555555556 0.047149122807017545
0 0.8631213450292398 0.5664747807017544 0.025767543859649123 0.05317982456140351
0 0.5596673976608187 0.5651041666666667 0.019371345029239765 0.049890350877192985
0 0.7146381578947368 0.5626370614035088 0.01644736842105263 0.042214912280701754
0 0.3827668128654971 0.5730537280701754 0.0266812865497076 0.05592105263157895
0 0.8530701754385965 0.5775767543859649 0.024305555555555556 0.06277412280701754
0 0.28326023391812866 0.5711348684210525 0.015533625730994151 0.043859649122807015
0 0.4913194444444445 0.5752467105263158 0.01644736842105263 0.049890350877192985
0 0.5159904970760234 0.569078947368421 0.029239766081871343 0.0381030701754386
0 0.513797514619883 0.596765350877193 0.02046783625730994 0.05345394736842105
0 0.48026315789473684 0.5764802631578947 0.01882309941520468 0.0512609649122807
0 0.13879751461988304 0.5688048245614036 0.038011695906432746 0.034265350877192985
0 0.15277777777777776 0.5763432017543859 0.020650584795321638 0.03892543859649123
0 0.15588450292397663 0.6019736842105262 0.021747076023391813 0.04358552631578947
0 0.13980263157894735 0.5984100877192983 0.024671052631578948 0.03481359649122807
0 0.9271747076023392 0.5844298245614035 0.023757309941520467 0.061677631578947366
0 0.9433479532163742 0.6228070175438597 0.015533625730994151 0.05838815789473684
0 0.3654970760233918 0.5707236842105263 0.010416666666666666 0.033168859649122806
0 0.3247441520467836 0.5779879385964912 0.010782163742690058 0.04111842105263158
0 0.5980445906432749 0.5763432017543859 0.02412280701754386 0.03782894736842105
0 0.04075292397660819 0.5725054824561403 0.029788011695906433 0.02850877192982456
0 0.2463450292397661 0.5856633771929824 0.01663011695906433 0.05317982456140351
0 0.8043676900584795 0.5856633771929824 0.01425438596491228 0.052083333333333336
0 0.7886513157894737 0.5897752192982456 0.015716374269005847 0.0268640350877193
0 0.7817982456140351 0.6073190789473684 0.01516812865497076 0.04550438596491228
0 0.7983369883040936 0.6106085526315789 0.016812865497076022 0.043859649122807015
0 0.7684576023391813 0.6211622807017544 0.01699561403508772 0.06112938596491228
0 0.7847222222222222 0.6445997807017544 0.023940058479532164 0.047697368421052634
0 0.5487938596491229 0.5930646929824562 0.01882309941520468 0.06524122807017543
0 0.6763523391812866 0.575109649122807 0.03344298245614035 0.02549342105263158
0 0.9639985380116959 0.5855263157894737 0.030519005847953216 0.04413377192982456
0 0.9659173976608186 0.6077302631578947 0.03508771929824561 0.02987938596491228
0 0.3410087719298246 0.5921052631578947 0.023940058479532164 0.05345394736842105
0 0.9006761695906432 0.5886787280701754 0.03033625730994152 0.046600877192982455
0 0.30857090643274854 0.5804550438596491 0.021564327485380116 0.02905701754385965
0 0.462171052631579 0.5904605263157895 0.020285087719298246 0.04797149122807018
0 0.12216739766081872 0.5921052631578948 0.021929824561403508 0.04906798245614035
0 0.18283991228070173 0.591282894736842 0.024853801169590642 0.04303728070175439
0 0.5317068713450293 0.5993695175438596 0.015350877192982455 0.05921052631578947
0 0.024671052631578948 0.6018366228070176 0.018092105263157895 0.05592105263157895
0 0.013888888888888888 0.6118421052631579 0.020650584795321638 0.05345394736842105
0 0.2564875730994152 0.6011513157894737 0.013523391812865496 0.05235745614035088
0 0.504203216374269 0.6101973684210527 0.01516812865497076 0.06825657894736842
0 0.5158991228070176 0.6369243421052632 0.0133406432748538 0.04824561403508772
0 0.268640350877193 0.6052631578947368 0.02138157894736842 0.05345394736842105
0 0.2275219298245614 0.6071820175438597 0.01882309941520468 0.05674342105263158
0 0.3612938596491228 0.606907894736842 0.018457602339181287 0.05180921052631579
0 0.6952668128654971 0.6059484649122807 0.024853801169590642 0.048793859649122806
0 0.6343201754385965 0.5932017543859649 0.03344298245614035 0.02275219298245614
0 0.44846491228070173 0.6012883771929824 0.019554093567251463 0.03728070175438596
0 0.596765350877193 0.6110197368421053 0.021564327485380116 0.0556469298245614
0 0.9857456140350876 0.606359649122807 0.014437134502923976 0.046875
0 0.9942434210526316 0.6317160087719298 0.011330409356725146 0.05537280701754386
0 0.9877558479532164 0.6292489035087719 0.012609649122807017 0.03837719298245614
0 0.9681103801169592 0.6413103070175439 0.0266812865497076 0.041666666666666664
0 0.9724049707602339 0.655701754385965 0.026133040935672515 0.0424890350877193
0 0.10535453216374269 0.6108826754385965 0.021564327485380116 0.054276315789473686
0 0.29623538011695905 0.6162280701754387 0.018457602339181287 0.06551535087719298
0 0.4776133040935672 0.6112938596491228 0.019005847953216373 0.05400219298245614
0 0.49378654970760233 0.6265076754385964 0.014071637426900584 0.0537280701754386
0 0.4762426900584795 0.6334978070175439 0.024671052631578948 0.05290570175438596
0 0.08086622807017543 0.6105400219298246 0.023940058479532164 0.04920504385964912
0 0.2147295321637427 0.6144462719298246 0.01918859649122807 0.05592105263157895
0 0.5827850877192983 0.6064967105263158 0.02138157894736842 0.0400219298245614
0 0.27786915204678364 0.6106085526315789 0.01608187134502924 0.04331140350877193
0 0.3133223684210526 0.6144462719298246 0.014985380116959063 0.048793859649122806
0 0.5574744152046783 0.6188322368421053 0.0222953216374269 0.05482456140350877
0 0.6746162280701755 0.6234923245614035 0.019371345029239765 0.06030701754385965
0 0.8249269005847953 0.6310307017543859 0.022112573099415205 0.07538377192982457
0 0.5378289473684211 0.6156798245614035 0.010416666666666666 0.038651315789473686
0 0.11613669590643275 0.6158168859649122 0.013157894736842105 0.03837719298245614
0 0.6161366959064327 0.6186951754385965 0.016812865497076022 0.04029605263157895
0 0.4087171052631579 0.6237664473684211 0.02412280701754386 0.048793859649122806
0 0.41968201754385964 0.6212993421052632 0.01425438596491228 0.03782894736842105
0 0.18466739766081872 0.6243146929824561 0.02412280701754386 0.044956140350877194
0 0.638249269005848 0.6233552631578948 0.01644736842105263 0.04194078947368421
0 0.6296600877192982 0.6300712719298246 0.013157894736842105 0.046600877192982455
0 0.853344298245614 0.6149945175438597 0.035818713450292396 0.024671052631578948
0 0.09576023391812866 0.6254111842105263 0.019919590643274854 0.044407894736842105
0 0.14373172514619884 0.6247258771929824 0.024853801169590642 0.03974780701754386
0 0.389437134502924 0.625 0.015533625730994151 0.038651315789473686
0 0.7405884502923977 0.6363760964912281 0.024853801169590642 0.06140350877192982
0 0.9293676900584795 0.6350054824561404 0.021564327485380116 0.0581140350877193
0 0.8986659356725146 0.6339089912280702 0.01644736842105263 0.05592105263157895
0 0.9133771929824561 0.6356907894736842 0.014802631578947368 0.05290570175438596
0 0.7585891812865497 0.6343201754385964 0.01516812865497076 0.05345394736842105
0 0.24881213450292397 0.6288377192982456 0.02887426900584795 0.04029605263157895
0 0.8809393274853801 0.6334978070175439 0.021929824561403508 0.04851973684210526
0 0.009137426900584795 0.6263706140350878 0.018092105263157895 0.030975877192982455
0 0.80171783625731 0.6432291666666666 0.017361111111111112 0.0625
0 0.4266264619883041 0.6408991228070176 0.02448830409356725 0.05674342105263158
0 0.43165204678362573 0.6626918859649124 0.020285087719298246 0.05756578947368421
0 0.5765716374269005 0.6354166666666666 0.012609649122807017 0.04577850877192982
0 0.2860014619883041 0.6356907894736842 0.012244152046783625 0.04413377192982456
0 0.46016081871345027 0.6321271929824561 0.015533625730994151 0.03700657894736842
0 0.9520285087719299 0.6367872807017544 0.019371345029239765 0.04577850877192982
0 0.1265533625730994 0.6336348684210527 0.011695906432748537 0.03892543859649123
0 0.5873538011695907 0.635279605263158 0.015899122807017545 0.04111842105263158
0 0.44992690058479534 0.6426809210526315 0.01699561403508772 0.052083333333333336
0 0.564327485380117 0.6424067982456141 0.01699561403508772 0.05043859649122807
0 0.7105263157894737 0.6408991228070176 0.02503654970760234 0.03974780701754386
0 0.8160635964912281 0.650904605263158 0.014985380116959063 0.05756578947368421
0 0.863578216374269 0.6458333333333333 0.0222953216374269 0.04413377192982456
0 0.8392726608187135 0.6461074561403508 0.010964912280701754 0.04413377192982456
0 0.8491410818713451 0.6480263157894737 0.010964912280701754 0.04413377192982456
0 0.5247624269005848 0.647203947368421 0.019005847953216373 0.04029605263157895
0 0.031980994152046784 0.6440515350877193 0.020650584795321638 0.02850877192982456
0 0.6987390350877193 0.6444627192982456 0.020833333333333332 0.02987938596491228
0 0.23483187134502925 0.6495339912280702 0.02540204678362573 0.03508771929824561
0 0.6455592105263158 0.6680372807017544 0.0222953216374269 0.06770833333333333
0 0.00402046783625731 0.6465186403508772 0.007858187134502924 0.02412280701754386
0 0.04970760233918129 0.6588541666666666 0.022112573099415205 0.046052631578947366
0 0.04194078947368421 0.6583059210526316 0.017178362573099414 0.042214912280701754
0 0.021747076023391813 0.6576206140350878 0.028326023391812866 0.03042763157894737
0 0.3230537280701754 0.6833881578947368 0.022934941520467836 0.0644188596491228
0 0.05592105263157895 0.6732456140350878 0.025767543859649123 0.0381030701754386
0 0.010416666666666668 0.6740679824561403 0.020650584795321638 0.030975877192982455
0 0.019371345029239765 0.6733826754385965 0.025767543859649123 0.023026315789473683
0 0.9101334064327485 0.771655701754386 0.0381030701754386 0.02549342105263158
0 0.6486659356725146 0.7756304824561403 0.023026315789473683 0.019736842105263157
0 0.8824013157894737 0.7987253289473684 0.024853801169590642 0.04399671052631579
0 0.8961988304093568 0.7953673245614035 0.01663011695906433 0.030153508771929825
0 0.9185855263157895 0.8129111842105263 0.01827485380116959 0.03892543859649123
0 0.4904970760233918 0.8363486842105263 0.014802631578947368 0.034265350877192985
0 0.19421600877192985 0.8358689692982456 0.03225511695906433 0.04125548245614035
0 0.033945540935672515 0.8403234649122806 0.03262061403508772 0.020285087719298246
0 0.1776827485380117 0.8439706688596491 0.021096491228070186 0.047042214912280736
0 0.5272295321637427 0.1732456140350877 0.020285087719298246 0.05180921052631579
0 0.537577668128655 0.17458196271929824 0.01768092105263158 0.05585252192982456
0 0.8850968567251463 0.2741570723684211 0.02421418128654971 0.05201480263157895
0 0.8830409356725146 0.29961622807017546 0.03481359649122807 0.04043311403508772
0 0.9438505116959065 0.2877604166666667 0.01800073099415205 0.0503015350877193
0 0.9334338450292398 0.27407072368421054 0.03134137426900585 0.042867324561403505
0 0.9471856725146198 0.24102247807017546 0.021107456140350877 0.04180372807017544
0 0.9577394005847953 0.24390076754385964 0.02540204678362573 0.04838267543859649
0 0.7866867690058479 0.3969983552631579 0.021107456140350877 0.04235197368421053
0 0.7838998538011697 0.41769462719298245 0.02549342105263158 0.055509868421052634
0 0.7605537280701754 0.5595531798245614 0.01617324561403509 0.05797697368421053
0 0.7666986476608187 0.5722313596491228 0.017772295321637425 0.05455043859649123
0 0.37975146198830406 0.59765625 0.03079312865497076 0.02480811403508772
0 0.37739491959064325 0.6237664473684211 0.029369517543859656 0.04125548245614035
0 0.35891812865497075 0.49273574561403505 0.02010233918128655 0.05756578947368421
0 0.36957510964912277 0.5018338815789474 0.01331688596491226 0.056025219298245645
0 0.3258863304093568 0.47238212719298245 0.028782894736842105 0.03549890350877193
0 0.18183479532163743 0.48547149122807015 0.023940058479532164 0.049479166666666664
0 0.18446180555555555 0.4950657894736842 0.024533991228070175 0.05359100877192982
0 0.17902503654970758 0.46631716008771934 0.018777412280701754 0.04022752192982456
0 0.07928545321637427 0.4949780701754386 0.020285087719298246 0.05359100877192982
0 0.08664565058479533 0.5026384320175439 0.023802997076023392 0.05681195175438596
0 0.017201206140350877 0.4868763706140351 0.03147843567251462 0.04433936403508772
0 0.038925438596491224 0.46936677631578944 0.02101608187134503 0.05742872807017544
0 0.05233461257309942 0.4908333333333333 0.04180372807017544 0.0301864035087719
0 0.00712719298245614 0.5105879934210527 0.014071637426900584 0.0420093201754386
0 0.0053453947368421045 0.48615679824561403 0.010599415204678362 0.01781798245614035
0 0.017361111111111112 0.44839638157894735 0.027046783625730993 0.04906798245614035
0 0.05223227339181286 0.4297889254385965 0.011354166666666665 0.030838815789473683
0 0.05707419590643274 0.442484923245614 0.015968567251461986 0.04416940789473687
0 0.3656798245614035 0.42276589912280704 0.02887426900584795 0.05139802631578947
0 0.35327576754385964 0.42608963815789475 0.015213815789473685 0.0542077850877193
0 0.5752467105263158 0.5130208333333333 0.01617324561403509 0.019736842105263157
