0 0.34525 0.5545 0.0135 0.017
0 0.499875 0.5804999999999999 0.01975 0.019
0 0.516625 0.5426666666666666 0.01375 0.026
0 0.8828750000000001 0.5028333333333334 0.02475 0.013666666666666667
0 0.474125 0.601 0.01325 0.020666666666666667
0 0.765375 0.541 0.01925 0.024
0 0.42712500000000003 0.4955 0.01075 0.02033333333333333
0 0.707125 0.6649999999999999 0.02725 0.018666666666666668
0 0.649 0.5860000000000001 0.0195 0.023333333333333334
0 0.29000000000000004 0.5458333333333333 0.023 0.02033333333333333
0 0.47824999999999995 0.4946666666666667 0.0105 0.018666666666666668
0 0.610875 0.6483333333333333 0.01975 0.022
0 0.671 0.5413333333333333 0.012 0.02266666666666667
0 0.40750000000000003 0.49383333333333335 0.009 0.019666666666666666
0 0.5846250000000001 0.6436666666666667 0.02475 0.018
0 0.5335 0.5701666666666667 0.017 0.024333333333333332
0 0.201 0.5415 0.0215 0.017666666666666667
0 0.685625 0.48800000000000004 0.01075 0.016666666666666666
0 0.7588750000000001 0.6018333333333333 0.01875 0.019666666666666666
0 0.62 0.49183333333333334 0.011 0.019666666666666666
0 0.476625 0.5488333333333333 0.01925 0.021
0 0.33375 0.488 0.0215 0.017333333333333333
0 0.6335000000000001 0.6751666666666667 0.0115 0.019666666666666666
0 0.57575 0.6635 0.0265 0.023
0 0.6024999999999999 0.5178333333333334 0.0125 0.021666666666666667
0 0.38149999999999995 0.5526666666666666 0.0115 0.02266666666666667
0 0.5417500000000001 0.5018333333333334 0.0135 0.024333333333333332
0 0.547375 0.6498333333333334 0.02175 0.029666666666666668
0 0.652625 0.6096666666666667 0.01325 0.024
0 0.50875 0.5633333333333334 0.023 0.015333333333333332
0 0.41825 0.49033333333333334 0.014 0.023333333333333334
0 0.7568750000000001 0.5908333333333333 0.01475 0.021
0 0.6639999999999999 0.5196666666666667 0.0125 0.027333333333333334
0 0.730125 0.6298333333333334 0.02475 0.019666666666666666
0 0.441875 0.4961666666666667 0.01725 0.019
0 0.539875 0.5723333333333332 0.01525 0.018666666666666668
0 0.6745 0.48983333333333334 0.0115 0.017
0 0.741 0.6141666666666666 0.0265 0.039
0 0.663625 0.4866666666666667 0.01675 0.014666666666666666
0 0.4915 0.49966666666666665 0.019 0.019333333333333334
0 0.691875 0.5265 0.00925 0.01633333333333333
0 0.502 0.49766666666666665 0.0115 0.017333333333333333
0 0.519 0.6468333333333333 0.0175 0.029
0 0.39775 0.4866666666666667 0.021 0.014666666666666666
0 0.585875 0.6661666666666666 0.02325 0.023
0 0.45149999999999996 0.6266666666666667 0.0215 0.024
0 0.733 0.6465 0.0145 0.01633333333333333
0 0.522375 0.6188333333333332 0.01425 0.021
0 0.461875 0.6208333333333333 0.01925 0.026333333333333334
0 0.6745 0.6113333333333334 0.0135 0.022
0 0.2125 0.52 0.018 0.023333333333333334
0 0.71475 0.6498333333333334 0.024 0.022333333333333334
0 0.685375 0.523 0.01175 0.018
0 0.26775 0.492 0.0165 0.02
0 0.52325 0.5361666666666667 0.0125 0.021666666666666667
0 0.7125 0.6103333333333334 0.012 0.022
0 0.567125 0.6516666666666667 0.01925 0.023333333333333334
0 0.68175 0.5383333333333333 0.0165 0.021333333333333333
0 0.446125 0.5316666666666667 0.02425 0.013333333333333334
0 0.648 0.49283333333333335 0.016 0.017666666666666667
0 0.6387499999999999 0.5521666666666667 0.0125 0.018333333333333333
0 0.555625 0.6396666666666666 0.01875 0.024666666666666667
0 0.495 0.5401666666666667 0.0145 0.026333333333333334
0 0.435 0.5248333333333334 0.021 0.014333333333333333
0 0.5433749999999999 0.6213333333333333 0.00925 0.02666666666666667
0 0.5475 0.6111666666666667 0.0115 0.025666666666666667
0 0.633875 0.5333333333333333 0.00975 0.020666666666666667
0 0.50625 0.6491666666666667 0.011 0.029
0 0.604125 0.6746666666666666 0.01925 0.020666666666666667
0 0.701125 0.5301666666666667 0.00975 0.013666666666666667
0 0.5307499999999999 0.531 0.017 0.02
0 0.7276250000000001 0.5278333333333334 0.01225 0.018333333333333333
0 0.521875 0.6034999999999999 0.01525 0.013
0 0.6607500000000001 0.6721666666666667 0.0175 0.02033333333333333
0 0.565875 0.4875 0.00875 0.018333333333333333
0 0.624125 0.42033333333333334 0.01325 0.009333333333333334
0 0.706 0.6343333333333334 0.012 0.017333333333333333
0 0.850875 0.495 0.01075 0.021333333333333333
0 0.6218750000000001 0.6761666666666667 0.02225 0.022333333333333334
0 0.642 0.5356666666666666 0.0115 0.02266666666666667
0 0.62725 0.6611666666666667 0.024 0.012333333333333333
0 0.5764999999999999 0.6353333333333334 0.025 0.013333333333333334
0 0.27410375 0.5484016666666667 0.016207499999999982 0.018529999999999974
0 0.5261250000000001 0.48200000000000004 0.01625 0.016666666666666666
0 0.6591250000000001 0.5368333333333334 0.01025 0.021666666666666667
0 0.641875 0.487 0.01875 0.020666666666666667
0 0.626375 0.6425000000000001 0.02825 0.011666666666666667
0 0.6295 0.4941666666666667 0.0085 0.019
0 0.6505000000000001 0.6481666666666667 0.0055 0.009
0 0.706875 0.6024999999999999 0.01525 0.017
0 0.548875 0.496 0.01075 0.017333333333333333
0 0.517625 0.5913333333333334 0.01575 0.021333333333333333
0 0.475875 0.6693333333333333 0.02025 0.028666666666666667
0 0.6306250000000001 0.6546666666666666 0.02025 0.012666666666666666
0 0.22158250000000002 0.4814333333333334 0.011375 0.01974666666666667
0 0.23202 0.47431 0.01025 0.015660000000000007
0 0.22958250000000002 0.48722333333333334 0.015875 0.020160000000000008
0 0.2398325 0.4863483333333334 0.015125 0.02074333333333334
0 0.2484575 0.4863066666666667 0.018999999999999972 0.022326666666666672
0 0.25348875 0.48880666666666667 0.014937499999999972 0.019660000000000007
0 0.25711375000000003 0.49243000000000003 0.01818749999999997 0.02074666666666667
0 0.27917625 0.4874316666666667 0.0131875 0.020410000000000005
0 0.28673875 0.48826500000000006 0.0124375 0.01824333333333334
0 0.301145 0.487225 0.020375 0.018496666666666668
0 0.31011374999999997 0.48555833333333337 0.0173125 0.016830000000000005
0 0.32664499999999996 0.4858916666666667 0.0185 0.018496666666666668
0 0.215645 0.5248066666666666 0.019875 0.024160000000000004
0 0.22123875 0.53147 0.0235625 0.025326666666666674
0 0.226895 0.53447 0.031125 0.025326666666666674
0 0.22455125000000004 0.541425 0.0246875 0.023076666666666672
0 0.24195750000000002 0.5187666666666667 0.018625 0.010913333333333336
0 0.24495750000000002 0.5260966666666668 0.018 0.018246666666666668
0 0.23627 0.541135 0.02075 0.01899666666666667
0 0.25030125 0.5300966666666667 0.013812499999999972 0.018580000000000003
0 0.2594575 0.531095 0.014499999999999971 0.019076666666666672
0 0.243895 0.547175 0.02537499999999997 0.016910000000000005
0 0.25980125000000004 0.5384283333333334 0.013812499999999972 0.026910000000000007
0 0.27267624999999995 0.526055 0.0130625 0.021163333333333336
0 0.2802075 0.53047 0.01375 0.02182666666666667
0 0.26686374999999996 0.5459666666666667 0.0156875 0.023660000000000007
0 0.28920749999999995 0.5268050000000001 0.0125 0.02099666666666667
0 0.30111375 0.5239316666666667 0.0198125 0.017576666666666674
0 0.2904575 0.5389700000000001 0.022 0.01999333333333334
0 0.30589500000000003 0.5338033333333334 0.009125 0.025160000000000005
0 0.31336374999999994 0.528475 0.0083125 0.020330000000000004
0 0.31508249999999993 0.546095 0.0125 0.02574333333333334
0 0.32592625 0.54322 0.0104375 0.028826666666666674
0 0.32242624999999997 0.5251416666666666 0.0118125 0.020330000000000004
0 0.33217625 0.5228933333333334 0.0115625 0.019160000000000007
0 0.33680125 0.5289316666666667 0.0128125 0.023410000000000007
0 0.3474575 0.5222266666666666 0.01175 0.024160000000000004
0 0.34901999999999994 0.5366816666666666 0.018125 0.023410000000000007
0 0.3353325 0.5487200000000001 0.014625 0.027160000000000007
0 0.35589499999999996 0.54922 0.013 0.02649333333333334
0 0.36255125 0.5334316666666667 0.0145625 0.019910000000000008
0 0.36627 0.5373883333333334 0.01325 0.019830000000000004
0 0.36386375 0.5573416666666666 0.0119375 0.023576666666666673
0 0.37430125 0.5535083333333334 0.0105625 0.02524333333333334
0 0.3783325 0.5319733333333333 0.016 0.02049333333333334
0 0.38961375 0.5385966666666667 0.0120625 0.01924666666666667
0 0.3917075 0.5567166666666667 0.00975 0.019160000000000007
0 0.40342625 0.5301816666666668 0.0125625 0.01974333333333334
0 0.39948875 0.5388883333333334 0.0135625 0.017663333333333336
0 0.4017075 0.55655 0.012375 0.024326666666666674
0 0.41598874999999996 0.5318483333333334 0.0153125 0.020576666666666674
0 0.41042625 0.5487183333333333 0.0101875 0.01799666666666667
0 0.41436375000000003 0.5502983333333334 0.0179375 0.03699000000000001
0 0.42851999999999996 0.5368033333333333 0.017875 0.018660000000000006
0 0.42733249999999995 0.5504249999999999 0.0165 0.027576666666666673
0 0.4373325 0.55005 0.01275 0.02582666666666667
0 0.44702 0.5498833333333334 0.010875 0.024160000000000004
0 0.456395 0.5477583333333333 0.011625 0.026910000000000007
0 0.465395 0.5441333333333334 0.012 0.026660000000000007
0 0.4793325 0.5380516666666666 0.020875 0.014830000000000003
0 0.4503325 0.49551333333333336 0.00975 0.018080000000000002
0 0.44842624999999997 0.4835166666666667 0.0156875 0.015413333333333336
0 0.3992075 0.4806416666666667 0.022 0.011330000000000003
0 0.45686374999999996 0.4891816666666667 0.0094375 0.021910000000000006
0 0.46458249999999995 0.48851500000000003 0.01125 0.02224333333333334
0 0.47052 0.48622333333333334 0.011625 0.020826666666666674
0 0.47492624999999994 0.48001666666666665 0.0093125 0.01324666666666667
0 0.48361375 0.480225 0.0119375 0.012163333333333337
0 0.48917625 0.4882666666666667 0.0125625 0.010580000000000003
0 0.50827 0.4840166666666667 0.009625 0.020913333333333336
0 0.49427 0.48197500000000004 0.011375 0.013663333333333336
0 0.49480124999999997 0.47564500000000004 0.0070625 0.011663333333333336
0 0.50148875 0.4797266666666667 0.0086875 0.01832666666666667
0 0.50597625 0.5336033333333333 0.016872500000000002 0.01999333333333334
0 0.5395375 0.5275233333333333 0.0145 0.02149333333333334
0 0.5496625 0.5276066666666667 0.01675 0.02199333333333334
0 0.5555375 0.521775 0.015 0.014663333333333336
0 0.572725 0.5392683333333333 0.023125 0.015663333333333335
0 0.58185 0.5376033333333333 0.026875 0.01832666666666667
0 0.51485 0.48045166666666667 0.007125 0.017663333333333336
0 0.518475 0.48245166666666667 0.010875 0.018663333333333337
0 0.5222875 0.4914483333333333 0.0185 0.011663333333333336
0 0.5194125 0.49594833333333327 0.0145 0.009330000000000003
0 0.5371000000000001 0.4947816666666666 0.016625 0.01899666666666667
0 0.53492625 0.4809716666666667 0.0116875 0.01199666666666667
0 0.5409575 0.4817216666666667 0.014375 0.013663333333333336
0 0.55193625 0.48501166666666673 0.010167500000000019 0.014243333333333339
0 0.5583324999999999 0.4891783333333334 0.00975 0.01874333333333334
0 0.5745199999999999 0.49501000000000006 0.012125 0.01774666666666667
0 0.57736375 0.48368 0.0171875 0.011913333333333337
0 0.58877 0.48813666666666666 0.020375 0.013826666666666673
0 0.58782125 0.49810666666666664 0.0131875 0.022326666666666672
0 0.5948525 0.49760666666666664 0.013625 0.020660000000000005
0 0.438955 0.64439 0.0235 0.024160000000000004
0 0.44470499999999996 0.6334750000000001 0.0275 0.01899666666666667
0 0.4652675 0.61098 0.017625 0.021660000000000006
0 0.47908 0.6111466666666667 0.013 0.02499333333333334
0 0.474955 0.62956 0.02375 0.01849333333333334
0 0.4613925 0.6498883333333333 0.025625 0.018163333333333337
0 0.47663375 0.65057 0.0220625 0.027833333333333335
0 0.48969625000000006 0.6484916666666667 0.0139375 0.03715666666666668
0 0.47238375000000005 0.638575 0.0258125 0.012330000000000002
0 0.48979000000000006 0.6037116666666666 0.011125 0.02574333333333334
0 0.49707125 0.6082500000000001 0.0113125 0.02932666666666667
0 0.49207125 0.6249549999999999 0.0176875 0.02157666666666667
0 0.50375875 0.627455 0.0133125 0.021410000000000005
0 0.49900875 0.645865 0.0091875 0.02524333333333334
0 0.5241025 0.569045 0.0155 0.023243333333333338
0 0.50413375 0.5937466666666668 0.0133125 0.020826666666666674
0 0.5057275 0.6097433333333333 0.012624999999999944 0.02182666666666667
0 0.5133212500000001 0.6179483333333333 0.010187499999999943 0.027410000000000007
0 0.53325875 0.5991633333333334 0.0144375 0.027326666666666673
0 0.5311024999999999 0.62024 0.015375 0.024326666666666674
0 0.5339149999999999 0.6291566666666667 0.01325 0.024326666666666674
0 0.5592900000000001 0.6289066666666666 0.01825 0.01999333333333334
0 0.5590712499999999 0.6020383333333333 0.0131875 0.02557666666666667
0 0.56713375 0.6207 0.0200625 0.021413333333333336
0 0.5767275 0.6187833333333334 0.02075 0.022080000000000002
0 0.53104 0.6552383333333334 0.012375 0.03199000000000001
0 0.5278837499999999 0.6664033333333333 0.0211875 0.02949333333333334
0 0.542665 0.6577383333333333 0.020625 0.034156666666666675
0 0.5917675 0.6854783333333333 0.024875 0.027656666666666677
0 0.5854550000000001 0.6141633333333333 0.01775 0.024326666666666674
0 0.5917675 0.6096633333333333 0.018875 0.024660000000000005
0 0.597955 0.6149966666666667 0.00925 0.03332666666666667
0 0.6072675000000001 0.61658 0.014875 0.024826666666666674
0 0.6117675 0.61033 0.021125 0.027326666666666673
0 0.61933 0.607915 0.02075 0.021830000000000002
0 0.6152675 0.5907533333333334 0.017375 0.015826666666666673
0 0.6224550000000001 0.586005 0.01475 0.01799666666666667
0 0.6308300000000001 0.5873366666666666 0.0155 0.01999333333333334
0 0.62833 0.6033333333333333 0.0125 0.016660000000000005
0 0.6218925000000001 0.6302416666666667 0.017625 0.017163333333333336
0 0.6014550000000001 0.6341583333333334 0.01675 0.021663333333333337
0 0.6043300000000001 0.6551533333333334 0.02225 0.021660000000000006
0 0.6515175000000001 0.67598 0.023875 0.02965999999999993
0 0.6413300000000001 0.644655 0.024 0.018663333333333337
0 0.6506425 0.661985 0.014125 0.019330000000000003
0 0.66083 0.6542366666666667 0.017 0.030160000000000006
0 0.6453300000000001 0.6317433333333333 0.016 0.02449333333333334
0 0.6421425000000001 0.6064999999999999 0.010375 0.028326666666666674
0 0.6550800000000001 0.6313266666666667 0.0195 0.02999333333333334
0 0.6625175000000001 0.6164966666666667 0.014375 0.03299333333333334
0 0.6681425000000001 0.649155 0.013125 0.03765666666666668
0 0.6792050000000001 0.6647333333333334 0.01525 0.03349333333333334
0 0.671455 0.6167433333333333 0.017 0.02582666666666667
0 0.6745800000000001 0.6353216666666667 0.0155 0.01399666666666667
0 0.682705 0.6561483333333334 0.0205 0.028656666666666674
0 0.688455 0.6424016666666666 0.02175 0.029823333333333344
0 0.6857675000000001 0.621325 0.018375 0.03165666666666667
0 0.6923925000000001 0.6160766666666667 0.015625 0.026826666666666672
0 0.702455 0.6430683333333334 0.02025 0.02049666666666667
0 0.70108 0.6319049999999999 0.0085 0.01249666666666667
0 0.69858 0.6109933333333333 0.019 0.02799333333333334
0 0.7125712499999999 0.6304516666666666 0.0179375 0.02074333333333334
0 0.7324550000000001 0.5802533333333334 0.01925 0.022826666666666672
0 0.744205 0.5891666666666666 0.01125 0.023660000000000007
0 0.7394550000000001 0.5992483333333334 0.01925 0.017830000000000002
0 0.759205 0.623075 0.02175 0.029156666666666674
0 0.61383 0.5468266666666667 0.015 0.023660000000000007
0 0.62833 0.5456616666666667 0.012 0.025656666666666675
0 0.6265175000000001 0.5244166666666666 0.012125 0.019826666666666673
0 0.6493925 0.5326649999999999 0.011625 0.02199666666666667
0 0.64908 0.5137533333333334 0.0105 0.019493333333333338
0 0.65833 0.5090883333333334 0.013 0.012163333333333337
0 0.674455 0.5207516666666667 0.01275 0.017163333333333336
0 0.70908 0.545995 0.0215 0.016663333333333336
0 0.7155175 0.5365800000000001 0.018875 0.025160000000000005
0 0.72433 0.53733 0.018 0.02399333333333334
0 0.7424550000000001 0.5422466666666667 0.022 0.023160000000000007
0 0.7490175 0.5419966666666667 0.019375 0.02099333333333334
0 0.7645175000000001 0.5502466666666667 0.014375 0.02349333333333334
0 0.777205 0.5449133333333332 0.01925 0.02449333333333334
0 0.7960800000000001 0.5424966666666666 0.02675 0.018660000000000006
0 0.810955 0.5422466666666667 0.0185 0.021160000000000005
0 0.81358 0.5326666666666666 0.015 0.01832666666666667
0 0.82333 0.5330833333333334 0.01325 0.02549333333333334
0 0.8076425 0.4824966666666667 0.011875 0.017660000000000006
0 0.815455 0.49841 0.019 0.02182666666666667
0 0.82008 0.4899116666666667 0.01475 0.02249666666666667
0 0.82808 0.48966166666666666 0.01025 0.017663333333333336
0 0.8322675 0.48657833333333333 0.014375 0.014830000000000003
0 0.8436425000000001 0.489745 0.009875 0.017163333333333336
0 0.839955 0.5028250000000001 0.01925 0.01899666666666667
0 0.8600175 0.49724333333333337 0.010875 0.019493333333333338
0 0.86533 0.49349333333333334 0.01875 0.020326666666666673
0 0.8708925 0.48357833333333333 0.016125 0.011830000000000004
0 0.8815800000000001 0.490995 0.02225 0.012663333333333337
0 0.6082675 0.42431500000000005 0.012125 0.010663333333333337
0 0.7636425000000001 0.2695133333333333 0.006625 0.007
0 0.7266425000000001 0.354325 0.011125 0.011330000000000003
0 0.6175125 0.53723 0.014375 0.02349333333333334
0 0.6366375000000001 0.6152916666666667 0.009125 0.019329999999999927
0 0.6295750000000001 0.6257066666666667 0.0135 0.019493333333333262
0 0.7227250000000001 0.60007 0.013875 0.02749333333333334
0 0.7360062500000001 0.6163583333333333 0.0141875 0.018410000000000006
0 0.7286312500000001 0.6165666666666666 0.0221875 0.02249333333333334
0 0.68558 0.39452166666666666 0.0105 0.015663333333333335
0 0.607955 0.31021166666666666 0.00925 0.009663333333333336
