0 0.728125 0.32949999999999996 0.02975 0.03166666666666667
0 0.89425 0.631 0.029 0.04533333333333334
0 0.311375 0.5161666666666667 0.01975 0.039
0 0.21050000000000002 0.43483333333333335 0.0205 0.04033333333333333
0 0.22525 0.40166666666666667 0.0325 0.026
0 0.732625 0.43366666666666664 0.02725 0.034666666666666665
0 0.565375 0.5876666666666667 0.02925 0.03133333333333333
0 0.741125 0.37666666666666665 0.03075 0.037333333333333336
0 0.313375 0.6383333333333333 0.02025 0.046
0 0.7095 0.27033333333333337 0.026 0.026
0 0.6892499999999999 0.25566666666666665 0.015 0.03133333333333333
0 0.278625 0.5485 0.02675 0.049
0 0.32525 0.5183333333333333 0.019 0.051333333333333335
0 0.37025 0.5401666666666667 0.024 0.043666666666666666
0 0.6715 0.5568333333333334 0.02 0.04766666666666667
0 0.22049999999999997 0.362 0.0335 0.032
0 0.316875 0.5961666666666667 0.02675 0.043666666666666666
0 0.728125 0.6719999999999999 0.03275 0.04466666666666667
0 0.68475 0.6555 0.025 0.043
0 0.224125 0.6295 0.02175 0.04833333333333333
0 0.2995 0.6391666666666667 0.0235 0.043
0 0.764125 0.4735 0.01875 0.051666666666666666
0 0.8442500000000001 0.47850000000000004 0.0355 0.027
0 0.5936250000000001 0.644 0.02225 0.050666666666666665
0 0.2235 0.4331666666666667 0.023 0.039
0 0.404625 0.41333333333333333 0.03275 0.03333333333333333
0 0.63075 0.2901666666666667 0.026 0.030333333333333334
0 0.569125 0.503 0.02525 0.03266666666666666
0 0.34787500000000005 0.33899999999999997 0.02175 0.03266666666666666
0 0.624375 0.5383333333333333 0.02175 0.024
0 0.44095 0.2743333333333333 0.02060000000000002 0.029333333333333333
0 0.327125 0.6931666666666667 0.02175 0.05366666666666667
0 0.24125000000000002 0.4525 0.0255 0.045
0 0.6425 0.5068333333333334 0.0265 0.037
0 0.355625 0.5533333333333333 0.02825 0.035333333333333335
0 0.73325 0.6277983333333333 0.02 0.05159666666666665
0 0.759375 0.6829999999999999 0.02475 0.04666666666666667
0 0.5145 0.2788333333333333 0.019 0.033666666666666664
0 0.15425 0.6675 0.0215 0.050333333333333334
0 0.172375 0.4081666666666666 0.02675 0.03766666666666667
0 0.546125 0.4718333333333333 0.02325 0.033
0 0.333125 0.49616666666666664 0.01275 0.042333333333333334
0 0.103375 0.6546666666666667 0.02225 0.037333333333333336
0 0.33649999999999997 0.30366666666666664 0.0185 0.03333333333333333
0 0.436875 0.2625 0.01875 0.029
0 0.299875 0.42716666666666664 0.02375 0.04566666666666667
0 0.35562499999999997 0.2788333333333333 0.02025 0.042333333333333334
0 0.58475 0.46699999999999997 0.0195 0.04066666666666666
0 0.357375 0.6983333333333334 0.02225 0.05
0 0.722 0.405 0.0265 0.04
0 0.543375 0.5101666666666667 0.02475 0.043
0 0.40375 0.3536666666666667 0.021 0.04533333333333334
0 0.630125 0.6645 0.02725 0.037
0 0.32525 0.4675 0.0205 0.04033333333333333
0 0.62425 0.5761666666666667 0.016 0.04766666666666667
0 0.6843750000000001 0.364 0.02275 0.032
0 0.238 0.6931666666666666 0.042 0.029
0 0.7150000000000001 0.4706666666666666 0.0155 0.042666666666666665
0 0.3575 0.652 0.026 0.04
0 0.372125 0.3423333333333333 0.02325 0.02
0 0.8526250000000001 0.6041666666666666 0.02425 0.049
0 0.27675 0.6335000000000001 0.021 0.041666666666666664
0 0.5756249999999999 0.6046666666666667 0.02175 0.046
0 0.730375 0.4643333333333334 0.01925 0.044
0 0.26649999999999996 0.555 0.0185 0.037333333333333336
0 0.594455 0.2457 0.021590000000000033 0.01782666666666667
0 0.725875 0.2811666666666667 0.03025 0.021
0 0.719 0.6281666666666667 0.019 0.047
0 0.665375 0.5721666666666666 0.02225 0.039
0 0.355875 0.5156666666666666 0.01725 0.04733333333333333
0 0.52325 0.5419999999999999 0.0265 0.03666666666666667
0 0.57475 0.33699999999999997 0.019 0.034666666666666665
0 0.11325 0.632 0.0255 0.017333333333333333
0 0.206375 0.6425000000000001 0.02575 0.03766666666666667
0 0.3035 0.4008333333333334 0.0305 0.019666666666666666
0 0.194875 0.3925 0.02525 0.04833333333333333
0 0.41387500000000005 0.27266666666666667 0.01575 0.04
0 0.29 0.503 0.0215 0.04533333333333334
0 0.7040000000000001 0.5511666666666667 0.0195 0.052333333333333336
0 0.66875 0.6298333333333334 0.023 0.034333333333333334
0 0.2805 0.31716666666666665 0.032 0.026333333333333334
0 0.7795000000000001 0.3438333333333333 0.0315 0.03766666666666667
0 0.5770000000000001 0.4058333333333334 0.0235 0.043
0 0.792875 0.5405000000000001 0.02875 0.03966666666666667
0 0.61425 0.6588333333333334 0.02 0.049666666666666665
0 0.32125 0.2728333333333333 0.0205 0.028333333333333332
0 0.6752499999999999 0.258 0.025 0.032
0 0.45425 0.326 0.017 0.02
0 0.5273749999999999 0.22016666666666665 0.02175 0.030333333333333334
0 0.328375 0.5613333333333334 0.03875 0.034
0 0.610125 0.3421666666666666 0.03075 0.025666666666666667
0 0.48662500000000003 0.39616666666666667 0.02175 0.043
0 0.05925 0.6561666666666667 0.039 0.035666666666666666
0 0.8037500000000001 0.39299999999999996 0.0235 0.04466666666666667
0 0.26449999999999996 0.4151666666666667 0.0245 0.03833333333333333
0 0.445875 0.6768333333333333 0.02475 0.04033333333333333
0 0.37325 0.6968333333333333 0.019 0.04833333333333333
0 0.59875 0.7218333333333333 0.0435 0.03233333333333333
0 0.166625 0.7005 0.03375 0.035666666666666666
0 0.53725 0.24733333333333335 0.0325 0.022
0 0.325625 0.6463333333333333 0.02075 0.046
0 0.309625 0.46366666666666667 0.02825 0.03133333333333333
0 0.044875 0.6838333333333333 0.02875 0.037
0 0.9415 0.5191666666666667 0.0435 0.025666666666666667
0 0.69475 0.32683333333333336 0.019 0.050333333333333334
0 0.7032499999999999 0.25166666666666665 0.0185 0.029333333333333333
0 0.715125 0.5031666666666667 0.01925 0.049666666666666665
0 0.388 0.6769999999999999 0.02 0.05533333333333333
0 0.48125 0.6855 0.023 0.042333333333333334
0 0.6326250000000001 0.411 0.01625 0.029333333333333333
0 0.675875 0.3385 0.02875 0.031
0 0.369375 0.5001666666666666 0.01625 0.041
0 0.664125 0.2806666666666667 0.01725 0.03333333333333333
0 0.483 0.308 0.0145 0.037333333333333336
0 0.5353749999999999 0.32166666666666666 0.01575 0.038
0 0.289875 0.3515 0.03325 0.029666666666666668
0 0.477625 0.6265000000000001 0.02525 0.025666666666666667
0 0.6785 0.647 0.019 0.04133333333333333
0 0.44925 0.4503333333333333 0.0255 0.04133333333333333
0 0.44225000000000003 0.33533333333333337 0.031 0.028
0 0.46825 0.527 0.0305 0.03666666666666667
0 0.291125 0.3705 0.02625 0.03966666666666667
0 0.4545 0.497 0.024 0.04733333333333333
0 0.51458125 0.40803833333333334 0.034162500000000026 0.03125666666666666
0 0.583125 0.23149999999999998 0.01525 0.039
0 0.488375 0.362 0.02375 0.03
0 0.5155 0.5026666666666667 0.015 0.044
0 0.838125 0.6524616666666667 0.02175 0.05159
0 0.741125 0.6838333333333333 0.02475 0.039
0 0.84 0.5136666666666666 0.0185 0.05533333333333333
0 0.807625 0.6673333333333333 0.01825 0.062
0 0.703125 0.29833333333333334 0.01225 0.034
0 0.4975 0.30083333333333334 0.0165 0.028333333333333332
0 0.595375 0.30633333333333335 0.02375 0.018666666666666668
0 0.6917500000000001 0.2843333333333333 0.0175 0.028
0 0.387875 0.2836666666666667 0.01775 0.036
0 0.41850000000000004 0.32 0.025 0.025333333333333333
0 0.548875 0.3886666666666667 0.02125 0.018666666666666668
0 0.649125 0.5161666666666667 0.02175 0.037
0 0.34925 0.26716666666666666 0.017 0.029666666666666668
0 0.48575 0.23883333333333334 0.027 0.025
0 0.07375 0.674 0.0215 0.058
0 0.6725 0.49466666666666664 0.026 0.03266666666666666
0 0.356875 0.6151666666666666 0.02925 0.019666666666666666
0 0.54025 0.26399999999999996 0.027 0.024666666666666667
0 0.88675 0.5804999999999999 0.04 0.029
0 0.5399999999999999 0.5601666666666667 0.0145 0.042333333333333334
0 0.1225 0.6775 0.0205 0.05433333333333333
0 0.8205 0.6623333333333333 0.0185 0.05466666666666667
0 0.39025 0.34800000000000003 0.021 0.026
0 0.791 0.6693333333333333 0.0195 0.037333333333333336
0 0.6423749999999999 0.27949999999999997 0.02375 0.023666666666666666
0 0.51125 0.3401666666666667 0.016 0.03766666666666667
0 0.499625 0.2693333333333333 0.01325 0.04066666666666666
0 0.5858749999999999 0.6216666666666667 0.02175 0.042666666666666665
0 0.12925 0.6398333333333333 0.0305 0.033
0 0.665 0.463 0.0365 0.03133333333333333
0 0.556875 0.226 0.01825 0.035333333333333335
0 0.6168750000000001 0.3695 0.02425 0.025
0 0.27325 0.7671666666666667 0.0235 0.052333333333333336
0 0.298125 0.278 0.03325 0.02
0 0.342 0.45616666666666666 0.019 0.049
0 0.49724999999999997 0.385 0.0155 0.046
0 0.39775 0.2683333333333333 0.0165 0.029333333333333333
0 0.49024999999999996 0.5213333333333333 0.0165 0.04466666666666667
0 0.585375 0.35433333333333333 0.02525 0.018
0 0.236125 0.38 0.03075 0.02266666666666667
0 0.403625 0.6296666666666667 0.03525 0.019333333333333334
0 0.395625 0.3018333333333333 0.02325 0.029666666666666668
0 0.599125 0.3211666666666667 0.03125 0.015666666666666666
0 0.8765000000000001 0.6628333333333334 0.0195 0.04833333333333333
0 0.692625 0.5418333333333334 0.01675 0.06233333333333333
0 0.55125 0.43633333333333335 0.0225 0.038
0 0.60825 0.2758333333333333 0.029 0.025
0 0.6821250000000001 0.49816666666666665 0.01625 0.028333333333333332
0 0.69975 0.5071666666666667 0.0185 0.033666666666666664
0 0.5922499999999999 0.494 0.0245 0.019333333333333334
0 0.548 0.3355 0.012 0.033
0 0.57175 0.5318333333333333 0.0145 0.033
0 0.48162499999999997 0.5088333333333334 0.02125 0.03233333333333333
0 0.78275 0.6581666666666667 0.0205 0.034333333333333334
0 0.345125 0.49993333333333334 0.01575 0.052133333333333365
0 0.425625 0.2833333333333333 0.01325 0.04
0 0.519 0.6605 0.0285 0.028333333333333332
0 0.46549999999999997 0.5501666666666667 0.0315 0.029666666666666668
0 0.40099999999999997 0.6786666666666666 0.0225 0.05533333333333333
0 0.4635 0.41733333333333333 0.017 0.03333333333333333
0 0.21750000000000003 0.32933333333333337 0.029 0.022
0 0.417 0.30033333333333334 0.0135 0.025333333333333333
0 0.648125 0.5938333333333333 0.02125 0.041
0 0.523625 0.2881666666666667 0.01925 0.037
0 0.580375 0.2793333333333333 0.01875 0.015333333333333332
0 0.56925 0.22983333333333333 0.014 0.034333333333333334
0 0.38187499999999996 0.331 0.02975 0.019333333333333334
0 0.56 0.45416666666666666 0.0195 0.04766666666666667
0 0.55675 0.36866666666666664 0.0225 0.027333333333333334
0 0.46737500000000004 0.26249999999999996 0.02475 0.021666666666666667
0 0.57575 0.558 0.0235 0.03333333333333333
0 0.681375 0.5313333333333333 0.01925 0.046
0 0.38187499999999996 0.2425 0.03875 0.023666666666666666
0 0.40825 0.30466666666666664 0.011 0.02266666666666667
0 0.11074999999999999 0.6791666666666667 0.0175 0.04833333333333333
0 0.41825 0.44833333333333336 0.018 0.044
0 0.5906250000000001 0.336 0.02825 0.022
0 0.26625 0.6226666666666666 0.0175 0.051333333333333335
0 0.317625 0.7081666666666666 0.01825 0.047
0 0.45075 0.4115 0.0105 0.036333333333333336
0 0.658375 0.26533333333333337 0.02325 0.018666666666666668
0 0.5725 0.3075 0.0145 0.019666666666666666
0 0.47450000000000003 0.3516666666666667 0.032 0.017333333333333333
0 0.46175 0.2715 0.021 0.017666666666666667
0 0.209185 0.3479583333333333 0.031125 0.04098999999999997
0 0.2506225 0.35814333333333337 0.035 0.026326666666666672
0 0.2538725 0.384305 0.02625 0.03799000000000001
0 0.27681 0.38205500000000003 0.020375 0.04049000000000001
0 0.27034125000000003 0.39430000000000004 0.0198125 0.04948666666666668
0 0.24146625 0.41230833333333333 0.0234375 0.032656666666666674
0 0.28695625 0.4028866666666667 0.017122500000000002 0.04432000000000001
0 0.2644125 0.34506 0.027250000000000028 0.03316000000000001
0 0.27616250000000003 0.30882 0.033 0.02799333333333334
0 0.295725 0.29049 0.034625 0.023326666666666673
0 0.31322500000000003 0.30248833333333336 0.029875 0.02199666666666667
0 0.29878750000000004 0.3082366666666667 0.01 0.015160000000000007
0 0.3152875 0.3145683333333334 0.01825 0.02249666666666667
0 0.3021625 0.32939833333333335 0.0185 0.04349000000000001
0 0.2834125 0.32789666666666667 0.02725 0.025159999999999967
0 0.3289125 0.2781616666666667 0.01625 0.03232333333333334
0 0.30060000000000003 0.26465333333333335 0.022375 0.022326666666666672
0 0.34085000000000004 0.28414833333333334 0.012625 0.043656666666666635
0 0.3722875 0.2829816666666667 0.0165 0.04298999999999997
0 0.37922500000000003 0.2669016666666667 0.022375 0.041823333333333344
0 0.35735 0.2942283333333333 0.025125 0.03848999999999997
0 0.3329125 0.3251366666666667 0.02725 0.022660000000000007
0 0.35928750000000004 0.31564000000000003 0.034 0.019326666666666673
0 0.37972500000000003 0.31314000000000003 0.023625 0.023326666666666673
0 0.31435 0.34004833333333334 0.018125 0.03615666666666671
0 0.3121625 0.3717316666666667 0.0245 0.041490000000000006
0 0.3277875 0.35048666666666667 0.0205 0.035660000000000004
0 0.33585000000000004 0.36615000000000003 0.018625 0.05132000000000001
0 0.35466250000000005 0.3516533333333333 0.02625 0.053986666666666676
0 0.36866250000000006 0.37698000000000004 0.01775 0.054653333333333345
0 0.351225 0.383895 0.018125 0.04715666666666667
0 0.33316250000000003 0.38814333333333334 0.021 0.04832000000000001
0 0.3216625 0.390475 0.01825 0.03599000000000001
0 0.3164125 0.42521833333333336 0.0295 0.03615666666666668
0 0.3597250000000001 0.39081000000000005 0.015125 0.04432000000000001
0 0.319725 0.43129833333333334 0.029125 0.03865666666666667
0 0.33580875 0.429965 0.02229249999999996 0.041990000000000006
0 0.35329875 0.427485 0.0151875 0.060650000000000016
0 0.3656425 0.4309 0.016625 0.05082000000000001
0 0.383685 0.362875 0.027375 0.024410000000000005
0 0.38156 0.38966 0.01775 0.04965333333333335
0 0.39731 0.39070166666666667 0.0175 0.03574333333333334
0 0.40237249999999997 0.39466 0.0275 0.046653333333333345
0 0.378745 0.4125683333333333 0.0195 0.041823333333333344
0 0.3764325 0.44980833333333337 0.022625 0.06131666666666668
0 0.39437 0.4440616666666667 0.01725 0.04049000000000001
0 0.3844325 0.46030666666666664 0.014125 0.04898666666666668
0 0.42674500000000004 0.3390883333333333 0.03 0.023830000000000004
0 0.4188075 0.36291666666666667 0.021875 0.04915333333333335
0 0.4316825 0.365915 0.018375 0.04682333333333334
0 0.426245 0.39699 0.017 0.04865333333333335
0 0.44780749999999997 0.36816333333333334 0.014875 0.05165333333333334
0 0.44162 0.3871583333333334 0.01475 0.06298333333333335
0 0.43793250000000006 0.41082 0.013125 0.030326666666666672
0 0.4164325 0.4281466666666667 0.031125 0.04965333333333335
0 0.4304325 0.44339333333333336 0.017375 0.04915333333333335
0 0.39743249999999997 0.32292666666666664 0.019875 0.027160000000000007
0 0.40184125 0.31157666666666667 0.0134375 0.012080000000000002
0 0.43962 0.306905 0.01975 0.034656666666666676
0 0.4473075 0.296825 0.019375 0.03615666666666668
0 0.4581825 0.2929083333333334 0.023875 0.042323333333333345
0 0.4738075 0.2974066666666667 0.018375 0.04932000000000001
0 0.482745 0.3355633333333333 0.0345 0.03232666666666667
0 0.4666825 0.33764666666666665 0.020375 0.016826666666666674
0 0.45937 0.37655333333333335 0.01325 0.04832000000000001
0 0.4704325 0.37938500000000003 0.012625 0.04465666666666668
0 0.4645575 0.4007966666666667 0.013375 0.03182666666666667
0 0.51018125 0.37972000000000006 0.015372499999999945 0.05232000000000001
0 0.44653750000000003 0.24161833333333332 0.03275 0.019663333333333335
0 0.46341125000000005 0.24020166666666667 0.028997500000000002 0.030156666666666675
0 0.48553625 0.25294833333333333 0.0239975 0.03832333333333334
0 0.486785 0.2769416666666667 0.01925 0.043656666666666635
0 0.5067225 0.24761666666666665 0.019124999999999944 0.039653333333333346
0 0.5217225 0.230205 0.020624999999999942 0.01749666666666667
0 0.51741 0.24811500000000003 0.018499999999999944 0.03799000000000001
0 0.53741 0.21395833333333336 0.0155 0.034323333333333345
0 0.5472849999999999 0.22254000000000002 0.01925 0.03416
0 0.56241 0.2532 0.022 0.02549333333333334
0 0.5967224999999999 0.223705 0.018625 0.034823333333333345
0 0.6141599999999999 0.23220333333333334 0.021 0.029160000000000005
0 0.6242225 0.23595333333333335 0.021125 0.03366000000000001
0 0.620285 0.25786333333333333 0.03025 0.02849333333333334
0 0.570785 0.25519833333333336 0.02375 0.04049000000000001
0 0.5830975 0.263695 0.021875 0.019163333333333338
0 0.5529725 0.28552333333333335 0.019375 0.041486666666666644
0 0.54016 0.294105 0.014 0.03865666666666664
0 0.5312225 0.289105 0.010625 0.0333233333333333
0 0.570535 0.28585666666666665 0.01625 0.029159999999999967
0 0.5638475 0.295105 0.019125 0.04065666666666664
0 0.56279875 0.318215 0.0288125 0.018496666666666668
0 0.50066 0.31584999999999996 0.025999999999999943 0.03582666666666667
0 0.5095975 0.31943166666666667 0.026374999999999944 0.04465666666666668
0 0.522285 0.33009666666666665 0.01275 0.046320000000000014
0 0.5343475 0.34734166666666666 0.017875 0.03582333333333334
0 0.5870974999999999 0.28935666666666665 0.026875 0.03515999999999997
0 0.5468475 0.31526666666666664 0.010625 0.02399333333333334
0 0.522285 0.37326333333333334 0.0155 0.046653333333333345
0 0.5324099999999999 0.36834833333333333 0.025 0.035156666666666676
0 0.54616 0.36426499999999995 0.01975 0.03099000000000001
0 0.574535 0.3805116666666667 0.01425 0.04349000000000001
0 0.592785 0.36868166666666663 0.0315 0.03282333333333334
0 0.5617225 0.3415216666666666 0.022375 0.04148999999999997
0 0.6409299999999999 0.26215333333333335 0.022125 0.02549333333333334
0 0.6481174999999999 0.24524 0.0305 0.02499333333333334
0 0.6139299999999999 0.26482 0.031375 0.025160000000000005
0 0.67818 0.28431333333333336 0.012625 0.029826666666666633
0 0.6866175 0.29956 0.022 0.04365333333333331
0 0.5993674999999999 0.2579883333333333 0.013 0.016163333333333335
0 0.6039299999999999 0.28914666666666666 0.019375 0.017159999999999967
0 0.616555 0.3083916666666667 0.021125 0.04198999999999997
0 0.6350549999999999 0.3113066666666667 0.028875 0.04215333333333331
0 0.6486175 0.30864166666666665 0.023 0.04615666666666664
0 0.6651799999999999 0.30722499999999997 0.020125 0.0413233333333333
0 0.6798675 0.317055 0.0165 0.03799000000000001
0 0.6364924999999999 0.33416166666666663 0.02575 0.03599000000000001
0 0.654805 0.3499066666666667 0.014375 0.04848666666666668
0 0.66918 0.3548233333333334 0.018375 0.04198666666666668
0 0.7102425 0.33183 0.02025 0.04265333333333335
0 0.7064925 0.3546566666666667 0.02375 0.04098666666666668
0 0.61443 0.3637366666666667 0.025875 0.05215333333333334
0 0.6377425 0.3559883333333333 0.028 0.03699000000000001
0 0.641805 0.376235 0.021625 0.03782333333333334
0 0.663055 0.4035616666666667 0.028625 0.03815666666666668
0 0.6646799999999999 0.389815 0.025125 0.03665666666666668
0 0.594555 0.39389666666666673 0.016125 0.04315333333333334
0 0.618055 0.4108083333333334 0.029875 0.043323333333333346
0 0.6194299999999999 0.38673166666666664 0.034375 0.027823333333333342
0 0.637685 0.3889883333333333 0.01425 0.01599666666666667
0 0.6494662499999999 0.41414833333333334 0.0258125 0.03782333333333334
0 0.67921375 0.39607000000000003 0.0206875 0.04548666666666668
0 0.6974750000000001 0.3974316666666666 0.019875 0.041823333333333344
0 0.70112 0.3697533333333334 0.024875 0.032739999999999936
0 0.7218675 0.29849666666666663 0.02675 0.026993333333333338
0 0.7224924999999999 0.3098266666666667 0.029 0.021660000000000006
0 0.5332 0.41614500000000004 0.028 0.058983333333333346
0 0.5320375 0.3923666666666667 0.01225 0.014413333333333337
0 0.5513250000000001 0.40897666666666666 0.018 0.04165333333333335
0 0.5641375 0.4003116666666667 0.015375 0.041656666666666675
0 0.5899500000000001 0.42622333333333334 0.01825 0.05048666666666668
0 0.6061375000000001 0.4328866666666667 0.024375 0.05182000000000001
0 0.6192625 0.4408016666666667 0.017875 0.05731666666666668
0 0.635325 0.44755 0.01675 0.053820000000000014
0 0.574825 0.44388500000000003 0.02125 0.058150000000000014
0 0.64922 0.4285833333333333 0.024875 0.03299333333333334
0 0.670845 0.4413283333333333 0.031125 0.03782333333333334
0 0.6487200000000001 0.45341000000000004 0.015625 0.022660000000000007
0 0.60697125 0.462325 0.028622500000000058 0.03582333333333334
0 0.6307200000000001 0.47632166666666664 0.021875 0.03682333333333334
0 0.5668475 0.47165500000000005 0.018875 0.05615000000000001
0 0.60047125 0.48082 0.01887250000000006 0.04448666666666668
0 0.60853375 0.5048699999999999 0.02024750000000006 0.05115333333333327
0 0.691595 0.45538 0.018875 0.050819999999999935
0 0.7092825 0.4373033333333334 0.01975 0.04898666666666668
0 0.6990325000000001 0.48195666666666664 0.02275 0.04831999999999994
0 0.676095 0.46846166666666667 0.022875 0.0306566666666666
0 0.62697 0.5082 0.018875 0.05115333333333334
0 0.65342375 0.48193833333333336 0.0343125 0.02574333333333334
0 0.6703925000000001 0.522185 0.019125 0.028910000000000005
0 0.65729875 0.5356816666666667 0.0195625 0.03191000000000001
0 0.7182824999999999 0.5496166666666666 0.015 0.054653333333333345
0 0.6844075 0.5721933333333332 0.015 0.03049333333333334
0 0.7316575 0.53887 0.015 0.0544866666666666
0 0.73395 0.48291166666666663 0.0205 0.04699000000000001
0 0.7505750000000001 0.47833 0.01825 0.054820000000000015
0 0.7790750000000001 0.47291500000000003 0.02025 0.04365666666666668
0 0.7947625 0.49174333333333337 0.019125 0.05132000000000001
0 0.8101987500000001 0.4990733333333333 0.014997499999999945 0.047653333333333346
0 0.82188625 0.5011566666666667 0.024122499999999946 0.05915333333333334
0 0.7767000000000001 0.5054066666666667 0.022 0.04798666666666668
0 0.80869875 0.5358983333333334 0.03799749999999995 0.03865666666666667
0 0.75595 0.5176533333333333 0.017 0.05248666666666668
0 0.7681375 0.5288999999999999 0.022625 0.04432000000000001
0 0.7343875000000001 0.5057383333333333 0.032875 0.03832333333333334
0 0.746325 0.5318166666666666 0.01475 0.05048666666666668
0 0.8560225 0.5249666666666667 0.01875 0.05098666666666668
0 0.7722825 0.6378516666666666 0.0345 0.022830000000000003
0 0.747595 0.6366016666666667 0.013375 0.04299000000000001
0 0.7556575 0.6572633333333333 0.017 0.04232000000000001
0 0.712095 0.66926 0.024125 0.05132000000000009
0 0.7007825 0.6441 0.0165 0.05665333333333335
0 0.7034075000000001 0.5949466666666666 0.022 0.021326666666666674
0 0.7755325 0.6894216666666666 0.0165 0.03232333333333334
0 0.64265875 0.5560949999999999 0.02374750000000006 0.060150000000000016
0 0.357785 0.46795 0.0195 0.04882000000000001
0 0.344535 0.4686183333333333 0.0155 0.03549000000000001
0 0.377785 0.48861166666666667 0.0245 0.03949000000000001
0 0.39853500000000003 0.4858633333333333 0.02125 0.04532000000000001
0 0.4128475 0.47353166666666663 0.026125 0.041990000000000006
0 0.384035 0.5236033333333333 0.018 0.05282000000000001
0 0.39922250000000004 0.51852 0.017875 0.05032000000000001
0 0.41591000000000006 0.52127 0.02575 0.05848666666666668
0 0.419785 0.5054416666666667 0.028 0.042156666666666676
0 0.43197250000000004 0.48078166666666666 0.023375 0.040156666666666674
0 0.44028500000000004 0.4700333333333333 0.02175 0.04298666666666668
0 0.43891 0.52077 0.02075 0.04882000000000001
0 0.43641 0.5505966666666666 0.032 0.054486666666666676
0 0.428515 0.5599266666666666 0.035875 0.04215333333333335
0 0.46457624999999997 0.5653416666666666 0.0352475 0.03832333333333334
0 0.48913749999999995 0.5660916666666667 0.020125 0.058483333333333345
0 0.4222025 0.576255 0.035 0.03649000000000001
0 0.44857749999999996 0.603165 0.0175 0.05598333333333335
0 0.46420125 0.6057466666666667 0.018747500000000004 0.04748666666666668
0 0.47551249999999995 0.6002483333333334 0.027125 0.03949000000000001
0 0.5032625 0.5674233333333333 0.016625 0.05215333333333334
0 0.47957500000000003 0.42040833333333333 0.01975 0.05715000000000001
0 0.46457624999999997 0.44323500000000005 0.025247500000000003 0.04349000000000001
0 0.47607499999999997 0.45239999999999997 0.021 0.045820000000000013
0 0.4901375 0.4455666666666667 0.021875 0.05015333333333335
0 0.50495 0.42790666666666666 0.03650000000000006 0.022826666666666672
0 0.5140125 0.456815 0.027625000000000056 0.04365666666666668
0 0.537825 0.43290500000000004 0.02125 0.03749000000000001
0 0.5292 0.471395 0.0165 0.04415666666666668
0 0.51095 0.46564500000000003 0.024500000000000056 0.041656666666666675
0 0.4791375 0.48039333333333334 0.029625 0.024160000000000004
0 0.48645 0.48180833333333334 0.03825 0.04365666666666668
0 0.5022 0.505885 0.01425 0.05548333333333335
0 0.5330750000000001 0.5011366666666667 0.02475 0.04832000000000001
0 0.54890875 0.52563 0.02174750000000006 0.043653333333333266
0 0.5899075 0.5222966666666666 0.026 0.04665333333333327
0 0.5607825 0.544875 0.0145 0.06081666666666661
0 0.5961575 0.5368766666666667 0.02075 0.0494866666666666
0 0.6130950000000001 0.529795 0.019625 0.05764999999999994
0 0.6108450000000001 0.5673683333333333 0.013125 0.03615666666666668
0 0.598345 0.5801166666666666 0.021375 0.045986666666666676
0 0.63847 0.5804483333333333 0.018625 0.05698333333333335
0 0.55397125 0.56812 0.01487250000000006 0.04831999999999994
0 0.515785 0.5484566666666666 0.02799999999999994 0.042986666666666604
0 0.5215974999999999 0.5718683333333333 0.028624999999999942 0.03582333333333334
0 0.5480962500000001 0.58903 0.01362250000000006 0.04882000000000001
0 0.53691 0.6003333333333334 0.01625 0.047320000000000015
0 0.5254099999999999 0.6010000000000001 0.01075 0.02499333333333334
0 0.5179725000000001 0.5988333333333333 0.011875 0.030326666666666672
0 0.510285 0.6151616666666667 0.013749999999999943 0.047656666666666674
0 0.5009724999999999 0.6188283333333334 0.023874999999999945 0.05665000000000001
0 0.5230349999999999 0.6278250000000001 0.015 0.03299000000000001
0 0.53066 0.6399883333333334 0.01625 0.041656666666666675
0 0.54565875 0.6446533333333333 0.017247500000000058 0.055653333333333346
0 0.55840875 0.644405 0.012747500000000059 0.04082333333333334
0 0.55884625 0.6159950000000001 0.01637250000000006 0.02299666666666667
0 0.5742200000000001 0.6535683333333333 0.025625 0.05581666666666668
0 0.49491000000000007 0.6569833333333333 0.02475 0.0549866666666666
0 0.512285 0.68156 0.021999999999999943 0.029160000000000005
0 0.52916 0.6778966666666666 0.03325 0.02715999999999993
0 0.6076575000000001 0.6106633333333333 0.022 0.030326666666666672
0 0.6271575 0.6141616666666667 0.01675 0.03132333333333334
0 0.58672 0.5815883333333334 0.021125 0.043156666666666677
0 0.6360325000000001 0.6383233333333334 0.0195 0.053653333333333345
0 0.6482825 0.6414883333333333 0.01725 0.042323333333333345
0 0.6648025 0.6101633333333334 0.029625 0.04298666666666668
0 0.30023500000000003 0.5421816666666667 0.019 0.057650000000000014
0 0.0717375 0.6669816666666667 0.03 0.04398999999999993
0 0.0893625 0.6809766666666667 0.02075 0.05065333333333327
0 0.1374875 0.6711466666666667 0.017 0.05832000000000001
0 0.17211 0.6648149999999999 0.03425 0.040989999999999936
0 0.17211 0.6466533333333333 0.03125 0.04532000000000001
0 0.17986000000000002 0.6256583333333333 0.03125 0.057983333333333345
0 0.09684749999999999 0.6847383333333333 0.008375 0.015830000000000004
0 0.24159625 0.6317516666666667 0.017872500000000003 0.041156666666666675
0 0.253095 0.6330016666666667 0.010625000000000029 0.041323333333333344
0 0.3465125 0.68916 0.025625 0.022326666666666595
0 0.3496375 0.6710833333333333 0.046125 0.024493333333333263
0 0.3778875 0.646505 0.024125 0.05731666666666668
0 0.3761375 0.5941866666666666 0.017375 0.04965333333333335
0 0.33157499999999995 0.6058499999999999 0.0185 0.046320000000000014
0 0.3507625 0.624845 0.034125 0.03032333333333334
0 0.34845 0.649755 0.0265 0.028156666666666677
0 0.3887625 0.6041 0.021375 0.047820000000000015
0 0.39322 0.5677766666666666 0.015125 0.045820000000000013
0 0.41347000000000006 0.5860216666666667 0.029625 0.03932333333333334
0 0.4329075 0.6051833333333333 0.02125 0.04498666666666668
0 0.41028250000000005 0.6128466666666667 0.035 0.02499333333333334
0 0.4005325 0.6565866666666667 0.0325 0.04215333333333335
0 0.41940750000000004 0.65142 0.01325 0.053486666666666675
0 0.43397 0.6275116666666667 0.018375 0.03499000000000001
0 0.4477825 0.6520866666666667 0.0445 0.02982666666666667
0 0.42984500000000003 0.6689999999999999 0.016125 0.03998666666666668
0 0.4586575 0.672915 0.02225 0.021829999999999926
0 0.48790750000000005 0.6570866666666667 0.02075 0.04315333333333334
0 0.459845 0.64034 0.039125 0.030993333333333338
0 0.4750125 0.6989916666666667 0.030375 0.041323333333333344
0 0.5673975000000001 0.7883566666666667 0.0255 0.02932666666666667
