0 0.593375 0.6447499999999999 0.022 0.0245
0 0.73996375 0.676495 0.03357249999999999 0.03300999999999999
0 0.489875 0.6966666666666667 0.0155 0.030333333333333334
0 0.6424375 0.69975 0.028625 0.0305
0 0.627 0.6995 0.02475 0.026
0 0.5123749999999999 0.701875 0.017 0.02875
0 0.6141249999999999 0.703 0.027 0.026333333333333334
0 0.500125 0.7068333333333333 0.0105 0.030666666666666665
0 0.47875 0.7086666666666667 0.01675 0.031
0 0.45475 0.7065 0.02325 0.02
0 0.42309375000000005 0.7117500000000001 0.0209375 0.03133333333333333
0 0.40925 0.7161666666666666 0.01775 0.030666666666666665
0 0.517625 0.7160416666666667 0.025 0.02575
0 0.430375 0.726125 0.015 0.02925
0 0.4725 0.7212083333333333 0.01725 0.02625
0 0.46612499999999996 0.7368750000000001 0.0135 0.036583333333333336
0 0.4408125 0.723 0.016625 0.020666666666666667
0 0.31459374999999995 0.7257083333333334 0.0289375 0.018416666666666668
0 0.69821875 0.7297916666666667 0.0186875 0.031083333333333334
0 0.4926875 0.7304583333333334 0.015375 0.030416666666666668
0 0.5191874999999999 0.726625 0.026625 0.021083333333333332
0 0.72859375 0.7358333333333333 0.0204375 0.034666666666666665
0 0.33203125 0.7325416666666666 0.0238125 0.02925
0 0.39725000000000005 0.7321666666666666 0.01575 0.022
0 0.4079375 0.74725 0.014125 0.027833333333333335
0 0.38778124999999997 0.7532500000000001 0.0246875 0.0215
0 0.5901249999999999 0.7341666666666666 0.015 0.026
0 0.741125 0.736875 0.025125 0.03208333333333333
0 0.418875 0.7383333333333334 0.0125 0.03166666666666667
0 0.544 0.7304999999999999 0.02725 0.014666666666666666
0 0.53390625 0.7487699999999999 0.0299375 0.023460000000000036
0 0.52286 0.731 0.016470000000000026 0.014333333333333333
0 0.6775625000000001 0.7416666666666666 0.017875 0.035166666666666666
0 0.4495 0.7336250000000001 0.02225 0.030416666666666668
0 0.43303125000000003 0.7424583333333333 0.0291875 0.02525
0 0.44075000000000003 0.7641666666666667 0.01675 0.03266666666666666
0 0.5655 0.7411666666666666 0.01325 0.032
0 0.5763750000000001 0.7411666666666666 0.0155 0.03266666666666666
0 0.47953125 0.7426666666666666 0.0158125 0.033
0 0.180625 0.7396250000000001 0.013 0.02225
0 0.30642125 0.7379416666666666 0.028282500000000026 0.017916666666666668
0 0.550875 0.7446666666666666 0.017 0.025
0 0.8195 0.7479166666666667 0.01975 0.036
0 0.188 0.7467499999999999 0.028375 0.031
0 0.34921875 0.7391249999999999 0.0211875 0.024083333333333335
0 0.35950000000000004 0.7421666666666666 0.01675 0.018666666666666668
0 0.3616875 0.7461666666666666 0.017375 0.018
0 0.34021875 0.766 0.0246875 0.037
0 0.36593749999999997 0.7637083333333333 0.020125 0.024916666666666667
0 0.35671875 0.7615833333333334 0.0180625 0.017166666666666667
0 0.35178125 0.7892083333333333 0.0145625 0.03741666666666667
0 0.37684375000000003 0.7464999999999999 0.0135625 0.024666666666666667
0 0.8099375 0.7672083333333333 0.020625 0.030083333333333333
0 0.7932812499999999 0.7732916666666667 0.0268125 0.020416666666666666
0 0.7950625 0.7920833333333334 0.022375 0.036166666666666666
0 0.80528125 0.7966666666666666 0.0248125 0.037
0 0.16321875 0.7427499999999999 0.0244375 0.016833333333333332
0 0.15040625000000002 0.756625 0.0248125 0.02575
0 0.649125 0.751 0.015 0.031
0 0.49974999999999997 0.7493333333333333 0.01325 0.026333333333333334
0 0.5132500000000001 0.7655 0.01625 0.030666666666666665
0 0.6658124999999999 0.7508333333333334 0.01975 0.029333333333333333
0 0.3108125 0.7458333333333333 0.020625 0.017333333333333333
0 0.5184850000000001 0.7455416666666667 0.028220000000000026 0.018416666666666668
0 0.595625 0.7544366666666666 0.021 0.02879333333333337
0 0.22340625 0.7564583333333333 0.0254375 0.034916666666666665
0 0.4620625 0.7575000000000001 0.02 0.034
0 0.6969062500000001 0.755375 0.0260625 0.040916666666666664
0 0.76209375 0.7605000000000001 0.0334375 0.032
0 0.1630625 0.7645416666666667 0.022125 0.03875
0 0.48043749999999996 0.7592083333333333 0.026125 0.03208333333333333
0 0.7255625 0.7572083333333334 0.01925 0.043083333333333335
0 0.27578125 0.7600833333333333 0.0176875 0.0285
0 0.2925 0.7583333333333333 0.02125 0.022333333333333334
0 0.27446875 0.79675 0.0183125 0.037
0 0.2525 0.8235 0.01525 0.03266666666666666
0 0.30243749999999997 0.7551249999999999 0.017875 0.017916666666666668
0 0.32759374999999996 0.7655416666666667 0.0226875 0.036583333333333336
0 0.204125 0.7625000000000001 0.016 0.027333333333333334
0 0.31540625 0.7605000000000001 0.0254375 0.024
0 0.31515625 0.7828333333333334 0.0219375 0.029333333333333333
0 0.263125 0.762 0.015 0.025666666666666667
0 0.25753125 0.7905 0.0188125 0.035833333333333335
0 0.62453125 0.7655416666666667 0.0219375 0.03158333333333333
0 0.8485625 0.7612083333333333 0.026 0.025583333333333333
0 0.45287499999999997 0.762375 0.0135 0.03425
0 0.53139125 0.76373 0.02315750000000003 0.026873333333333298
0 0.532235 0.7745000000000001 0.02322000000000003 0.029333333333333333
0 0.5805 0.7624166666666666 0.02075 0.02266666666666667
0 0.424625 0.7585833333333333 0.0195 0.012833333333333334
0 0.5523125 0.7653533333333333 0.023375 0.029626666666666704
0 0.39440625 0.7739999999999999 0.0225625 0.041
0 0.3798125 0.7791666666666667 0.018875 0.037333333333333336
0 0.74025 0.7709166666666667 0.01525 0.0365
0 0.18575 0.7718333333333334 0.01825 0.034
0 0.19012500000000002 0.7813333333333333 0.0235 0.03883333333333333
0 0.8421875 0.78275 0.030625 0.043166666666666666
0 0.64175 0.7737499999999999 0.016375 0.0385
0 0.69315625 0.7758333333333334 0.0325625 0.03333333333333333
0 0.55875 0.7743333333333333 0.02275 0.029
0 0.6093125 0.7646666666666666 0.018875 0.0325
0 0.584375 0.7792916666666666 0.035 0.023583333333333335
0 0.9214062500000001 0.779875 0.0313125 0.043916666666666666
0 0.40528125 0.7764166666666668 0.0243125 0.0395
0 0.906625 0.7825 0.032 0.044
0 0.48900000000000005 0.7822083333333334 0.01975 0.04275
0 0.5005 0.7671666666666667 0.00875 0.012666666666666666
0 0.42100000000000004 0.7768333333333334 0.01475 0.029333333333333333
0 0.6695 0.7737499999999999 0.033375 0.021166666666666667
0 0.34528125 0.7689999999999999 0.0100625 0.019166666666666665
0 0.47765625 0.7803333333333333 0.0204375 0.03166666666666667
0 0.36928125 0.780625 0.0223125 0.035083333333333334
0 0.43128125 0.7747499999999999 0.0095625 0.026833333333333334
0 0.2450625 0.7820833333333334 0.025875 0.03283333333333333
0 0.653 0.7792916666666666 0.01325 0.02575
0 0.6292500000000001 0.79325 0.01425 0.049166666666666664
0 0.8650000000000001 0.791 0.02225 0.041666666666666664
0 0.880625 0.8006249999999999 0.0225 0.04225
0 0.95790625 0.796 0.0279375 0.04766666666666667
0 0.975375 0.8045 0.0265 0.04133333333333333
0 0.98684375 0.7951666666666666 0.0260625 0.04533333333333334
0 0.8953125000000001 0.7950833333333334 0.037875 0.04583333333333333
0 0.77625 0.794 0.02325 0.04033333333333333
0 0.9445625 0.7936666666666666 0.026875 0.037
0 0.33940625 0.7899583333333333 0.0129375 0.03225
0 0.45809375 0.7971666666666667 0.0214375 0.04066666666666666
0 0.606375 0.7964166666666667 0.024625 0.042333333333333334
0 0.6791250000000001 0.7939999999999999 0.0175 0.033
0 0.6950625 0.7946666666666666 0.016875 0.034333333333333334
0 0.53590625 0.8002916666666667 0.0190625 0.051083333333333335
0 0.73411 0.7963966666666666 0.020470000000000026 0.03579333333333337
0 0.6649999999999999 0.7937916666666667 0.02175 0.03475
0 0.8328125000000001 0.8005 0.035875 0.04133333333333333
0 0.50275 0.7978333333333334 0.01525 0.03333333333333333
0 0.5885 0.8013333333333333 0.01675 0.041
0 0.7623749999999999 0.8015 0.021 0.04733333333333333
0 0.516625 0.7991666666666667 0.017 0.03333333333333333
0 0.051625000000000004 0.7965000000000001 0.0195 0.027333333333333334
0 0.28309375 0.8106249999999999 0.0273125 0.05425
0 0.56015625 0.8044166666666667 0.0178125 0.04683333333333333
0 0.61784375 0.7975 0.0134375 0.0315
0 0.3035 0.7947916666666666 0.01725 0.020083333333333335
0 0.41103125 0.801875 0.0179375 0.037083333333333336
0 0.57340625 0.8103333333333333 0.0176875 0.049666666666666665
0 0.75175 0.818125 0.02425 0.05725
0 0.706375 0.7993333333333333 0.02125 0.037
0 0.724375 0.8131666666666666 0.027 0.030666666666666665
0 0.06740625 0.8235 0.0303125 0.04783333333333333
0 0.54521875 0.8126866666666666 0.0201875 0.04229333333333337
0 0.6476875000000001 0.8085 0.025125 0.03266666666666666
0 0.36275 0.8085416666666666 0.02025 0.03141666666666667
0 0.3789375 0.8069583333333333 0.015 0.026916666666666665
0 0.32746875 0.8200000000000001 0.0246875 0.04766666666666667
0 0.31378124999999996 0.824 0.0243125 0.047
0 0.09803125 0.8186249999999999 0.0256875 0.043583333333333335
0 0.0495625 0.8210000000000001 0.040625 0.04566666666666667
0 0.06365625 0.8106666666666666 0.0160625 0.021666666666666667
0 0.05125 0.8325 0.01125 0.027333333333333334
0 0.395625 0.8188333333333333 0.02 0.038
0 0.238875 0.8218333333333334 0.027 0.043333333333333335
0 0.103 0.8255 0.03225 0.046
0 0.3385 0.8240000000000001 0.02625 0.041666666666666664
0 0.261375 0.8271666666666666 0.0255 0.04133333333333333
0 0.29353124999999997 0.8274166666666667 0.0296875 0.042833333333333334
0 0.01334375 0.8270833333333333 0.0265625 0.04066666666666666
0 0.0069375 0.8163333333333334 0.013375 0.015666666666666666
0 0.3491875 0.827375 0.022125 0.03691666666666667
0 0.6635625 0.8246666666666667 0.013125 0.027666666666666666
0 0.37821875 0.82875 0.0241875 0.03833333333333333
0 0.67403125 0.8285 0.0105625 0.03333333333333333
0 0.68825 0.8369583333333332 0.018125 0.05241666666666667
0 0.6032187499999999 0.823 0.0360625 0.019
0 0.19637500000000002 0.8265 0.0215 0.024
0 0.363125 0.8351666666666667 0.0195 0.042
0 0.4235 0.83975 0.02125 0.050833333333333335
0 0.415375 0.836625 0.0155 0.04375
0 0.6523749999999999 0.8330833333333334 0.0185 0.0375
0 0.647 0.8413333333333333 0.02175 0.043
0 0.06962499999999999 0.84 0.037 0.043
0 0.437625 0.8374583333333333 0.02 0.04741666666666667
0 0.44896874999999997 0.8421666666666666 0.0216875 0.04733333333333333
0 0.6211562500000001 0.8457916666666667 0.0184375 0.05541666666666667
0 0.460625 0.8478333333333333 0.0195 0.054
0 0.47662499999999997 0.848375 0.0325 0.04425
0 0.63725 0.8485833333333334 0.02275 0.06183333333333333
0 0.7115 0.8455 0.03875 0.048
0 0.7174999999999999 0.8427083333333334 0.026625 0.04108333333333333
0 0.18475 0.8385 0.03325 0.03133333333333333
0 0.3993125 0.8473333333333333 0.022375 0.049
0 0.212 0.8426666666666667 0.01875 0.034333333333333334
0 0.73671875 0.8390833333333334 0.0221875 0.033666666666666664
0 0.565375 0.8451666666666667 0.015 0.03333333333333333
0 0.49734375 0.8430416666666667 0.0254375 0.03958333333333333
0 0.5950000000000001 0.857875 0.01425 0.05525
0 0.385125 0.8485416666666666 0.0175 0.03725
0 0.57971875 0.8590833333333333 0.0168125 0.059
0 0.6095625 0.8579583333333333 0.018125 0.05375
0 0.53996875 0.8554166666666666 0.0348125 0.0425
0 0.030093750000000002 0.8476666666666667 0.0290625 0.025666666666666667
0 0.5584687500000001 0.8646666666666667 0.0313125 0.04633333333333333
0 0.0378125 0.8703333333333333 0.023125 0.03833333333333333
0 0.54575 0.8948333333333333 0.02775 0.04933333333333333
0 0.5636249999999999 0.8966666666666667 0.023 0.04766666666666667
0 0.722375 0.904 0.046 0.023666666666666666
0 0.173625 0.9273333333333333 0.022 0.02033333333333333
0 0.656375 0.9318333333333333 0.022 0.014
0 0.6506875 0.9503333333333334 0.028625 0.023666666666666666
0 0.9724375 0.9445833333333333 0.034625 0.036833333333333336
0 0.6703125 0.9468333333333334 0.016875 0.021333333333333333
0 0.00575 0.9650000000000001 0.01175 0.017666666666666667
0 0.024468749999999997 0.8250833333333334 0.0359375 0.04633333333333333
0 0.0288125 0.8364166666666667 0.029 0.044333333333333336
0 0.08725 0.8107500000000001 0.035375 0.041666666666666664
0 0.43253125 0.7955416666666667 0.0283125 0.03158333333333333
0 0.4415 0.7956666666666666 0.02925 0.036833333333333336
0 0.267375 0.7898333333333334 0.023125 0.035833333333333335
0 0.291375 0.7769583333333333 0.026875 0.01975
0 0.645 0.7904166666666667 0.01675 0.022333333333333334
0 0.70953125 0.8229166666666666 0.0386875 0.022333333333333334
0 0.71759375 0.7840833333333334 0.0185625 0.03183333333333333
0 0.7115937499999999 0.7614166666666666 0.0231875 0.03216666666666667
0 0.7110625 0.736125 0.01475 0.03641666666666667
0 0.775125 0.750875 0.025625 0.03825
0 0.8236875 0.7782916666666667 0.027375 0.042416666666666665
0 0.84153125 0.770875 0.0271875 0.04125
0 0.90921875 0.8042916666666667 0.0194375 0.03875
0 0.7905625 0.74975 0.0185 0.034
