0 0.8631213450292399 0.33840460526315785 0.011513157894736841 0.013706140350877192
0 0.7224963450292398 0.3470394736842105 0.010599415204678362 0.011787280701754386
0 0.7260599415204678 0.36430921052631576 0.012975146198830409 0.01836622807017544
0 0.8030884502923977 0.3655427631578947 0.019005847953216373 0.013706140350877192
0 0.736842105263158 0.3802083333333333 0.010416666666666666 0.01836622807017544
0 0.2600511695906433 0.38020833333333337 0.019554093567251463 0.012883771929824562
0 0.2536549707602339 0.3847313596491228 0.012609649122807017 0.009868421052631578
0 0.7817982456140351 0.3970668859649123 0.014437134502923976 0.027412280701754384
0 0.6716008771929824 0.40542763157894735 0.015533625730994151 0.023300438596491228
0 0.1070906432748538 0.40625 0.00712719298245614 0.009046052631578948
0 0.06871345029239766 0.4094024122807018 0.006761695906432748 0.00932017543859649
0 0.05674342105263158 0.4157072368421053 0.01023391812865497 0.017543859649122806
0 0.12682748538011696 0.43023574561403505 0.00932017543859649 0.018092105263157895
0 0.005482456140350877 0.44161184210526316 0.010782163742690058 0.015625
0 0.7233187134502924 0.4433936403508772 0.007858187134502924 0.01699561403508772
0 0.025767543859649123 0.44174890350877194 0.014802631578947368 0.013157894736842105
0 0.049707602339181284 0.43983004385964913 0.009685672514619883 0.007675438596491228
0 0.9936951754385964 0.448327850877193 0.01206140350877193 0.020833333333333332
0 0.010782163742690058 0.4479166666666667 0.0133406432748538 0.012335526315789474
0 0.12573099415204678 0.44956140350877194 0.00932017543859649 0.015076754385964912
0 0.11184210526315788 0.4498355263157895 0.00932017543859649 0.012335526315789474
0 0.04212353801169591 0.4516173245614035 0.010964912280701754 0.011513157894736841
0 0.8184393274853802 0.45545504385964913 0.02412280701754386 0.01644736842105263
0 0.8315972222222222 0.46175986842105265 0.012792397660818713 0.023574561403508772
0 0.7235928362573099 0.4576480263157895 0.012426900584795321 0.013157894736842105
0 0.9762426900584795 0.4629934210526315 0.017361111111111112 0.021655701754385966
0 0.9611202485380117 0.4673793859649123 0.02549342105263158 0.023300438596491228
0 0.9406980994152047 0.4672423245614035 0.023391812865497075 0.020833333333333332
0 0.9760599415204679 0.47190241228070173 0.01918859649122807 0.02631578947368421
0 0.9958881578947368 0.4674479166666667 0.007675438596491228 0.016584429824561403
0 0.9557748538011696 0.471765350877193 0.02101608187134503 0.024396929824561403
0 0.9902229532163743 0.47354714912280704 0.009502923976608187 0.024671052631578948
0 0.9186769005847953 0.47354714912280704 0.02101608187134503 0.02138157894736842
0 0.9343019005847953 0.4893092105263158 0.01644736842105263 0.01343201754385965
0 0.9442616959064327 0.5061677631578947 0.02503654970760234 0.02412280701754386
0 0.9393274853801169 0.47478070175438597 0.020650584795321638 0.0200109649122807
0 0.9343019005847953 0.4773848684210526 0.023757309941520467 0.021929824561403508
0 0.9527595029239766 0.4942434210526316 0.021564327485380116 0.01617324561403509
0 0.9582419590643274 0.5093201754385965 0.019736842105263157 0.026589912280701754
0 0.8718019005847953 0.48218201754385964 0.025219298245614034 0.02768640350877193
0 0.9067982456140351 0.48615679824561403 0.016264619883040937 0.029605263157894735
0 0.796235380116959 0.48615679824561403 0.019919590643274854 0.027960526315789474
0 0.7538377192982456 0.4854714912280702 0.011878654970760233 0.024396929824561403
0 0.9193165204678363 0.4865679824561403 0.01827485380116959 0.02549342105263158
0 0.86421783625731 0.48848684210526316 0.022112573099415205 0.023848684210526317
0 0.3805738304093567 0.4838267543859649 0.01827485380116959 0.01069078947368421
0 0.962171052631579 0.48999451754385964 0.02320906432748538 0.022478070175438597
0 0.3500548245614035 0.4857456140350877 0.013523391812865496 0.012335526315789474
0 0.33678271198830406 0.4984923245614035 0.015213815789473685 0.01918859649122807
0 0.9763340643274854 0.48917214912280704 0.019005847953216373 0.019736842105263157
0 0.680281432748538 0.48848684210526316 0.023026315789473683 0.014528508771929825
0 0.2819809941520468 0.48865816885964913 0.01663011695906433 0.01322642543859649
0 0.17383954678362573 0.4888294956140351 0.0200109649122807 0.013569078947368422
0 0.20248538011695905 0.4921189692982456 0.024671052631578948 0.019599780701754384
0 0.18681469298245612 0.4993146929824561 0.010873538011695907 0.01918859649122807
0 0.3355263157894737 0.4931469298245614 0.016264619883040937 0.022203947368421052
0 0.7715643274853801 0.49643640350877194 0.014437134502923976 0.028782894736842105
0 0.2465049342105263 0.49780701754385964 0.017132675438596492 0.032072368421052634
0 0.2391949926900585 0.49701891447368424 0.010736476608187134 0.02007949561403509
0 0.8589181286549707 0.4927357456140351 0.018092105263157895 0.019736842105263157
0 0.2718156067251462 0.4968133223684211 0.01091922514619883 0.02528782894736842
0 0.2550255847953216 0.49390076754385964 0.009868421052631578 0.01274671052631579
0 0.2629751461988304 0.49777275219298245 0.014071637426900584 0.02172423245614035
0 0.26215277777777773 0.5145285087719298 0.013888888888888888 0.01343201754385965
0 0.2588861476608187 0.5254591557017544 0.013934576023391813 0.019805372807017545
0 0.32111202485380114 0.4956140350877193 0.01493969298245614 0.021792763157894735
0 0.7813413742690059 0.4954769736842105 0.010599415204678362 0.019736842105263157
0 0.35195084064327486 0.49314692982456143 0.02069627192982456 0.01631030701754386
0 0.3502832602339181 0.5065104166666666 0.014619883040935672 0.016584429824561403
0 0.34233369883040937 0.5045230263157895 0.013249269005847953 0.012609649122807017
0 0.3539610745614035 0.5155222039473685 0.009274488304093567 0.011992872807017545
0 0.3488212719298246 0.525904605263158 0.01251827485380117 0.025219298245614034
0 0.22912097953216373 0.4947574013157895 0.01471125730994152 0.015556469298245614
0 0.3044590643274854 0.4948259320175439 0.014437134502923976 0.02007949561403509
0 0.850968567251462 0.49835526315789475 0.0222953216374269 0.02275219298245614
0 0.8384502923976608 0.49766995614035087 0.013706140350877192 0.019736842105263157
0 0.38578216374269003 0.49684758771929827 0.02540204678362573 0.017543859649122806
0 0.7018457602339181 0.49492872807017546 0.01425438596491228 0.013157894736842105
0 0.3674159356725146 0.4993146929824562 0.00804093567251462 0.020833333333333332
0 0.2100922880116959 0.4949972587719298 0.020879020467836257 0.011101973684210526
0 0.19375913742690057 0.5086006030701754 0.014894005847953216 0.025561951754385966
0 0.20995522660818713 0.5055167214912281 0.01585343567251462 0.015145285087719298
0 0.2046783625730994 0.5096285635964912 0.017178362573099414 0.01391173245614035
0 0.18405062134502922 0.5198053728070176 0.011193347953216375 0.023163377192982455
0 0.20250822368421054 0.5321751644736842 0.017406798245614034 0.02665844298245614
0 0.18025858918128654 0.5382058662280702 0.009914108187134504 0.015419407894736841
0 0.6853070175438597 0.504797149122807 0.010782163742690058 0.0268640350877193
0 0.7108004385964912 0.5045230263157895 0.007309941520467836 0.025767543859649123
0 0.15069901315789475 0.504625822368421 0.025904605263157895 0.024876644736842105
0 0.1622578581871345 0.501233552631579 0.02023940058479532 0.018092105263157895
0 0.2888797514619883 0.5015076754385965 0.010142543859649123 0.021107456140350877
0 0.6529605263157894 0.5004111842105263 0.012609649122807017 0.01644736842105263
0 0.1290204678362573 0.5010964912280702 0.02101608187134503 0.017269736842105265
0 0.28070175438596495 0.5024671052631579 0.012609649122807017 0.0200109649122807
0 0.36156798245614036 0.506030701754386 0.009502923976608187 0.026589912280701754
0 0.7254203216374269 0.5015076754385965 0.01425438596491228 0.018092105263157895
0 0.7278874269005847 0.5164473684210527 0.02101608187134503 0.016721491228070175
0 0.37646198830409355 0.502467105263158 0.010416666666666666 0.018914473684210526
0 0.6746162280701754 0.4987664473684211 0.013157894736842105 0.011513157894736841
0 0.17141812865497078 0.5006510416666666 0.018092105263157895 0.013774671052631578
0 0.16945358187134502 0.5172354714912281 0.011239035087719298 0.02432839912280702
0 0.31597222222222227 0.5038034539473685 0.009685672514619883 0.022135416666666668
0 0.14354897660818713 0.5013706140350878 0.009137426900584795 0.013980263157894737
0 0.7353801169590644 0.5052083333333334 0.011513157894736841 0.021655701754385966
0 0.2224963450292398 0.5080523574561403 0.010599415204678362 0.02871436403508772
0 0.40442251461988304 0.503015350877193 0.010051169590643274 0.015625
0 0.43247441520467833 0.5032894736842105 0.009868421052631578 0.017269736842105265
0 0.4378654970760234 0.5063048245614035 0.008589181286549707 0.016721491228070175
0 0.6984649122807017 0.4995888157894737 0.013706140350877192 0.009868421052631578
0 0.7860014619883041 0.5064418859649122 0.014437134502923976 0.022478070175438597
0 0.4131030701754386 0.5049342105263158 0.00804093567251462 0.01781798245614035
0 0.4221491228070175 0.5078125 0.010051169590643274 0.023026315789473683
0 0.29413377192982454 0.5097313596491228 0.01206140350877193 0.025219298245614034
0 0.25276407163742687 0.5077782346491228 0.012198464912280702 0.024739583333333332
0 0.6957236842105263 0.5035635964912281 0.01516812865497076 0.010142543859649123
0 0.9269005847953217 0.509594298245614 0.022112573099415205 0.02055921052631579
0 0.9378654970760234 0.5131578947368421 0.023940058479532164 0.026589912280701754
0 0.23206779970760233 0.5115816885964912 0.015213815789473685 0.02480811403508772
0 0.13370339912280702 0.5099026864035088 0.010370979532163743 0.018434758771929825
0 0.5946637426900585 0.5113760964912281 0.014802631578947368 0.020285087719298246
0 0.6737024853801169 0.5080866228070176 0.0222953216374269 0.012609649122807017
0 0.877375730994152 0.5146655701754387 0.023940058479532164 0.025767543859649123
0 0.3008954678362573 0.5110334429824561 0.008406432748538011 0.015899122807017545
0 0.5720029239766082 0.5116502192982456 0.010416666666666666 0.01699561403508772
0 0.8951937134502923 0.5142543859649122 0.02010233918128655 0.02275219298245614
0 0.17765442251461988 0.5144599780701754 0.009000365497076024 0.02425986842105263
0 0.5625 0.5139802631578947 0.011513157894736841 0.021107456140350877
0 0.6332236842105263 0.5172697368421053 0.012609649122807017 0.026589912280701754
0 0.1048062865497076 0.514391447368421 0.025219298245614034 0.019736842105263157
0 0.31128929093567254 0.5153851425438597 0.01274671052631579 0.021038925438596492
0 0.32227704678362573 0.516515899122807 0.015716374269005847 0.02425986842105263
0 0.39455409356725146 0.5205592105263157 0.015533625730994151 0.028782894736842105
0 0.40670687134502925 0.5198739035087719 0.01206140350877193 0.02138157894736842
0 0.3869700292397661 0.5239857456140351 0.01425438596491228 0.018092105263157895
0 0.41164108187134507 0.5283717105263158 0.012792397660818713 0.025767543859649123
0 0.4163011695906433 0.5389254385964912 0.007858187134502924 0.032072368421052634
0 0.38619334795321636 0.5411184210526316 0.011056286549707603 0.024396929824561403
0 0.3957419590643275 0.5363212719298246 0.009137426900584795 0.009868421052631578
0 0.40725511695906436 0.5492050438596491 0.01206140350877193 0.03070175438596491
0 0.3982090643274854 0.546875 0.010782163742690058 0.015625
0 0.3779239766081871 0.5552357456140351 0.021747076023391813 0.01864035087719298
0 0.3919042397660819 0.5555098684210527 0.005847953216374269 0.008771929824561403
0 0.40579312865497075 0.5619517543859649 0.007309941520467836 0.017269736842105265
0 0.3991228070175439 0.5601699561403508 0.011878654970760233 0.013157894736842105
0 0.39665570175438597 0.564967105263158 0.01023391812865497 0.011239035087719298
0 0.15982456140350876 0.5178536184210527 0.0091593567251462 0.02480811403508772
0 0.33061494883040937 0.51953125 0.012563961988304093 0.028645833333333332
0 0.8464912280701754 0.5157620614035088 0.014437134502923976 0.01864035087719298
0 0.5819627192982456 0.5197368421052632 0.009868421052631578 0.026041666666666668
0 0.522295321637427 0.518640350877193 0.010051169590643274 0.02275219298245614
0 0.5291483918128655 0.5150767543859649 0.010599415204678362 0.015625
0 0.6648391812865497 0.5142543859649122 0.011513157894736841 0.012335526315789474
0 0.6433662280701755 0.5189144736842105 0.01023391812865497 0.02055921052631579
0 0.9282711988304093 0.5211074561403509 0.023757309941520467 0.024945175438596492
0 0.9092653508771931 0.5390625 0.01827485380116959 0.02412280701754386
0 0.9441703216374269 0.5429002192982456 0.013157894736842105 0.03125
0 0.9306469298245614 0.5418037280701754 0.016812865497076022 0.020285087719298246
0 0.9209155701754386 0.5453673245614035 0.008863304093567252 0.015899122807017545
0 0.1495906432748538 0.5190172697368421 0.011717836257309943 0.02021655701754386
0 0.13884320175438594 0.5241228070175438 0.01471125730994152 0.02055921052631579
0 0.13235562865497075 0.5268640350877193 0.014894005847953216 0.02275219298245614
0 0.14304641812865498 0.5269668311403508 0.01251827485380117 0.010074013157894737
0 0.2695997807017544 0.5168242872807017 0.010508040935672515 0.019805372807017545
0 0.28380847953216376 0.5222724780701755 0.009685672514619883 0.02700109649122807
0 0.2715643274853801 0.5225808662280702 0.015899122807017545 0.021998355263157895
0 0.27627010233918126 0.5325863486842106 0.009777046783625731 0.015419407894736841
0 0.4492872807017544 0.5223410087719299 0.01644736842105263 0.0268640350877193
0 0.4406067251461988 0.5224780701754387 0.010416666666666666 0.026041666666666668
0 0.4391447368421053 0.5427631578947368 0.00932017543859649 0.014528508771929825
0 0.44197733918128657 0.557154605263158 0.011695906432748537 0.02631578947368421
0 0.42827119883040937 0.5801809210526316 0.006944444444444444 0.0268640350877193
0 0.4407894736842105 0.5730537280701754 0.006761695906432748 0.01206140350877193
0 0.4345760233918129 0.5890899122807017 0.008954678362573099 0.028782894736842105
0 0.703125 0.5178179824561404 0.02266081871345029 0.017269736842105265
0 0.2467105263157895 0.519702576754386 0.014619883040935672 0.020490679824561403
0 0.3753654970760234 0.516858552631579 0.01663011695906433 0.01425438596491228
0 0.6769919590643275 0.5186403508771931 0.01425438596491228 0.01781798245614035
0 0.5138888888888888 0.5171326754385964 0.012244152046783625 0.013706140350877192
0 0.9189510233918129 0.5215186403508771 0.021564327485380116 0.022478070175438597
0 0.43028143274853803 0.5182291666666666 0.01206140350877193 0.01425438596491228
0 0.33831323099415206 0.5196683114035088 0.01251827485380117 0.02069627192982456
0 0.3396153143274854 0.5328262061403508 0.009822733918128655 0.022341008771929825
0 0.8299524853801169 0.5211074561403509 0.01425438596491228 0.018914473684210526
0 0.2117141812865497 0.5172697368421052 0.021747076023391813 0.012883771929824562
0 0.2155062134502924 0.5289199561403508 0.015259502923976608 0.019736842105263157
0 0.22103435672514618 0.5301535087719298 0.017178362573099414 0.02055921052631579
0 0.22046326754385964 0.5439967105263157 0.01758954678362573 0.02055921052631579
0 0.2062317251461988 0.545812774122807 0.020833333333333332 0.014048793859649123
0 0.22386695906432746 0.5493763706140351 0.012975146198830409 0.01733826754385965
0 0.19926443713450293 0.5584909539473684 0.02023940058479532 0.016241776315789474
0 0.20604897660818713 0.5664747807017544 0.01023391812865497 0.0268640350877193
0 0.1896016081871345 0.5711348684210527 0.009137426900584795 0.023026315789473683
0 0.19554093567251463 0.5767543859649122 0.012609649122807017 0.022203947368421052
0 0.18791118421052633 0.5947094298245614 0.01800073099415205 0.017406798245614034
0 0.5398391812865496 0.5185032894736842 0.011878654970760233 0.012609649122807017
0 0.6073647660818713 0.5190515350877193 0.012426900584795321 0.012609649122807017
0 0.618421052631579 0.5268640350877193 0.011513157894736841 0.024396929824561403
0 0.6085526315789473 0.5260416666666667 0.007858187134502924 0.01781798245614035
0 0.5942982456140351 0.5231633771929824 0.0133406432748538 0.007675438596491228
0 0.6041666666666666 0.5344024122807017 0.012244152046783625 0.015350877192982455
0 0.615953947368421 0.5415296052631579 0.012426900584795321 0.012609649122807017
0 0.6107456140350878 0.5445449561403509 0.007492690058479532 0.00932017543859649
0 0.6144919590643274 0.5592105263157895 0.012426900584795321 0.027138157894736843
0 0.6085526315789473 0.5541392543859649 0.008954678362573099 0.012609649122807017
0 0.6018823099415205 0.568530701754386 0.011695906432748537 0.024396929824561403
0 0.6158625730994152 0.5742872807017544 0.020650584795321638 0.024945175438596492
0 0.5050255847953217 0.5224780701754387 0.02266081871345029 0.01781798245614035
0 0.4571454678362573 0.5234375 0.015716374269005847 0.01699561403508772
0 0.36156798245614036 0.5233004385964912 0.01425438596491228 0.013980263157894737
0 0.3667534722222222 0.5361842105263158 0.0078125 0.02275219298245614
0 0.5460526315789473 0.5219298245614036 0.016264619883040937 0.009594298245614035
0 0.5565606725146199 0.5267269736842105 0.008771929824561403 0.018092105263157895
0 0.2954815423976608 0.5252535635964912 0.02243238304093567 0.021450109649122806
0 0.3071546052631579 0.5327576754385965 0.015442251461988304 0.02412280701754386
0 0.29545869883040937 0.5405701754385965 0.01251827485380117 0.027138157894736843
0 0.30322551169590645 0.5437911184210527 0.010873538011695907 0.02617872807017544
0 0.10505756578947367 0.5285087719298246 0.01804641812865497 0.02275219298245614
0 0.09886695906432749 0.5363212719298246 0.01114766081871345 0.01918859649122807
0 0.09311038011695907 0.5489309210526315 0.010964912280701754 0.02138157894736842
0 0.7816154970760234 0.5289199561403509 0.024305555555555556 0.023026315789473683
0 0.9156615497076023 0.528782894736842 0.02046783625730994 0.022203947368421052
0 0.5686220760233919 0.5270010964912281 0.017178362573099414 0.01699561403508772
0 0.7318622076023392 0.5304276315789473 0.014528508771929825 0.023848684210526317
0 0.7240497076023391 0.532483552631579 0.0133406432748538 0.025767543859649123
0 0.3773528874269006 0.533203125 0.014574195906432748 0.02446546052631579
0 0.37440606725146197 0.5414268092105263 0.012335526315789474 0.01665296052631579
0 0.6570723684210527 0.5276864035087719 0.02266081871345029 0.016721491228070175
0 0.4237938596491228 0.532483552631579 0.007492690058479532 0.024671052631578948
0 0.46637426900584794 0.5315241228070176 0.014437134502923976 0.023300438596491228
0 0.4763340643274854 0.5307017543859649 0.012426900584795321 0.021107456140350877
0 0.07748538011695906 0.5305646929824561 0.011513157894736841 0.019736842105263157
0 0.4845577485380117 0.5350877192982456 0.012426900584795321 0.027138157894736843
0 0.67671783625731 0.5315241228070176 0.017361111111111112 0.01836622807017544
0 0.23435215643274854 0.5357730263157895 0.011467470760233918 0.02905701754385965
0 0.5236659356725146 0.5335800438596491 0.014619883040935672 0.02138157894736842
0 0.5159904970760234 0.5394736842105262 0.005482456140350877 0.011787280701754386
0 0.7021198830409356 0.5319353070175439 0.014071637426900584 0.018092105263157895
0 0.4319261695906432 0.5364583333333334 0.01023391812865497 0.026041666666666668
0 0.6954495614035088 0.5313870614035088 0.013523391812865496 0.01644736842105263
0 0.0868969298245614 0.5345394736842105 0.010599415204678362 0.021655701754385966
0 0.45577485380116955 0.5331688596491229 0.014437134502923976 0.018914473684210526
0 0.44965277777777773 0.5489309210526316 0.01023391812865497 0.02412280701754386
0 0.06108369883040936 0.5337856359649124 0.0200109649122807 0.02700109649122807
0 0.24179915935672516 0.5373149671052632 0.008177997076023392 0.023368969298245616
0 0.6291118421052632 0.5356359649122806 0.008771929824561403 0.0200109649122807
0 0.6247258771929824 0.5504385964912281 0.011695906432748537 0.01836622807017544
0 0.16703216374269006 0.5339912280701754 0.015899122807017545 0.01617324561403509
0 0.15561038011695907 0.5359100877192983 0.009868421052631578 0.015625
0 0.13975694444444445 0.5378632127192983 0.01800073099415205 0.013500548245614035
0 0.15031067251461988 0.5370065789473685 0.0043859649122807015 0.011239035087719298
0 0.16611842105263158 0.5500959429824562 0.010416666666666666 0.02700109649122807
0 0.15442251461988304 0.5452302631578947 0.006396198830409356 0.012883771929824562
0 0.15915113304093567 0.5550644188596491 0.009639985380116959 0.0239172149122807
0 0.16190423976608187 0.5804550438596492 0.012222222222222221 0.0268640350877193
0 0.5414839181286549 0.5331688596491228 0.008223684210526315 0.013980263157894737
0 0.5945723684210527 0.5328947368421052 0.015716374269005847 0.01343201754385965
0 0.32721125730994155 0.5391310307017543 0.011970029239766082 0.027412280701754384
0 0.4940606725146199 0.5370065789473685 0.01644736842105263 0.019462719298245616
0 0.5004568713450293 0.5416666666666667 0.009868421052631578 0.01781798245614035
0 0.49332967836257313 0.5427631578947368 0.005116959064327485 0.01343201754385965
0 0.6922514619883041 0.5375548245614035 0.01663011695906433 0.02055921052631579
0 0.6991045321637427 0.5548245614035088 0.009502923976608187 0.023848684210526317
0 0.7147295321637427 0.5374177631578947 0.015533625730994151 0.020285087719298246
0 0.5265899122807017 0.5393366228070176 0.012792397660818713 0.023026315789473683
0 0.5260416666666666 0.563733552631579 0.012426900584795321 0.025767543859649123
0 0.5331231725146198 0.5635964912280702 0.012152777777777778 0.01617324561403509
0 0.5484283625730993 0.5396107456140351 0.011878654970760233 0.02412280701754386
0 0.24890350877192982 0.5415981359649122 0.010051169590643274 0.031112938596491228
0 0.2569444444444444 0.5464980811403509 0.01864035087719298 0.029125548245614034
0 0.25374634502923976 0.5619517543859649 0.009502923976608187 0.023300438596491228
0 0.26087353801169594 0.5749725877192983 0.020376461988304093 0.023163377192982455
0 0.2625639619883041 0.5783991228070176 0.013066520467836257 0.009046052631578948
0 0.5729166666666667 0.5368695175438597 0.010782163742690058 0.017543859649122806
0 0.5596673976608187 0.5426946271929824 0.01644736842105263 0.014665570175438597
0 0.5809576023391813 0.546875 0.013706140350877192 0.023300438596491228
0 0.7658991228070176 0.5393366228070176 0.020285087719298246 0.022478070175438597
0 0.17436494883040937 0.5378289473684211 0.008177997076023392 0.01836622807017544
0 0.1777686403508772 0.5455386513157895 0.02403143274853801 0.01459703947368421
0 0.3205637792397661 0.5398848684210527 0.012381213450292397 0.02631578947368421
0 0.3584384137426901 0.5354989035087719 0.012107090643274854 0.017543859649122806
0 0.8981633771929824 0.536047149122807 0.013614766081871345 0.014802631578947368
0 0.5095942982456141 0.5390625 0.00804093567251462 0.018092105263157895
0 0.53609283625731 0.5385142543859649 0.008406432748538011 0.015899122807017545
0 0.11686769005847954 0.5363555372807017 0.007035818713450292 0.01651589912280702
0 0.12563961988304093 0.5418037280701755 0.009502923976608187 0.018092105263157895
0 0.12271564327485379 0.5491365131578947 0.01425438596491228 0.02124451754385965
0 0.8085709064327485 0.5400219298245614 0.02046783625730994 0.01781798245614035
0 0.877467105263158 0.5442708333333334 0.01827485380116959 0.025767543859649123
0 0.6673976608187134 0.5389254385964912 0.023940058479532164 0.012883771929824562
0 0.6653874269005848 0.5460526315789473 0.023940058479532164 0.014528508771929825
0 0.8947368421052632 0.5427631578947368 0.02540204678362573 0.02055921052631579
0 0.9057931286549707 0.5563322368421053 0.014619883040935672 0.010964912280701754
0 0.9271747076023392 0.5611293859649124 0.01864035087719298 0.019462719298245616
0 0.9144736842105263 0.5557839912280702 0.006396198830409356 0.006578947368421052
0 0.9209612573099415 0.5701754385964912 0.015716374269005847 0.024945175438596492
0 0.6416301169590644 0.5405701754385965 0.014802631578947368 0.01617324561403509
0 0.6464729532163742 0.5490679824561404 0.012792397660818713 0.018914473684210526
0 0.760233918128655 0.5437225877192983 0.019554093567251463 0.022478070175438597
0 0.28723501461988304 0.5446477521929824 0.01251827485380117 0.024876644736842105
0 0.8225511695906432 0.543174342105263 0.015899122807017545 0.019736842105263157
0 0.11124817251461988 0.5448533442982456 0.008132309941520468 0.021450109649122806
0 0.33351608187134507 0.5480057565789473 0.012975146198830409 0.032003837719298246
0 0.06551535087719298 0.549890350877193 0.016812865497076022 0.028782894736842105
0 0.5900950292397661 0.5437225877192983 0.011513157894736841 0.01699561403508772
0 0.5966739766081871 0.5479714912280702 0.013706140350877192 0.024945175438596492
0 0.8629385964912281 0.5459155701754386 0.011878654970760233 0.020833333333333332
0 0.9647295321637427 0.5445449561403509 0.02284356725146199 0.01699561403508772
0 0.31222587719298245 0.545812774122807 0.011695906432748537 0.03008497807017544
0 0.783717105263158 0.546875 0.017543859649122806 0.019462719298245616
0 0.8556286549707602 0.5527686403508771 0.01663011695906433 0.03125
0 0.8445723684210525 0.5553728070175439 0.01206140350877193 0.023300438596491228
0 0.8231907894736843 0.5603070175438596 0.019371345029239765 0.021107456140350877
0 0.8727156432748538 0.5629111842105263 0.015716374269005847 0.017543859649122806
0 0.8392726608187134 0.5652412280701754 0.013523391812865496 0.015625
0 0.8555372807017544 0.5705866228070176 0.014985380116959063 0.023026315789473683
0 0.871984649122807 0.5783991228070176 0.014985380116959063 0.032072368421052634
0 0.8691520467836258 0.5822368421052632 0.018457602339181287 0.029331140350877194
0 0.8375365497076024 0.5793585526315789 0.023940058479532164 0.02138157894736842
0 0.8559941520467836 0.5840186403508772 0.01882309941520468 0.015899122807017545
0 0.2700794956140351 0.5492050438596492 0.008177997076023392 0.03330592105263158
0 0.2618329678362573 0.5542763157894737 0.008954678362573099 0.024945175438596492
0 0.27942251461988304 0.5479714912280701 0.010782163742690058 0.021107456140350877
0 0.27519645467836257 0.5652412280701755 0.012655336257309942 0.026589912280701754
0 0.2891081871345029 0.5615405701754386 0.006396198830409356 0.00932017543859649
0 0.2924890350877193 0.5670915570175439 0.008771929824561403 0.019325657894736843
0 0.2810672514619883 0.5643503289473684 0.012975146198830409 0.015213815789473685
0 0.35357273391812866 0.5434484649122807 0.021198830409356724 0.01425438596491228
0 0.4739583333333333 0.5470120614035088 0.008406432748538011 0.017543859649122806
0 0.47934941520467833 0.5570175438596492 0.006761695906432748 0.01836622807017544
0 0.8002558479532164 0.549890350877193 0.009685672514619883 0.023300438596491228
0 0.8078399122807018 0.5557839912280701 0.010964912280701754 0.020833333333333332
0 0.07353344298245615 0.5492900219298246 0.01493969298245614 0.023952850877193014
0 0.07208333333333333 0.5665090460526315 0.010211988304093566 0.01596765350877193
0 0.10176809210526316 0.5541392543859649 0.011741593567251463 0.03070175438596491
0 0.46573464912280704 0.5467379385964912 0.008771929824561403 0.015899122807017545
0 0.4567799707602339 0.5479714912280702 0.006944444444444444 0.014528508771929825
0 0.7066885964912281 0.5513980263157895 0.008954678362573099 0.02138157894736842
0 0.8914473684210527 0.5533168859649122 0.01516812865497076 0.02412280701754386
0 0.13441154970760233 0.5493421052631579 0.009137426900584795 0.015625
0 0.13301809210526316 0.5634594298245614 0.017315423976608187 0.014802631578947368
0 0.14914565058479531 0.5532140899122807 0.010827850877192983 0.027069627192982455
0 0.1507903874269006 0.5862458881578947 0.013751827485380117 0.041049890350877194
0 0.6861293859649122 0.549890350877193 0.015350877192982455 0.015076754385964912
0 0.6776315789473684 0.557154605263158 0.022112573099415205 0.01699561403508772
0 0.7528326023391813 0.5527686403508771 0.014985380116959063 0.020833333333333332
0 0.754111842105263 0.5679824561403508 0.011695906432748537 0.021107456140350877
0 0.14167580409356725 0.5508155153508772 0.005665204678362573 0.01528234649122807
0 0.5686220760233918 0.5519462719298246 0.013157894736842105 0.01644736842105263
0 0.5625 0.5603755482456141 0.019279970760233918 0.0234375
0 0.5543676900584795 0.5674342105263158 0.01425438596491228 0.019462719298245616
0 0.542671783625731 0.5736019736842105 0.013888888888888888 0.03179824561403509
0 0.5474232456140351 0.5845668859649124 0.010964912280701754 0.024671052631578948
0 0.7192068713450293 0.5512609649122807 0.01425438596491228 0.014528508771929825
0 0.34943804824561403 0.5517749451754386 0.02288925438596491 0.01733826754385965
0 0.3472450657894737 0.5641447368421053 0.02435124269005848 0.01617324561403509
0 0.4251644736842105 0.5556469298245613 0.01023391812865497 0.021107456140350877
0 0.515625 0.5538651315789473 0.010599415204678362 0.01699561403508772
0 0.739126461988304 0.5512609649122806 0.011695906432748537 0.012335526315789474
0 0.8765533625730995 0.5555098684210527 0.017178362573099414 0.01918859649122807
0 0.5389254385964912 0.5541392543859649 0.016264619883040937 0.015899122807017545
0 0.18850511695906433 0.5536595394736842 0.01827485380116959 0.013843201754385965
0 0.23601973684210528 0.5583881578947368 0.014528508771929825 0.024945175438596492
0 0.3689921418128655 0.551672149122807 0.01621893274853801 0.009868421052631578
0 0.4866593567251462 0.5590734649122807 0.00712719298245614 0.02412280701754386
0 0.6318530701754386 0.5575657894736842 0.01425438596491228 0.021655701754385966
0 0.6635599415204678 0.5589364035087719 0.008954678362573099 0.021655701754385966
0 0.785453216374269 0.5601699561403509 0.014437134502923976 0.023574561403508772
0 0.7852704678362573 0.5734649122807018 0.01882309941520468 0.026041666666666668
0 0.3149671052631579 0.5578399122807018 0.015350877192982455 0.018914473684210526
0 0.4333881578947369 0.5618146929824562 0.009502923976608187 0.0268640350877193
0 0.5002741228070176 0.5550986842105262 0.009502923976608187 0.011787280701754386
0 0.5047514619883041 0.5730537280701754 0.010416666666666666 0.02905701754385965
0 0.5771655701754387 0.5602042214912281 0.011056286549707603 0.02254660087719298
0 0.655610380116959 0.5627741228070174 0.01206140350877193 0.02768640350877193
0 0.6501279239766081 0.5800438596491228 0.012792397660818713 0.011787280701754386
0 0.7256944444444445 0.5586622807017544 0.010416666666666666 0.019462719298245616
0 0.7955043859649122 0.5638706140350876 0.007858187134502924 0.02823464912280702
0 0.22478070175438597 0.5592105263157895 0.017361111111111112 0.01781798245614035
0 0.7732090643274854 0.5556469298245614 0.009685672514619883 0.011239035087719298
0 0.4141995614035088 0.5645559210526315 0.012426900584795321 0.027960526315789474
0 0.49360380116959063 0.5616776315789473 0.008223684210526315 0.022203947368421052
0 0.8383589181286549 0.5546875 0.006578947368421052 0.007675438596491228
0 0.30238029970760233 0.5621573464912281 0.012198464912280702 0.021518640350877194
0 0.5107821637426901 0.5671600877192983 0.010416666666666666 0.03042763157894737
0 0.17130391081871343 0.5646929824561404 0.01859466374269006 0.02617872807017544
0 0.21632858187134504 0.5572916666666666 0.00849780701754386 0.009046052631578948
0 0.20970394736842107 0.5723684210526316 0.012426900584795321 0.024396929824561403
0 0.46920687134502925 0.5609923245614036 0.019005847953216373 0.017543859649122806
0 0.5932931286549709 0.5604440789473684 0.010964912280701754 0.014802631578947368
0 0.5887244152046783 0.5690789473684211 0.007675438596491228 0.01836622807017544
0 0.3282392178362573 0.5627398574561404 0.01621893274853801 0.021175986842105265
0 0.3217516447368421 0.5673656798245613 0.016127558479532164 0.020970394736842105
0 0.24353527046783624 0.5612321820175439 0.009091739766081871 0.01747532894736842
0 0.736750730994152 0.5641447368421053 0.013157894736842105 0.01836622807017544
0 0.7696454678362573 0.5642817982456141 0.01864035087719298 0.018092105263157895
0 0.35798154239766083 0.5652412280701755 0.020148026315789474 0.018914473684210526
0 0.4513888888888889 0.5692160087719299 0.012975146198830409 0.02631578947368421
0 0.6374269005847953 0.5664747807017544 0.008589181286549707 0.021929824561403508
0 0.6372441520467836 0.5862116228070174 0.009685672514619883 0.019736842105263157
0 0.6433662280701755 0.6103344298245614 0.009502923976608187 0.03234649122807018
0 0.718110380116959 0.565515350877193 0.014985380116959063 0.0200109649122807
0 0.7219480994152047 0.5838815789473684 0.009137426900584795 0.021107456140350877
0 0.7420504385964912 0.5615405701754386 0.01023391812865497 0.01206140350877193
0 0.1768092105263158 0.5663377192982456 0.01644736842105263 0.0200109649122807
0 0.1766264619883041 0.5767379385964913 0.019736842105263157 0.01805921052631582
0 0.14320632309941522 0.572094298245614 0.010645102339181287 0.029331140350877194
0 0.3798656798245614 0.5683251096491229 0.023254751461988302 0.02398574561403509
0 0.6895102339181286 0.5608552631578947 0.007858187134502924 0.007401315789473684
0 0.6970942982456141 0.5642817982456141 0.007675438596491228 0.009868421052631578
0 0.6834795321637427 0.5652412280701755 0.012244152046783625 0.009594298245614035
0 0.7053179824561404 0.5723684210526316 0.009137426900584795 0.023848684210526317
0 0.6913377192982456 0.5707236842105263 0.008954678362573099 0.01069078947368421
0 0.6867690058479533 0.5757264254385965 0.018457602339181287 0.015487938596491228
0 0.6978252923976608 0.5763432017543859 0.006944444444444444 0.014802631578947368
0 0.6460160818713451 0.5683936403508771 0.008223684210526315 0.019736842105263157
0 0.4596125730994152 0.5742872807017544 0.011878654970760233 0.030975877192982455
0 0.4658260233918129 0.5794956140350878 0.00932017543859649 0.023848684210526317
0 0.4698921783625731 0.6010142543859649 0.011056286549707603 0.023026315789473683
0 0.46408991228070173 0.6037554824561404 0.010964912280701754 0.02631578947368421
0 0.48218201754385964 0.6066337719298245 0.010964912280701754 0.02823464912280702
0 0.4776133040935672 0.6133497807017544 0.009868421052631578 0.023574561403508772
0 0.8902595029239767 0.5729166666666667 0.011330409356725146 0.026041666666666668
0 0.9029605263157895 0.5830592105263158 0.02722953216374269 0.0424890350877193
0 0.8834064327485379 0.5849780701754386 0.011878654970760233 0.03536184210526316
0 0.5210160818713451 0.5759320175438597 0.009685672514619883 0.027138157894736843
0 0.8026315789473685 0.5746984649122807 0.011513157894736841 0.022478070175438597
0 0.8024488304093568 0.594983552631579 0.015899122807017545 0.023026315789473683
0 0.018457602339181287 0.5753837719298246 0.013706140350877192 0.022203947368421052
0 0.364469115497076 0.5755208333333334 0.01850328947368421 0.022478070175438597
0 0.5815058479532164 0.5751096491228069 0.008589181286549707 0.0200109649122807
0 0.1159311038011696 0.5767543859649124 0.019599780701754384 0.02631578947368421
0 0.12554824561403508 0.5797012061403508 0.024671052631578948 0.013569078947368422
0 0.13032255116959063 0.6012883771929824 0.014848318713450293 0.03508771929824561
0 0.7702850877192982 0.5745614035087719 0.019554093567251463 0.01781798245614035
0 0.7834429824561404 0.5848410087719298 0.010051169590643274 0.012609649122807017
0 0.8199926900584795 0.5723684210526315 0.010782163742690058 0.013980263157894737
0 0.3074515716374269 0.5795984100877193 0.013112207602339181 0.029673793859649123
0 0.494608918128655 0.578125 0.008771929824561403 0.023848684210526317
0 0.5730994152046783 0.5763774671052632 0.012244152046783625 0.02035361842105263
0 0.4210526315789474 0.5764802631578947 0.008589181286549707 0.0200109649122807
0 0.6747076023391813 0.5779879385964912 0.012975146198830409 0.023026315789473683
0 0.09269919590643275 0.5728138706140351 0.021107456140350877 0.01103344298245614
0 0.13112207602339182 0.5724026864035088 0.013888888888888888 0.013363486842105263
0 0.37970577485380114 0.5800438596491229 0.025676169590643276 0.02645285087719298
0 0.7474415204678363 0.5778508771929824 0.009685672514619883 0.021655701754385966
0 0.8109466374269005 0.5723684210526316 0.006578947368421052 0.01069078947368421
0 0.2269736842105263 0.5745956688596492 0.01918859649122807 0.020490679824561403
0 0.24113669590643275 0.5755208333333334 0.022021198830409358 0.018092105263157895
0 0.47496345029239767 0.5836074561403508 0.00932017543859649 0.02987938596491228
0 0.6271016081871345 0.5785361842105262 0.01206140350877193 0.019736842105263157
0 0.7129020467836258 0.5797697368421052 0.008954678362573099 0.022203947368421052
0 0.7150036549707602 0.5948464912280701 0.012426900584795321 0.011787280701754386
0 0.7300804093567251 0.5793585526315789 0.00932017543859649 0.02138157894736842
0 0.48547149122807015 0.5845668859649122 0.011695906432748537 0.030153508771929825
0 0.2808845029239766 0.576891447368421 0.01882309941520468 0.013706140350877192
0 0.4033945540935673 0.5763774671052632 0.013477704678362573 0.013637609649122808
0 0.6605445906432749 0.5762061403508772 0.00804093567251462 0.01069078947368421
0 0.21324470029239767 0.5798382675438596 0.013660453216374269 0.01987390350877193
0 0.22478070175438597 0.5902891995614036 0.015533625730994151 0.021450109649122806
0 0.23999451754385964 0.5867941337719298 0.02055921052631579 0.011581688596491228
0 0.238578216374269 0.6048519736842105 0.01114766081871345 0.03728070175438596
0 0.19755116959064328 0.5951891447368421 0.018092105263157895 0.017406798245614034
0 0.5650356359649124 0.5852521929824562 0.010462353801169591 0.027138157894736843
0 0.2936769005847953 0.5826480263157895 0.01882309941520468 0.020833333333333332
0 0.29790296052631576 0.588952850877193 0.009822733918128655 0.022478070175438597
0 0.2831688596491228 0.6043037280701754 0.02010233918128655 0.02905701754385965
0 0.2864354897660819 0.6113966557017544 0.024533991228070175 0.02446546052631579
0 0.33118603801169594 0.5861430921052632 0.021290204678362575 0.025082236842105265
0 0.33646290204678364 0.5900836074561403 0.022797880116959063 0.027754934210526317
0 0.5923565423976609 0.5864857456140351 0.011741593567251463 0.02905701754385965
0 0.32661732456140347 0.581483004385965 0.022112573099415205 0.0190515350877193
0 0.7645285087719298 0.5829221491228069 0.011695906432748537 0.020833333333333332
0 0.7749451754385965 0.5955317982456141 0.01023391812865497 0.02631578947368421
0 0.7733918128654971 0.6117050438596491 0.022478070175438597 0.03837719298245614
0 0.6665752923976608 0.5875822368421052 0.01206140350877193 0.02850877192982456
0 0.3973638523391813 0.5797354714912281 0.007995248538011696 0.012266995614035088
0 0.73921783625731 0.5882675438596491 0.01114766081871345 0.029331140350877194
0 0.07067799707602339 0.5830592105263158 0.01964546783625731 0.01781798245614035
0 0.3154239766081871 0.584703947368421 0.011330409356725146 0.021107456140350877
0 0.32156889619883045 0.605297423245614 0.01758954678362573 0.025013706140350877
0 0.4994517543859649 0.5896381578947368 0.008589181286549707 0.030975877192982455
0 0.5073099415204678 0.6135896381578948 0.00932017543859649 0.05201480263157895
0 0.4945175438596491 0.6037554824561404 0.010416666666666666 0.025219298245614034
0 0.4904970760233918 0.6244517543859649 0.018457602339181287 0.04303728070175439
0 0.5031980994152047 0.6186951754385964 0.007309941520467836 0.022203947368421052
0 0.5196226242690059 0.6402480811403508 0.017498172514619884 0.03186677631578947
0 0.4950657894736842 0.6387061403508772 0.017726608187134504 0.01781798245614035
0 0.53125 0.5881304824561403 0.01114766081871345 0.027412280701754384
0 0.9121893274853801 0.5849780701754386 0.02010233918128655 0.021655701754385966
0 0.44106359649122806 0.5895010964912281 0.011330409356725146 0.02850877192982456
0 0.558296783625731 0.5867598684210527 0.010051169590643274 0.022478070175438597
0 0.08255665204678363 0.5900493421052632 0.015076754385964912 0.027960526315789474
0 0.09162554824561403 0.5907346491228069 0.012381213450292397 0.028782894736842105
0 0.41657529239766083 0.5905975877192983 0.013157894736842105 0.0268640350877193
0 0.4273574561403509 0.6000548245614035 0.009137426900584795 0.02275219298245614
0 0.6094663742690059 0.5930646929824561 0.020650584795321638 0.03234649122807018
0 0.36127101608187134 0.5892612390350878 0.015670687134502925 0.02309484649122807
0 0.09975785818713451 0.5938870614035088 0.012929459064327485 0.03179824561403509
0 0.1810809576023392 0.5933730811403509 0.01621893274853801 0.029673793859649123
0 0.7573099415204678 0.5921052631578948 0.00932017543859649 0.027138157894736843
0 0.8086622807017544 0.5862116228070176 0.00712719298245614 0.014802631578947368
0 0.81734283625731 0.5873081140350878 0.010964912280701754 0.01699561403508772
0 0.2644599780701754 0.5942982456140351 0.013751827485380117 0.031524122807017545
0 0.020148026315789474 0.5950520833333334 0.022569444444444444 0.033854166666666664
0 0.170812317251462 0.5972450657894737 0.016288377192982456 0.03686951754385965
0 0.2763843201754386 0.5910087719298246 0.01667580409356725 0.02206688596491228
0 0.27816611842105265 0.593578673245614 0.013386330409356726 0.018297697368421052
0 0.5839729532163742 0.5947094298245614 0.012883771929824562 0.03289473684210526
0 0.6889619883040936 0.5975877192982456 0.011513157894736841 0.033168859649122806
0 0.4525767543859649 0.5915570175438597 0.010964912280701754 0.018914473684210526
0 0.6561586257309941 0.5904605263157895 0.011695906432748537 0.016721491228070175
0 0.5751324926900585 0.5958059210526315 0.009639985380116959 0.02768640350877193
0 0.5476059941520468 0.6034813596491229 0.013888888888888888 0.025767543859649123
0 0.5610608552631579 0.6048519736842105 0.02288925438596491 0.01425438596491228
0 0.5753152412280702 0.6196546052631579 0.02608735380116959 0.03070175438596491
0 0.5355445906432749 0.6233209978070176 0.014619883040935672 0.027069627192982455
0 0.3937317251461988 0.5940926535087719 0.02585891812865497 0.025356359649122806
0 0.5211074561403509 0.5966282894736842 0.01864035087719298 0.027412280701754384
0 0.5158991228070176 0.601014254385965 0.012975146198830409 0.0268640350877193
0 0.5369152046783625 0.6006030701754386 0.012609649122807017 0.02055921052631579
0 0.7034904970760234 0.5892269736842105 0.013523391812865496 0.012609649122807017
0 0.6978252923976609 0.5982730263157895 0.011695906432748537 0.02631578947368421
0 0.7068713450292398 0.6089638157894737 0.008954678362573099 0.02412280701754386
0 0.007766812865497076 0.591968201754386 0.015716374269005847 0.01644736842105263
0 0.2545230263157895 0.5929618969298246 0.02266081871345029 0.020627741228070175
0 0.2528554459064327 0.6007401315789473 0.018320540935672515 0.01274671052631579
0 0.4123720760233918 0.5952576754385965 0.012792397660818713 0.023574561403508772
0 0.8559941520467836 0.5963541666666667 0.024305555555555556 0.025767543859649123
0 0.6464729532163743 0.5919682017543859 0.008771929824561403 0.015899122807017545
0 0.11284722222222222 0.592859100877193 0.021564327485380116 0.016036184210526317
0 0.11067708333333333 0.6004660087719298 0.019691154970760235 0.020833333333333332
0 0.11595394736842105 0.6137266995614036 0.01827485380116959 0.02158717105263158
0 0.12316063596491228 0.594453125 0.013956505847953217 0.02148300438596488
0 0.20913285818713448 0.602796052631579 0.01667580409356725 0.03961074561403509
0 0.3100328947368421 0.5998149671052632 0.010873538011695907 0.028851425438596492
0 0.632218567251462 0.5941611842105263 0.007675438596491228 0.015350877192982455
0 0.6261878654970761 0.6003289473684211 0.011330409356725146 0.02549342105263158
0 0.6204312865497077 0.6214364035087719 0.011513157894736841 0.0424890350877193
0 0.6152229532163743 0.6121162280701754 0.010964912280701754 0.023300438596491228
0 0.6023391812865496 0.6019736842105263 0.012244152046783625 0.02987938596491228
0 0.5970394736842105 0.614172149122807 0.014071637426900584 0.03344298245614035
0 0.6774488304093567 0.5948464912280702 0.011878654970760233 0.01617324561403509
0 0.6862207602339182 0.6073190789473685 0.010416666666666666 0.025219298245614034
0 0.6733369883040935 0.6060855263157894 0.005116959064327485 0.011787280701754386
0 0.680921052631579 0.6244517543859649 0.010782163742690058 0.04303728070175439
0 0.6906067251461988 0.6337719298245614 0.01516812865497076 0.03262061403508772
0 0.13987116228070176 0.6025219298245613 0.012015716374269006 0.03700657894736842
0 0.7942251461988303 0.5966282894736843 0.011878654970760233 0.01864035087719298
0 0.8043676900584796 0.6223958333333334 0.019371345029239765 0.03289473684210526
0 0.21708241959064326 0.6080043859649122 0.015122441520467836 0.038651315789473686
0 0.22443804824561403 0.6089980811403508 0.018777412280701754 0.023643092105263157
0 0.7871893274853801 0.6016995614035088 0.014619883040935672 0.026589912280701754
0 0.7509137426900585 0.6011513157894737 0.011513157894736841 0.023848684210526317
0 0.40088176169590645 0.600842927631579 0.012381213450292397 0.02652138157894737
0 0.8515168128654971 0.6025219298245614 0.027046783625730993 0.023848684210526317
0 0.8467653508771931 0.6043037280701755 0.025584795321637425 0.01918859649122807
0 0.856359649122807 0.6212993421052632 0.024671052631578948 0.015350877192982455
0 0.15927722953216375 0.6047834429824562 0.011811038011695906 0.02631578947368421
0 0.7252375730994153 0.6036184210526316 0.010599415204678362 0.023848684210526317
0 0.34726790935672514 0.6048519736842105 0.015990497076023392 0.02412280701754386
0 0.3367141812865497 0.6064967105263158 0.02266081871345029 0.021929824561403508
0 0.3678499634502924 0.608141447368421 0.009457236842105263 0.03522478070175439
0 0.3602887426900585 0.614172149122807 0.01206140350877193 0.03344298245614035
0 0.7357456140350878 0.603344298245614 0.010782163742690058 0.022203947368421052
0 0.8167945906432749 0.6085526315789473 0.013888888888888888 0.031524122807017545
0 0.8252923976608186 0.6085526315789473 0.0133406432748538 0.030975877192982455
0 0.45230263157894735 0.6074561403508771 0.01516812865497076 0.02823464912280702
0 0.3026544225146199 0.6099917763157895 0.012563961988304093 0.031661184210526314
0 0.8759137426900585 0.6052631578947368 0.019554093567251463 0.02275219298245614
0 0.19803088450292397 0.612390350877193 0.011741593567251463 0.033168859649122806
0 0.8362573099415205 0.6115679824561403 0.01663011695906433 0.031524122807017545
0 0.17911641081871343 0.6110540021929824 0.024899488304093567 0.027617872807017545
0 0.18786549707602337 0.6170504385964912 0.010782163742690058 0.02055921052631579
0 0.38587353801169594 0.614172149122807 0.02101608187134503 0.032072368421052634
0 0.6578947368421053 0.606359649122807 0.01918859649122807 0.014528508771929825
0 0.6536915204678363 0.6217105263157894 0.011513157894736841 0.02823464912280702
0 0.0043859649122807015 0.6149945175438596 0.008954678362573099 0.03070175438596491
0 0.41100146198830406 0.6144462719298245 0.010782163742690058 0.029605263157894735
0 0.7161915204678363 0.6112938596491228 0.010051169590643274 0.023300438596491228
0 0.723501461988304 0.637609649122807 0.012244152046783625 0.04084429824561404
0 0.2686631944444444 0.611328125 0.0188687865497076 0.020627741228070175
0 0.7452485380116959 0.6155427631578948 0.00932017543859649 0.02631578947368421
0 0.6345942982456141 0.6130756578947368 0.00804093567251462 0.020833333333333332
0 0.4377741228070175 0.6167763157894738 0.013888888888888888 0.027138157894736843
0 0.4289108187134503 0.625 0.012975146198830409 0.031524122807017545
0 0.44206871345029236 0.6226699561403508 0.014802631578947368 0.021929824561403508
0 0.810763888888889 0.6182839912280701 0.019371345029239765 0.02905701754385965
0 0.22699652777777776 0.6210252192982456 0.02288925438596491 0.0356359649122807
0 0.2505025584795322 0.6112253289473684 0.019097222222222224 0.01274671052631579
0 0.41977339181286555 0.6138980263157895 0.005665204678362573 0.01699561403508772
0 0.4253472222222222 0.6389802631578948 0.01644736842105263 0.033168859649122806
0 0.5869426169590642 0.620202850877193 0.020376461988304093 0.027412280701754384
0 0.7644371345029239 0.6251370614035088 0.014802631578947368 0.03618421052631579
0 0.7563048245614035 0.6288377192982456 0.012792397660818713 0.030975877192982455
0 0.6727887426900585 0.6263706140350876 0.010964912280701754 0.03700657894736842
0 0.6647478070175438 0.6296600877192983 0.01206140350877193 0.0381030701754386
0 0.7331871345029239 0.6192434210526315 0.014071637426900584 0.021655701754385966
0 0.29148391812865493 0.6235265899122807 0.010416666666666666 0.029125548245614034
0 0.38961988304093564 0.6210594846491228 0.022478070175438597 0.026247258771929825
0 0.5261330409356725 0.6156798245614035 0.008223684210526315 0.012335526315789474
0 0.5325292397660819 0.616639254385965 0.007858187134502924 0.010964912280701754
0 0.31327668128654973 0.6306195175438597 0.019736842105263157 0.03892543859649123
0 0.5484740497076023 0.6227042214912281 0.019828216374269007 0.023643092105263157
0 0.6972770467836258 0.6252741228070176 0.009868421052631578 0.02823464912280702
0 0.7822551169590642 0.6240405701754387 0.012792397660818713 0.02631578947368421
0 0.5221582602339182 0.6306537828947368 0.018914473684210526 0.03734923245614035
0 0.34130573830409355 0.6273985745614035 0.022341008771929825 0.030153508771929825
0 0.3958333333333333 0.6306195175438597 0.01882309941520468 0.03344298245614035
0 0.4081688596491228 0.6304824561403508 0.008771929824561403 0.02768640350877193
0 0.41895102339181284 0.6492598684210527 0.019371345029239765 0.03453947368421053
0 0.4731359649122807 0.6244517543859649 0.012609649122807017 0.021107456140350877
0 0.559484649122807 0.629797149122807 0.01023391812865497 0.03234649122807018
0 0.2524671052631579 0.6240063048245614 0.02412280701754386 0.022135416666666668
0 0.3013980263157895 0.6307223135964912 0.01964546783625731 0.03405975877192982
0 0.45952119883040937 0.629797149122807 0.013157894736842105 0.03125
0 0.6291118421052632 0.6329495614035088 0.011330409356725146 0.036458333333333336
0 0.3543265716374269 0.6302768640350876 0.017041301169590642 0.029742324561403508
0 0.5718201754385965 0.6284265350877193 0.015533625730994151 0.024671052631578948
0 0.6083698830409358 0.6319901315789473 0.01114766081871345 0.03234649122807018
0 0.7117141812865497 0.6332236842105263 0.009868421052631578 0.034265350877192985
0 0.7033077485380117 0.6355537280701755 0.008406432748538011 0.03289473684210526
0 0.7894736842105263 0.6314418859649122 0.018457602339181287 0.03070175438596491
0 0.3201297514619883 0.631921600877193 0.01781798245614035 0.029468201754385966
0 0.4492872807017544 0.6354166666666666 0.012426900584795321 0.036458333333333336
0 0.4385964912280702 0.6443256578947368 0.00932017543859649 0.027412280701754384
0 0.26633315058479534 0.6370271381578948 0.015670687134502925 0.037075109649122806
0 0.7293494152046784 0.6315789473684211 0.009685672514619883 0.024945175438596492
0 0.05674342105263158 0.6350054824561403 0.015350877192982455 0.030153508771929825
0 0.2798793859649123 0.6297971491228069 0.015350877192982455 0.0200109649122807
0 0.033717105263157895 0.6363760964912281 0.03070175438596491 0.030153508771929825
0 0.07949561403508773 0.6336348684210527 0.023940058479532164 0.023574561403508772
0 0.6421783625730995 0.6384320175438597 0.01516812865497076 0.03262061403508772
0 0.24716739766081872 0.6328125 0.017543859649122806 0.020285087719298246
0 0.3970211988304093 0.6404879385964912 0.013888888888888888 0.03399122807017544
0 0.33753654970760233 0.6332922149122807 0.021655701754385966 0.024533991228070175
0 0.18592379385964913 0.6423040021929824 0.017498172514619884 0.034882127192982455
0 0.06259137426900585 0.6417214912280702 0.017543859649122806 0.03262061403508772
0 0.7381213450292398 0.6435032894736843 0.012609649122807017 0.03453947368421053
0 0.238875182748538 0.6427151864035088 0.0188687865497076 0.03310032894736842
0 0.652046783625731 0.6380208333333333 0.016264619883040937 0.02138157894736842
0 0.46847587719298245 0.6451480263157895 0.01206140350877193 0.03344298245614035
0 0.459749634502924 0.6469298245614036 0.011421783625730994 0.027138157894736843
0 0.16447368421052633 0.6469298245614035 0.015533625730994151 0.035910087719298246
0 0.04577850877192982 0.6450109649122807 0.013888888888888888 0.030975877192982455
0 0.7597770467836257 0.645422149122807 0.03033625730994152 0.03125
0 0.7461622807017544 0.6484375 0.004934210526315789 0.014802631578947368
0 0.5429002192982456 0.639562774122807 0.023483187134502925 0.01884594298245614
0 0.4752375730994152 0.6484375 0.012426900584795321 0.029605263157894735
0 0.5159904970760233 0.6490200109649122 0.02010233918128655 0.0317297149122807
0 0.17262883771929824 0.6476836622807017 0.009914108187134504 0.028097587719298246
0 0.036549707602339186 0.6498081140350876 0.007492690058479532 0.020285087719298246
0 0.49689327485380114 0.6533717105263157 0.018092105263157895 0.027960526315789474
0 0.07273391812865497 0.6604989035087718 0.01918859649122807 0.03508771929824561
0 0.06186038011695907 0.6639254385964912 0.017543859649122806 0.03536184210526316
0 0.0809576023391813 0.6692708333333333 0.019919590643274854 0.02138157894736842
0 0.4138340643274854 0.6588541666666666 0.019371345029239765 0.03179824561403509
0 0.6420869883040936 0.6596765350877193 0.017178362573099414 0.025767543859649123
0 0.4794407894736842 0.6609100877192982 0.019005847953216373 0.02768640350877193
0 0.45266812865497075 0.6648848684210527 0.019919590643274854 0.02631578947368421
0 0.21077759502923976 0.6826343201754386 0.02965095029239766 0.01631030701754386
0 0.20100054824561403 0.6981907894736842 0.024625365497076022 0.023300438596491228
0 0.21016081871345027 0.7035361842105263 0.020650584795321638 0.02850877192982456
0 0.21029788011695905 0.7197094298245613 0.0245796783625731 0.03673245614035088
0 0.22231359649122806 0.720497532894737 0.025584795321637425 0.03899396929824561
0 0.03618421052631579 0.5627741228070176 0.017909356725146198 0.025219298245614034
0 0.029559576023391813 0.5701069078947368 0.015076754385964912 0.025356359649122806
0 0.07943804824561403 0.5505921052631578 0.015509868421052632 0.01757675438596488
0 0.0799186769005848 0.5641790021929824 0.00893092105263158 0.023506030701754384
0 0.08807291666666667 0.5604098135964912 0.019120979532163743 0.01747532894736842
0 0.11456048976608187 0.5594161184210527 0.019234283625730993 0.010416666666666666
0 0.11090551900584796 0.5707922149122807 0.021153143274853802 0.019325657894736843
0 0.11362390350877193 0.5181606359649122 0.01251827485380117 0.012609649122807017
0 0.12097953216374269 0.5209703947368421 0.016812865497076022 0.02563048245614035
0 0.19876187865497075 0.5183319627192983 0.013569078947368422 0.025836074561403508
0 0.1905610380116959 0.5339912280701755 0.015899122807017545 0.02645285087719298
0 0.34918676900584794 0.5844298245614036 0.017909356725146198 0.025904605263157895
0 0.3751827485380117 0.6136403508771929 0.020924707602339183 0.04964912280701751
