0 0.12775 0.6653333333333333 0.019 0.04066666666666666
0 0.359625 0.6368333333333333 0.01625 0.029
0 0.730625 0.487 0.03375 0.036
0 0.6241249999999999 0.6535 0.03575 0.023
0 0.39899999999999997 0.662 0.0135 0.04
0 0.45749999999999996 0.6178333333333333 0.0255 0.035666666666666666
0 0.376875 0.606 0.02825 0.028
0 0.82975 0.5475 0.0225 0.04033333333333333
0 0.46537500000000004 0.6776666666666666 0.02475 0.04066666666666666
0 0.14175000000000001 0.6288333333333334 0.0245 0.03833333333333333
0 0.818 0.7026666666666667 0.0165 0.04
0 0.651 0.6163333333333334 0.022 0.03933333333333333
0 0.346375 0.6124999999999999 0.02125 0.041
0 0.18562499999999998 0.68 0.02225 0.034
0 0.473625 0.535 0.01525 0.03866666666666667
0 0.988 0.7053333333333334 0.0175 0.03933333333333333
0 0.427875 0.6133333333333333 0.01925 0.04666666666666667
0 0.842375 0.5768333333333333 0.02075 0.034333333333333334
0 0.7456250000000001 0.6343333333333333 0.01825 0.036
0 0.6357499999999999 0.6218333333333333 0.0145 0.04833333333333333
0 0.9595 0.7121666666666666 0.0195 0.039
0 0.91925 0.5535 0.0145 0.03966666666666667
0 0.881625 0.4713333333333333 0.02725 0.034
0 0.23675000000000002 0.6555 0.0165 0.04633333333333333
0 0.9708749999999999 0.576 0.01575 0.042666666666666665
0 0.790875 0.717 0.01625 0.042
0 0.834125 0.6553333333333333 0.01275 0.043333333333333335
0 0.817125 0.4543333333333333 0.01675 0.042666666666666665
0 0.98825 0.4226666666666667 0.022 0.034
0 0.45825 0.5256666666666667 0.016 0.042
0 0.450125 0.6828333333333334 0.01975 0.025666666666666667
0 0.324625 0.624 0.02325 0.036
0 0.4155 0.6156666666666666 0.0165 0.03933333333333333
0 0.9436249999999999 0.5203333333333333 0.02775 0.032
0 0.933375 0.6718333333333333 0.01925 0.04033333333333333
0 0.892125 0.6616666666666666 0.01775 0.04066666666666666
0 0.8438749999999999 0.7116666666666667 0.01375 0.034
0 0.565875 0.6235 0.01475 0.05366666666666667
0 0.221875 0.6408333333333334 0.01475 0.04633333333333333
0 0.812625 0.6501666666666667 0.01925 0.035
0 0.970125 0.7184999999999999 0.02075 0.037
0 0.793 0.5765 0.032 0.029
0 0.799625 0.45016666666666666 0.01825 0.043
0 0.98725 0.623 0.015 0.04
0 0.843 0.6658333333333334 0.0145 0.03766666666666667
0 0.775 0.7186666666666666 0.02 0.04133333333333333
0 0.7643749999999999 0.671 0.01775 0.029333333333333333
0 0.912 0.7086666666666667 0.0195 0.030666666666666665
0 0.676875 0.6485 0.02075 0.037
0 0.78825 0.5423333333333333 0.0305 0.03133333333333333
0 0.866875 0.672 0.02125 0.032
0 0.199375 0.6216666666666667 0.02125 0.042666666666666665
0 0.798875 0.5478333333333333 0.01925 0.033
0 0.471125 0.6190000000000001 0.02475 0.035333333333333335
0 0.952125 0.5848333333333333 0.01875 0.026333333333333334
0 0.740375 0.6706666666666666 0.01575 0.03666666666666667
0 0.931875 0.5093333333333333 0.02925 0.026
0 0.374 0.6396666666666666 0.0155 0.04066666666666666
0 0.46575 0.6515 0.0175 0.03833333333333333
0 0.82175 0.6576666666666667 0.0155 0.038
0 0.480375 0.6365000000000001 0.01575 0.03766666666666667
0 0.849125 0.44316666666666665 0.02425 0.035666666666666666
0 0.742375 0.5416666666666666 0.02475 0.018666666666666668
0 0.985 0.461 0.025 0.04
0 0.39925 0.6176666666666666 0.0175 0.043333333333333335
0 0.509125 0.602 0.02075 0.042666666666666665
0 0.93425 0.743 0.0305 0.026
0 0.932 0.7203333333333334 0.0175 0.04
0 0.0395 0.7048333333333333 0.0385 0.02033333333333333
0 0.809875 0.5538333333333333 0.01675 0.037
0 0.8641249999999999 0.44183333333333336 0.02175 0.04033333333333333
0 0.810875 0.48683333333333334 0.01725 0.031
0 0.90125 0.5468333333333333 0.0285 0.031
0 0.27837500000000004 0.6275 0.02275 0.041
0 0.8625 0.5116666666666667 0.0255 0.04066666666666666
0 0.926625 0.5771666666666666 0.02125 0.029
0 0.201125 0.6588333333333334 0.01625 0.03766666666666667
0 0.857875 0.6940000000000001 0.01425 0.019333333333333334
0 0.057875 0.6363333333333333 0.01975 0.042666666666666665
0 0.9834999999999999 0.5591666666666667 0.017 0.041666666666666664
0 0.969875 0.5325000000000001 0.01525 0.04766666666666667
0 0.7865 0.6616666666666666 0.013 0.026
0 0.969125 0.45716666666666667 0.01775 0.039
0 0.812125 0.5165 0.01775 0.033666666666666664
0 0.253 0.6238333333333334 0.0175 0.041666666666666664
0 0.95825 0.5498333333333333 0.0115 0.03833333333333333
0 0.9485 0.7238333333333333 0.0155 0.03833333333333333
0 0.908 0.49166666666666664 0.0185 0.029333333333333333
0 0.9596250000000001 0.5021666666666667 0.01825 0.04633333333333333
0 0.8598750000000001 0.5585 0.01875 0.04566666666666667
0 0.849375 0.4751666666666667 0.01275 0.033
0 0.949 0.44566666666666666 0.02 0.03666666666666667
0 0.7729999999999999 0.4728333333333333 0.021 0.042333333333333334
0 0.14750000000000002 0.6798333333333334 0.0235 0.043666666666666666
0 0.882 0.4895 0.022 0.025666666666666667
0 0.04525 0.6555 0.02 0.043
0 0.909625 0.45516666666666666 0.02625 0.033
0 0.43374999999999997 0.7033333333333334 0.0185 0.03866666666666667
0 0.991375 0.7538333333333332 0.01675 0.029
0 0.586125 0.6436666666666667 0.01775 0.025333333333333333
0 0.91875 0.4851666666666667 0.017 0.033
0 0.80525 0.6308333333333334 0.0185 0.044333333333333336
0 0.0475 0.6851666666666666 0.027 0.033
0 0.9895 0.5221666666666667 0.0135 0.044333333333333336
0 0.386125 0.634 0.01775 0.04666666666666667
0 0.689 0.6301666666666667 0.0125 0.04833333333333333
0 0.00775 0.6913333333333334 0.0155 0.03333333333333333
0 0.444375 0.5261666666666667 0.01725 0.049
0 0.160375 0.6666666666666667 0.01775 0.037333333333333336
0 0.481625 0.6773333333333333 0.02175 0.036
0 0.939125 0.48116666666666663 0.01725 0.029666666666666668
0 0.83775 0.4765 0.013 0.023666666666666666
0 0.7651249999999999 0.5476666666666667 0.02975 0.023333333333333334
0 0.7135 0.5046666666666666 0.024 0.03933333333333333
0 0.35425 0.627 0.017 0.03133333333333333
0 0.25025 0.6663333333333333 0.0145 0.042666666666666665
0 0.821875 0.5085 0.01325 0.03833333333333333
0 0.773125 0.6436666666666667 0.01725 0.042
0 0.874375 0.4583333333333333 0.01425 0.03866666666666667
0 0.169 0.65 0.015 0.042
0 0.948375 0.5345000000000001 0.01975 0.03766666666666667
0 0.12962500000000002 0.6366666666666667 0.02875 0.038
0 0.8386250000000001 0.5083333333333333 0.01875 0.032
0 0.729125 0.6253333333333333 0.02275 0.02
0 0.8949999999999999 0.8211666666666667 0.011 0.023666666666666666
0 0.9565 0.6751666666666666 0.018 0.043
0 0.62275 0.6238333333333334 0.016 0.04833333333333333
0 0.33062499999999995 0.6453333333333333 0.02975 0.024666666666666667
0 0.8330000000000001 0.45649999999999996 0.0195 0.025666666666666667
0 0.7595 0.5325 0.0225 0.019666666666666666
0 0.898625 0.5680000000000001 0.03175 0.023333333333333334
0 0.989 0.7318333333333333 0.021 0.01633333333333333
0 0.2665 0.6406666666666667 0.019 0.03933333333333333
0 0.8875 0.5845 0.0305 0.026333333333333334
0 0.861125 0.4726666666666666 0.01425 0.03266666666666666
0 0.896125 0.5941666666666666 0.02725 0.03233333333333333
0 0.7851250000000001 0.4835 0.01475 0.03233333333333333
0 0.9440000000000001 0.659 0.0155 0.044
0 0.003986249999999999 0.6573333333333333 0.010497499999999998 0.042666666666666665
0 0.029915 0.6455000000000001 0.02137 0.046
0 0.031477500000000005 0.6774166666666667 0.022245 0.041833333333333333
0 0.014170000000000002 0.6535 0.016120000000000002 0.04666666666666667
0 0.020542499999999998 0.6851666666666667 0.017369999999999997 0.038
0 0.0613425 0.66625 0.013245000000000005 0.0415
0 0.07502624999999999 0.66825 0.01811749999999999 0.044833333333333336
0 0.08397625 0.6604166666666667 0.023992499999999993 0.049833333333333334
0 0.09372124999999999 0.6495833333333334 0.022992500000000006 0.029833333333333333
0 0.096535 0.6381666666666667 0.016120000000000006 0.027
0 0.10884250000000001 0.627 0.021745000000000004 0.043
0 0.11202875000000001 0.6647500000000001 0.023617500000000007 0.042166666666666665
0 0.10034375 0.6816666666666666 0.018242500000000005 0.041
0 0.05184 0.7925 0.017244999999999996 0.039
0 0.016975 0.7753333333333333 0.017995 0.016666666666666666
0 0.17960375 0.6385833333333333 0.018992500000000006 0.050833333333333335
0 0.18972499999999998 0.6463333333333333 0.014495000000000004 0.041666666666666664
0 0.21540499999999999 0.6511666666666667 0.018370000000000004 0.045
0 0.44495250000000003 0.6021666666666666 0.015495000000000005 0.036333333333333336
0 0.43520625 0.6363333333333333 0.017492500000000008 0.042
0 0.45045124999999997 0.6498333333333334 0.018992500000000006 0.03833333333333333
0 0.48834500000000003 0.6228333333333333 0.017244999999999948 0.043666666666666666
0 0.5043387500000001 0.6268333333333334 0.021242500000000063 0.044333333333333336
0 0.5174599999999999 0.6246666666666667 0.017995000000000004 0.042666666666666665
0 0.530955 0.6286666666666666 0.017495000000000004 0.03666666666666667
0 0.5390775 0.6206666666666667 0.019745000000000006 0.04066666666666666
0 0.55244875 0.6148333333333333 0.012997499999999945 0.050333333333333334
0 0.57669125 0.6228333333333333 0.012497500000000059 0.044333333333333336
0 0.5920612500000001 0.6136666666666666 0.01724249999999995 0.04733333333333333
0 0.6015575 0.6283333333333333 0.014245000000000004 0.048666666666666664
0 0.6110325 0.61475 0.012620000000000004 0.0365
0 0.65828875 0.6284166666666666 0.01961749999999995 0.042166666666666665
0 0.6692225 0.6161666666666666 0.016995000000000003 0.043
0 0.6997924999999999 0.6505 0.014120000000000004 0.03666666666666667
0 0.70360375 0.6283333333333333 0.020992500000000063 0.048666666666666664
0 0.7135999999999999 0.6271666666666667 0.017745000000000004 0.03833333333333333
0 0.7128512499999999 0.6684166666666667 0.01874249999999995 0.027166666666666665
0 0.72159875 0.6643333333333333 0.021992500000000064 0.043666666666666666
0 0.72890875 0.65225 0.01761749999999995 0.0415
0 0.7611625 0.636 0.012870000000000005 0.035
0 0.7538524999999999 0.6567500000000001 0.013745000000000004 0.0415
0 0.795855 0.6500833333333333 0.013995000000000004 0.03816666666666667
0 0.78354625 0.6423333333333333 0.012122499999999946 0.018
0 0.80771375 0.7083333333333333 0.007997499999999946 0.028666666666666667
0 0.850165 0.6776666666666666 0.016120000000000006 0.04066666666666666
0 0.83217 0.7110833333333334 0.012120000000000004 0.0335
0 0.88565375 0.7181666666666666 0.01886749999999995 0.034666666666666665
0 0.861605 0.6396666666666666 0.02849000000000001 0.014666666666666666
0 0.86073 0.6129166666666667 0.02449000000000001 0.04083333333333333
0 0.8707900000000001 0.5982500000000001 0.016370000000000006 0.03983333333333333
0 0.8884712499999999 0.6186666666666666 0.033737500000000066 0.025
0 0.8847849999999999 0.6346666666666666 0.027865000000000008 0.019
0 0.92745875 0.5964999999999999 0.028992500000000063 0.024666666666666667
0 0.83148875 0.5780833333333334 0.020242500000000063 0.034166666666666665
0 0.81786875 0.586 0.022242500000000064 0.033
0 0.8623037499999999 0.6479999999999999 0.01824249999999995 0.017
0 0.90779625 0.66325 0.016867500000000063 0.041166666666666664
0 0.9039849999999999 0.69225 0.020745000000000003 0.022166666666666668
0 0.91473125 0.6875833333333333 0.01124750000000006 0.0195
0 0.92447875 0.6853333333333333 0.019992500000000062 0.052333333333333336
0 0.9819749999999999 0.752 0.016495000000000006 0.021666666666666667
0 0.7279212500000001 0.50725 0.023867500000000062 0.03816666666666667
0 0.744665 0.49533333333333335 0.020120000000000006 0.056666666666666664
0 0.7567249999999999 0.49974999999999997 0.015745000000000006 0.0465
0 0.7642837499999999 0.4946666666666667 0.01836749999999995 0.055
0 0.7481637499999999 0.52625 0.040112500000000065 0.016833333333333332
0 0.79933625 0.4895833333333333 0.02349249999999995 0.03916666666666667
0 0.78452625 0.508 0.023617500000000062 0.032
0 0.78486 0.5351666666666666 0.014245000000000004 0.013
0 0.7928275 0.5168750000000001 0.025305000000000064 0.028583333333333332
0 0.77505125 0.5289999999999999 0.014997499999999945 0.017
0 0.8266162499999999 0.4741666666666667 0.01861749999999995 0.04516666666666667
0 0.8432737499999999 0.495625 0.018307500000000004 0.026083333333333333
0 0.82542 0.5344166666666668 0.021870000000000004 0.0475
0 0.8422900000000001 0.5469166666666666 0.011370000000000005 0.03883333333333333
0 0.8514125 0.5373333333333333 0.013870000000000004 0.04733333333333333
0 0.8827887499999999 0.5390833333333332 0.02161749999999995 0.049166666666666664
0 0.8652325000000001 0.5315833333333334 0.014245000000000004 0.035833333333333335
0 0.87672875 0.5250833333333332 0.013997499999999946 0.04716666666666667
0 0.8974725 0.5266666666666667 0.013995000000000004 0.046
0 0.9167775 0.52425 0.03061500000000001 0.0355
0 0.8913625000000001 0.4945 0.019870000000000006 0.04
0 0.9244849999999999 0.47150000000000003 0.015995000000000006 0.044
0 0.94341625 0.46216666666666667 0.026367500000000064 0.04633333333333333
0 0.9605975000000001 0.4548333333333333 0.016245000000000006 0.05333333333333334
0 0.98940125 0.46825 0.021367500000000064 0.035833333333333335
0 0.98758875 0.4984166666666667 0.017742500000000064 0.034833333333333334
0 0.9739774999999999 0.493 0.013245000000000005 0.025333333333333333
0 0.99665875 0.49775 0.0063725000000000595 0.026166666666666668
0 0.99715875 0.5371666666666667 0.0063725000000000595 0.04466666666666667
0 0.98085125 0.5265 0.008247500000000059 0.026
0 0.94241875 0.5654166666666667 0.02211749999999995 0.0525
0 0.993715 0.5929166666666668 0.013995000000000004 0.0395
0 0.838525 0.8101666666666666 0.02699000000000001 0.027
0 0.99232 0.7644583333333332 0.015120000000000005 0.021916666666666668
0 0.6691137500000001 0.6396666666666666 0.019492500000000065 0.042666666666666665
