0 0.5435855263157895 0.5439967105263157 0.010599415204678362 0.012609649122807017
0 0.55171783625731 0.5497532894736842 0.010416666666666666 0.01425438596491228
0 0.5614948830409356 0.5540021929824561 0.00804093567251462 0.017269736842105265
0 0.5546418128654971 0.5535910087719298 0.008954678362573099 0.01425438596491228
0 0.5670687134502924 0.5557839912280702 0.007492690058479532 0.01864035087719298
0 0.5880847953216374 0.5540021929824561 0.0133406432748538 0.014528508771929825
0 0.5855263157894737 0.5582510964912281 0.008954678362573099 0.017543859649122806
0 0.5735562865497076 0.5564692982456141 0.005847953216374269 0.015625
0 0.5812088815789473 0.5610265899122807 0.008360745614035088 0.02090186403508772
0 0.7377558479532164 0.5623629385964912 0.008954678362573099 0.01644736842105263
0 0.6253654970760234 0.5631853070175439 0.014802631578947368 0.01425438596491228
0 0.7332785087719298 0.5663377192982456 0.008771929824561403 0.011239035087719298
0 0.7364766081871345 0.5753152412280702 0.014071637426900584 0.01631030701754386
0 0.7468932748538012 0.5744243421052632 0.015899122807017545 0.007675438596491228
0 0.552905701754386 0.5667489035087719 0.01644736842105263 0.009868421052631578
0 0.6835709064327485 0.5685307017543859 0.013157894736842105 0.012883771929824562
0 0.5715232090643275 0.5709635416666667 0.015031067251461989 0.015556469298245614
0 0.6961805555555555 0.5683936403508772 0.004751461988304093 0.011513157894736841
0 0.6997441520467836 0.5741502192982456 0.006761695906432748 0.017543859649122806
0 0.7509137426900585 0.5675712719298246 0.01699561403508772 0.008771929824561403
0 0.7196637426900585 0.5729166666666666 0.00932017543859649 0.016721491228070175
0 0.727156432748538 0.5730537280701754 0.007492690058479532 0.013157894736842105
0 0.7243238304093568 0.5858004385964912 0.01023391812865497 0.01343201754385965
0 0.5600328947368421 0.5722313596491228 0.016812865497076022 0.012609649122807017
0 0.6003289473684211 0.5746984649122807 0.010782163742690058 0.017543859649122806
0 0.6922514619883041 0.576891447368421 0.00712719298245614 0.019736842105263157
0 0.7064144736842105 0.5782277960526316 0.006578947368421052 0.02240953947368421
0 0.6104943347953217 0.576343201754386 0.008817616959064328 0.017543859649122806
0 0.6861293859649122 0.5746984649122806 0.006578947368421052 0.01206140350877193
0 0.7628837719298246 0.5748355263157894 0.01425438596491228 0.011787280701754386
0 0.7121710526315789 0.5812774122807017 0.006030701754385965 0.020833333333333332
0 0.6359649122807017 0.5826480263157895 0.007492690058479532 0.021929824561403508
0 0.6208653143274854 0.5797697368421053 0.012381213450292397 0.015076754385964912
0 0.6549707602339181 0.5801809210526316 0.012609649122807017 0.015899122807017545
0 0.7179276315789473 0.5820997807017544 0.005116959064327485 0.01699561403508772
0 0.6829312865497076 0.5825109649122807 0.015533625730994151 0.013980263157894737
0 0.7483552631578947 0.5855263157894737 0.007858187134502924 0.01836622807017544
0 0.7669042397660818 0.5807291666666666 0.013523391812865496 0.008771929824561403
0 0.26854897660818716 0.5856633771929824 0.012426900584795321 0.01644736842105263
0 0.2746710526315789 0.5886787280701754 0.014437134502923976 0.012609649122807017
0 0.6471125730994152 0.5868626644736842 0.0133406432748538 0.018297697368421052
0 0.7307200292397661 0.5851151315789473 0.008771929824561403 0.012609649122807017
0 0.7014802631578947 0.5899122807017544 0.006578947368421052 0.018914473684210526
0 0.7615588450292398 0.5904605263157895 0.01069078947368421 0.017269736842105265
0 0.7498172514619883 0.6004660087719298 0.012609649122807017 0.01425438596491228
0 0.7408625730994153 0.5908717105263158 0.010416666666666666 0.01864035087719298
0 0.23711622807017543 0.5905975877192983 0.012792397660818713 0.01699561403508772
0 0.674250730994152 0.5914199561403509 0.01644736842105263 0.017543859649122806
0 0.7369334795321637 0.5940241228070176 0.008406432748538011 0.01836622807017544
0 0.7702850877192983 0.5901864035087719 0.014437134502923976 0.009594298245614035
0 0.7049753289473684 0.5993009868421052 0.014208698830409356 0.021792763157894735
0 0.659265350877193 0.5988212719298246 0.008406432748538011 0.01699561403508772
0 0.7280701754385965 0.5988212719298246 0.008223684210526315 0.015899122807017545
0 0.6709612573099416 0.6003289473684211 0.01023391812865497 0.01836622807017544
0 0.7136330409356725 0.601768092105263 0.014437134502923976 0.019599780701754384
0 0.7202119883040936 0.6011513157894737 0.010782163742690058 0.01617324561403509
0 0.7702850877192982 0.6016995614035087 0.011878654970760233 0.011787280701754386
0 0.7552083333333334 0.6064967105263158 0.007309941520467836 0.018092105263157895
0 0.8145102339181287 0.6111910635964912 0.009685672514619883 0.02460252192982456
0 0.6423611111111112 0.6101973684210525 0.008954678362573099 0.0200109649122807
0 0.4055190058479532 0.6112938596491229 0.007492690058479532 0.018914473684210526
0 0.4133771929824561 0.6128015350877194 0.01114766081871345 0.01918859649122807
0 0.7280701754385965 0.6103344298245614 0.014802631578947368 0.014802631578947368
0 0.7373903508771931 0.6108826754385965 0.01114766081871345 0.014802631578947368
0 0.3527046783625731 0.6154057017543859 0.011513157894736841 0.02055921052631579
0 0.4608004385964912 0.6112938596491228 0.012792397660818713 0.012883771929824562
0 0.7731176900584795 0.6119791666666666 0.016812865497076022 0.012609649122807017
0 0.4731359649122807 0.6122532894736842 0.014802631578947368 0.012609649122807017
0 0.5178179824561404 0.6156798245614036 0.008406432748538011 0.018914473684210526
0 0.75 0.615405701754386 0.012609649122807017 0.018914473684210526
0 0.4921418128654971 0.6167763157894737 0.00932017543859649 0.0200109649122807
0 0.8219115497076023 0.6151315789473685 0.006944444444444444 0.016721491228070175
0 0.34384137426900585 0.6185581140350878 0.010599415204678362 0.022478070175438597
0 0.5765716374269007 0.6160910087719298 0.010782163742690058 0.01644736842105263
0 0.6042580409356725 0.6132127192982456 0.00804093567251462 0.011787280701754386
0 0.7849963450292398 0.6140350877192982 0.015716374269005847 0.011787280701754386
0 0.424250730994152 0.6195175438596492 0.010599415204678362 0.019462719298245616
0 0.7185672514619883 0.6178728070175439 0.015899122807017545 0.017269736842105265
0 0.6199744152046783 0.6181469298245614 0.007675438596491228 0.016721491228070175
0 0.3805738304093567 0.6177357456140351 0.010599415204678362 0.013157894736842105
0 0.6674890350877193 0.6222587719298246 0.010599415204678362 0.019462719298245616
0 0.3715277777777778 0.6214364035087719 0.008954678362573099 0.017269736842105265
0 0.5908260233918129 0.6232182017543859 0.007858187134502924 0.020833333333333332
0 0.35910087719298245 0.620202850877193 0.012975146198830409 0.01425438596491228
0 0.39400584795321636 0.6192434210526315 0.015899122807017545 0.011787280701754386
0 0.6762609649122807 0.6221217105263158 0.006944444444444444 0.017543859649122806
0 0.4652777777777778 0.6233552631578948 0.015533625730994151 0.018914473684210526
0 0.5117872807017544 0.6211622807017544 0.007309941520467836 0.015076754385964912
0 0.28006213450292394 0.6237664473684211 0.01023391812865497 0.01864035087719298
0 0.3050073099415205 0.6248629385964912 0.010416666666666666 0.020833333333333332
0 0.626827485380117 0.6245888157894737 0.007858187134502924 0.020833333333333332
0 0.6554276315789473 0.6211622807017544 0.006578947368421052 0.013980263157894737
0 0.6892361111111112 0.625 0.01023391812865497 0.02055921052631579
0 0.5684393274853802 0.6243146929824562 0.00804093567251462 0.01864035087719298
0 0.18329678362573099 0.623766447368421 0.006030701754385965 0.01644736842105263
0 0.2743055555555556 0.6222587719298245 0.009685672514619883 0.01343201754385965
0 0.3119517543859649 0.6245888157894737 0.008589181286549707 0.01864035087719298
0 0.30354532163742687 0.6403508771929824 0.010416666666666666 0.014528508771929825
0 0.6341374269005848 0.6254111842105263 0.008589181286549707 0.01918859649122807
0 0.4950657894736842 0.6271929824561403 0.010416666666666666 0.02275219298245614
0 0.1908808479532164 0.6255482456140351 0.00804093567251462 0.017269736842105265
0 0.4163011695906433 0.6255482456140351 0.008223684210526315 0.01781798245614035
0 0.6081871345029239 0.6259594298245614 0.00932017543859649 0.01864035087719298
0 0.29733187134502925 0.6259594298245614 0.01114766081871345 0.01699561403508772
0 0.20604897660818713 0.6281524122807017 0.00804093567251462 0.02138157894736842
0 0.5278691520467836 0.6278782894736842 0.007309941520467836 0.019736842105263157
0 0.6410818713450293 0.6254111842105263 0.005299707602339181 0.015899122807017545
0 0.1991045321637427 0.6282894736842105 0.006944444444444444 0.0200109649122807
0 0.2899305555555555 0.6277412280701755 0.009868421052631578 0.019462719298245616
0 0.32245979532163743 0.6285635964912281 0.00804093567251462 0.017269736842105265
0 0.5353618421052632 0.6300712719298245 0.006944444444444444 0.020285087719298246
0 0.381578947368421 0.6299342105263158 0.00712719298245614 0.01781798245614035
0 0.3985745614035088 0.6254111842105263 0.015533625730994151 0.00932017543859649
0 0.47112573099415206 0.6302083333333334 0.009685672514619883 0.01836622807017544
0 0.48428362573099415 0.6304824561403509 0.007492690058479532 0.019462719298245616
0 0.2622441520467836 0.628015350877193 0.006030701754385965 0.01343201754385965
0 0.42580409356725146 0.6304824561403509 0.006761695906432748 0.01781798245614035
0 0.5214729532163743 0.631578947368421 0.00804093567251462 0.02055921052631579
0 0.7192068713450291 0.6315789473684211 0.01206140350877193 0.019462719298245616
0 0.16794590643274854 0.6317160087719298 0.009685672514619883 0.019736842105263157
0 0.1757127192982456 0.6330866228070176 0.009137426900584795 0.022478070175438597
0 0.5433114035087719 0.6336348684210527 0.007492690058479532 0.023574561403508772
0 0.649671052631579 0.6319901315789473 0.010051169590643274 0.019736842105263157
0 0.32766812865497075 0.632264254385965 0.008223684210526315 0.01918859649122807
0 0.3372624269005848 0.6302083333333334 0.01023391812865497 0.015625
0 0.4995431286549708 0.6326754385964912 0.009502923976608187 0.0200109649122807
0 0.5859831871345029 0.6314418859649124 0.010964912280701754 0.018092105263157895
0 0.5754751461988304 0.6340460526315789 0.008954678362573099 0.021655701754385966
0 0.2273391812865497 0.6340460526315789 0.010051169590643274 0.02055921052631579
0 0.21756213450292397 0.6391173245614035 0.011695906432748537 0.020833333333333332
0 0.5059393274853802 0.6322642543859649 0.008771929824561403 0.01644736842105263
0 0.7034904970760234 0.6330866228070176 0.010964912280701754 0.01699561403508772
0 0.23885233918128657 0.6330866228070176 0.006761695906432748 0.01699561403508772
0 0.23135964912280702 0.6470668859649122 0.011513157894736841 0.015899122807017545
0 0.36421783625730997 0.6311677631578947 0.008954678362573099 0.012609649122807017
0 0.6961805555555556 0.6282894736842105 0.011330409356725146 0.007401315789473684
0 0.24899488304093567 0.6352796052631579 0.00804093567251462 0.019736842105263157
0 0.3739948830409357 0.6333607456140351 0.008406432748538011 0.015899122807017545
0 0.6006944444444444 0.6348684210526316 0.00712719298245614 0.019462719298245616
0 0.2563048245614035 0.6355537280701755 0.008771929824561403 0.01918859649122807
0 0.4300986842105263 0.6339089912280702 0.009502923976608187 0.01644736842105263
0 0.391812865497076 0.6313048245614036 0.014437134502923976 0.010142543859649123
0 0.38687865497076024 0.6395285087719299 0.015533625730994151 0.009594298245614035
0 0.3748172514619883 0.6492598684210525 0.008954678362573099 0.020833333333333332
0 0.4552266081871345 0.6325383771929824 0.008954678362573099 0.012609649122807017
0 0.31222587719298245 0.6366502192982456 0.010964912280701754 0.01864035087719298
0 0.35635964912280704 0.6328125 0.008954678362573099 0.010964912280701754
0 0.5513523391812866 0.6380208333333333 0.009685672514619883 0.02138157894736842
0 0.66703216374269 0.6382949561403508 0.008954678362573099 0.020833333333333332
0 0.28115862573099415 0.6369243421052632 0.009137426900584795 0.01644736842105263
0 0.2705592105263158 0.6384320175438597 0.009137426900584795 0.01836622807017544
0 0.2618786549707602 0.640625 0.013706140350877192 0.011787280701754386
0 0.25667032163742687 0.6507675438596492 0.021929824561403508 0.010142543859649123
0 0.2591831140350877 0.6548793859649124 0.00758406432748538 0.01069078947368421
0 0.24881213450292397 0.6602247807017544 0.015350877192982455 0.010416666666666666
0 0.2459795321637427 0.6647478070175439 0.015533625730994151 0.009046052631578948
0 0.43631213450292394 0.6388432017543859 0.0062134502923976605 0.019736842105263157
0 0.7423245614035088 0.6402138157894737 0.008954678362573099 0.022478070175438597
0 0.2094298245614035 0.6387061403508772 0.012975146198830409 0.017269736842105265
0 0.3447551169590643 0.6392543859649124 0.006944444444444444 0.018914473684210526
0 0.34036915204678364 0.6555646929824561 0.023757309941520467 0.015350877192982455
0 0.6228070175438597 0.640625 0.01114766081871345 0.021655701754385966
0 0.71390716374269 0.6382949561403509 0.007309941520467836 0.017543859649122806
0 0.22998903508771928 0.6404879385964912 0.010964912280701754 0.020833333333333332
0 0.44727704678362573 0.6407620614035088 0.006944444444444444 0.02138157894736842
0 0.4100877192982456 0.6378837719298246 0.00932017543859649 0.014528508771929825
0 0.6927997076023392 0.6388432017543859 0.010782163742690058 0.015899122807017545
0 0.18704312865497075 0.6387061403508771 0.007309941520467836 0.014528508771929825
0 0.5659722222222222 0.6413103070175439 0.00932017543859649 0.01918859649122807
0 0.5942068713450293 0.6402138157894737 0.006578947368421052 0.018092105263157895
0 0.3505116959064328 0.6400767543859649 0.005665204678362573 0.016721491228070175
0 0.13459429824561403 0.6425438596491228 0.009137426900584795 0.0200109649122807
0 0.441703216374269 0.6387061403508771 0.004568713450292397 0.012335526315789474
0 0.14738669590643275 0.6403508771929824 0.012792397660818713 0.014528508771929825
0 0.29614400584795325 0.641858552631579 0.008406432748538011 0.017543859649122806
0 0.17991593567251463 0.643092105263158 0.009868421052631578 0.018914473684210526
0 0.3276681286549708 0.6473410087719298 0.01699561403508772 0.027412280701754384
0 0.5554641812865496 0.6432291666666667 0.01206140350877193 0.01918859649122807
0 0.6342288011695906 0.6385690789473685 0.013157894736842105 0.009868421052631578
0 0.674890350877193 0.6447368421052632 0.009685672514619883 0.022203947368421052
0 0.640625 0.6422697368421053 0.01023391812865497 0.016721491228070175
0 0.8477704678362573 0.6422697368421053 0.016264619883040937 0.01617324561403509
0 0.516264619883041 0.6433662280701755 0.006396198830409356 0.01781798245614035
0 0.4621710526315789 0.643640350877193 0.007492690058479532 0.017269736842105265
0 0.8182565789473684 0.6465186403508771 0.01206140350877193 0.022478070175438597
0 0.4174890350877193 0.6419956140350876 0.010599415204678362 0.012335526315789474
0 0.4108187134502924 0.6548793859649122 0.005665204678362573 0.015076754385964912
0 0.6114766081871345 0.6454221491228069 0.014071637426900584 0.019736842105263157
0 0.8637609649122807 0.6476151315789473 0.010964912280701754 0.023574561403508772
0 0.24049707602339182 0.6437774122807017 0.008589181286549707 0.014802631578947368
0 0.2410453216374269 0.6520010964912281 0.013706140350877192 0.017543859649122806
0 0.40615862573099415 0.642406798245614 0.007675438596491228 0.012609649122807017
0 0.6511330409356726 0.6432291666666666 0.010416666666666666 0.01425438596491228
0 0.7086988304093568 0.6477521929824561 0.007858187134502924 0.023300438596491228
0 0.7358369883040935 0.6448739035087719 0.0062134502923976605 0.017543859649122806
0 0.5397478070175439 0.6469298245614035 0.009137426900584795 0.0200109649122807
0 0.31578947368421056 0.6441885964912281 0.00932017543859649 0.012883771929824562
0 0.3186220760233918 0.6477521929824561 0.011695906432748537 0.016721491228070175
0 0.43238304093567254 0.6447368421052632 0.005299707602339181 0.014528508771929825
0 0.48693347953216376 0.6461074561403509 0.009137426900584795 0.017269736842105265
0 0.7695540935672515 0.6476151315789473 0.007858187134502924 0.020285087719298246
0 0.7507309941520468 0.6462445175438597 0.007492690058479532 0.01699561403508772
0 0.1524579678362573 0.6509731359649124 0.01781798245614035 0.02617872807017544
0 0.3372624269005848 0.6462445175438597 0.006578947368421052 0.015899122807017545
0 0.3663194444444445 0.6441885964912281 0.01206140350877193 0.01069078947368421
0 0.39592470760233917 0.6419956140350878 0.01023391812865497 0.006853070175438596
0 0.4695723684210526 0.645422149122807 0.009868421052631578 0.013706140350877192
0 0.5793128654970761 0.6485745614035088 0.008589181286549707 0.02055921052631579
0 0.6841191520467836 0.6459703947368421 0.009137426900584795 0.014802631578947368
0 0.683388157894737 0.6547423245614035 0.011330409356725146 0.020285087719298246
0 0.2895650584795322 0.6473410087719298 0.008406432748538011 0.01644736842105263
0 0.4790752923976608 0.6465186403508771 0.006944444444444444 0.015350877192982455
0 0.524579678362573 0.6476151315789473 0.012426900584795321 0.01644736842105263
0 0.6626461988304093 0.6481633771929824 0.014437134502923976 0.01864035087719298
0 0.7278874269005847 0.651452850877193 0.011878654970760233 0.024671052631578948
0 0.8951023391812865 0.6484375 0.012609649122807017 0.01918859649122807
0 0.16282894736842105 0.6495339912280701 0.007858187134502924 0.020285087719298246
0 0.7919407894736843 0.649671052631579 0.011330409356725146 0.019462719298245616
0 0.12454312865497076 0.6513157894736842 0.009868421052631578 0.021107456140350877
0 0.5053910818713451 0.6465186403508772 0.008406432748538011 0.011513157894736841
0 0.3588267543859649 0.6488486842105263 0.010964912280701754 0.015076754385964912
0 0.3572733918128655 0.6583059210526316 0.008223684210526315 0.01918859649122807
0 0.9172149122807017 0.6513157894736842 0.011878654970760233 0.0200109649122807
0 0.7636147660818714 0.6524122807017544 0.00804093567251462 0.021655701754385966
0 0.8301352339181287 0.650904605263158 0.009502923976608187 0.01864035087719298
0 0.8746345029239766 0.6521381578947368 0.010416666666666666 0.02055921052631579
0 0.17077850877192982 0.6503563596491229 0.007675438596491228 0.015899122807017545
0 0.42242324561403505 0.6461074561403509 0.006578947368421052 0.007401315789473684
0 0.40195540935672514 0.648985745614035 0.005847953216374269 0.01206140350877193
0 0.4444444444444445 0.650219298245614 0.008589181286549707 0.015076754385964912
0 0.7839912280701754 0.6529605263157894 0.006761695906432748 0.0200109649122807
0 0.6476608187134504 0.650219298245614 0.011513157894736841 0.013980263157894737
0 0.693530701754386 0.6522752192982456 0.008223684210526315 0.018092105263157895
0 0.42562134502923976 0.6525493421052632 0.00932017543859649 0.01699561403508772
0 0.5567434210526315 0.6563870614035088 0.006944444444444444 0.024671052631578948
0 0.6091008771929824 0.6541940789473684 0.0133406432748538 0.020285087719298246
0 0.7539290935672515 0.6524122807017544 0.01023391812865497 0.01617324561403509
0 0.2754934210526316 0.6507675438596491 0.024853801169590642 0.012335526315789474
0 0.37792397660818716 0.6548793859649122 0.012244152046783625 0.02055921052631579
0 0.6978252923976609 0.6563870614035088 0.016812865497076022 0.023574561403508772
0 0.10809576023391813 0.6541940789473685 0.009868421052631578 0.018092105263157895
0 0.5668859649122806 0.6524122807017544 0.012244152046783625 0.014528508771929825
0 0.5951206140350878 0.6561129385964912 0.010599415204678362 0.021929824561403508
0 0.8596491228070176 0.6565241228070176 0.008589181286549707 0.023300438596491228
0 0.30564692982456143 0.6551535087719299 0.012426900584795321 0.018914473684210526
0 0.633406432748538 0.6543311403508772 0.008223684210526315 0.017269736842105265
0 0.21966374269005848 0.6546052631578948 0.00932017543859649 0.016721491228070175
0 0.2010233918128655 0.6503563596491228 0.01516812865497076 0.00712719298245614
0 0.3298611111111111 0.6529605263157894 0.010416666666666666 0.012335526315789474
0 0.3258406432748538 0.6628289473684211 0.004934210526315789 0.009594298245614035
0 0.4173062865497076 0.6559758771929824 0.006578947368421052 0.01836622807017544
0 0.5864400584795322 0.6574835526315789 0.007492690058479532 0.021929824561403508
0 0.8016264619883041 0.6576206140350876 0.00804093567251462 0.022203947368421052
0 0.17936769005847955 0.6544682017543859 0.01425438596491228 0.01425438596491228
0 0.18000730994152048 0.6632401315789473 0.014071637426900584 0.008771929824561403
0 0.8096673976608187 0.6596765350877193 0.008406432748538011 0.024671052631578948
0 0.7778691520467836 0.6584429824561403 0.009868421052631578 0.021655701754385966
0 0.8419225146198831 0.6573464912280702 0.008954678362573099 0.019462719298245616
0 0.5119700292397661 0.6569353070175439 0.007675438596491228 0.017543859649122806
0 0.7148209064327485 0.6565241228070176 0.01206140350877193 0.01617324561403509
0 0.8510599415204678 0.6594024122807017 0.008589181286549707 0.022478070175438597
0 0.14025950292397663 0.6581688596491229 0.01023391812865497 0.01781798245614035
0 0.13258406432748537 0.6733826754385965 0.005847953216374269 0.015350877192982455
0 0.13486842105263158 0.6866776315789473 0.00932017543859649 0.01617324561403509
0 0.4923245614035088 0.6583059210526316 0.007492690058479532 0.01864035087719298
0 0.15716374269005848 0.6546052631578948 0.005665204678362573 0.01069078947368421
0 0.29696637426900585 0.6580317982456141 0.005299707602339181 0.017543859649122806
0 0.3658625730994152 0.6588541666666667 0.007858187134502924 0.01864035087719298
0 0.3636695906432748 0.6761239035087719 0.010416666666666666 0.022478070175438597
0 0.5340826023391813 0.6578947368421053 0.012426900584795321 0.016721491228070175
0 0.10014619883040936 0.6588541666666667 0.010051169590643274 0.017543859649122806
0 0.09859283625730994 0.6709155701754386 0.006578947368421052 0.015350877192982455
0 0.4056103801169591 0.6561129385964912 0.004751461988304093 0.012609649122807017
0 0.43896198830409355 0.65625 0.006030701754385965 0.012883771929824562
0 0.498812134502924 0.6594024122807018 0.005482456140350877 0.01864035087719298
0 0.5046600877192983 0.6614583333333334 0.0062134502923976605 0.018914473684210526
0 0.6540570175438596 0.6584429824561403 0.012975146198830409 0.015625
0 0.6579861111111112 0.6604989035087718 0.007675438596491228 0.01206140350877193
0 0.6624634502923976 0.6622807017543859 0.007858187134502924 0.013980263157894737
0 0.2817982456140351 0.6570723684210525 0.01114766081871345 0.011787280701754386
0 0.39614217836257315 0.6586814692982456 0.009250730994152027 0.014665570175438597
0 0.5504385964912281 0.6610471491228069 0.011878654970760233 0.019736842105263157
0 0.6261878654970761 0.659265350877193 0.014985380116959063 0.015076754385964912
0 0.6267361111111112 0.6665296052631579 0.011695906432748537 0.008771929824561403
0 0.4286366959064328 0.659265350877193 0.013157894736842105 0.012883771929824562
0 0.46847587719298245 0.6559758771929824 0.014985380116959063 0.006853070175438596
0 0.4658260233918129 0.6624177631578947 0.012975146198830409 0.01206140350877193
0 0.47423245614035087 0.667077850877193 0.006396198830409356 0.017543859649122806
0 0.74515716374269 0.662280701754386 0.006578947368421052 0.018914473684210526
0 0.7882858187134503 0.6611842105263158 0.008771929824561403 0.017269736842105265
0 0.20897295321637427 0.657483552631579 0.013157894736842105 0.008223684210526315
0 0.27229532163742687 0.6591282894736842 0.006396198830409356 0.01206140350877193
0 0.5255847953216374 0.6615953947368421 0.006396198830409356 0.01644736842105263
0 0.6068165204678363 0.6611842105263158 0.00804093567251462 0.015076754385964912
0 0.736202485380117 0.6648848684210527 0.009868421052631578 0.023026315789473683
0 0.08625730994152046 0.6609100877192983 0.007492690058479532 0.013980263157894737
0 0.0800438596491228 0.6787280701754386 0.007858187134502924 0.021655701754385966
0 0.5981816520467836 0.6613212719298246 0.00849780701754386 0.015350877192982455
0 0.590734649122807 0.674890350877193 0.01425438596491228 0.01343201754385965
0 0.23099415204678364 0.6613212719298245 0.011878654970760233 0.012609649122807017
0 0.07976973684210527 0.6624177631578947 0.005847953216374269 0.013706140350877192
0 0.15040204678362573 0.6647478070175439 0.008954678362573099 0.018914473684210526
0 0.48300438596491224 0.6588541666666666 0.010782163742690058 0.00712719298245614
0 0.1141264619883041 0.6644736842105263 0.01206140350877193 0.016721491228070175
0 0.16374269005847955 0.6647478070175439 0.008223684210526315 0.01617324561403509
0 0.26151315789473684 0.6639254385964912 0.014071637426900584 0.014528508771929825
0 0.2921235380116959 0.6661184210526316 0.00804093567251462 0.019462719298245616
0 0.2761330409356725 0.6676260964912281 0.006761695906432748 0.02138157894736842
0 0.31880482456140347 0.6632401315789473 0.01023391812865497 0.01206140350877193
0 0.3482273391812865 0.6644736842105263 0.009868421052631578 0.015076754385964912
0 0.7541118421052632 0.6633771929824561 0.015350877192982455 0.012335526315789474
0 0.09265350877192982 0.6629660087719299 0.006761695906432748 0.010964912280701754
0 0.38806652046783624 0.6677631578947368 0.006944444444444444 0.0200109649122807
0 0.06030701754385965 0.662828947368421 0.014437134502923976 0.00849780701754386
0 0.30701754385964913 0.6674890350877193 0.0133406432748538 0.01781798245614035
0 0.4479166666666667 0.6666666666666666 0.011878654970760233 0.015625
0 0.4455409356725146 0.6748903508771931 0.006761695906432748 0.019462719298245616
0 0.6689510233918128 0.6654331140350876 0.013157894736842105 0.013706140350877192
0 0.7718384502923976 0.6695449561403508 0.007675438596491228 0.02138157894736842
0 0.16538742690058478 0.6699561403508771 0.0133406432748538 0.02055921052631579
0 0.3516081871345029 0.6703673245614035 0.010416666666666666 0.021929824561403508
0 0.07028965643274854 0.6649191337719298 0.013112207602339181 0.010485197368421052
0 0.13029970760233917 0.6662554824561403 0.00932017543859649 0.012609649122807017
0 0.1204312865497076 0.6680372807017543 0.015533625730994151 0.011787280701754386
0 0.21335891812865498 0.6641995614035088 0.015716374269005847 0.00849780701754386
0 0.20211988304093567 0.6759868421052632 0.008589181286549707 0.018914473684210526
0 0.3362573099415205 0.6646107456140351 0.014802631578947368 0.009868421052631578
0 0.3277595029239766 0.678453947368421 0.008406432748538011 0.021655701754385966
0 0.5343567251461988 0.6668037280701754 0.01663011695906433 0.013706140350877192
0 0.5775767543859649 0.6695449561403508 0.00804093567251462 0.019736842105263157
0 0.1560672514619883 0.6699561403508772 0.008954678362573099 0.019462719298245616
0 0.26535087719298245 0.6665296052631579 0.006396198830409356 0.01206140350877193
0 0.2685489766081871 0.6747532894736842 0.006944444444444444 0.019736842105263157
0 0.26151315789473684 0.6783168859649122 0.010416666666666666 0.014802631578947368
0 0.3811220760233918 0.6699561403508772 0.006944444444444444 0.019462719298245616
0 0.43393640350877194 0.6699561403508772 0.005116959064327485 0.018914473684210526
0 0.7225877192982456 0.6685855263157895 0.010782163742690058 0.016721491228070175
0 0.7930372807017544 0.6702302631578948 0.009137426900584795 0.018914473684210526
0 0.7906615497076024 0.6848958333333334 0.010964912280701754 0.01699561403508772
0 0.14085343567251463 0.6711896929824561 0.010325292397660819 0.019736842105263157
0 0.18795687134502922 0.6713267543859649 0.007675438596491228 0.0200109649122807
0 0.1987390350877193 0.6699561403508772 0.013888888888888888 0.017269736842105265
0 0.18759137426900585 0.6836622807017544 0.00804093567251462 0.01781798245614035
0 0.45933845029239767 0.6659813596491229 0.007675438596491228 0.00932017543859649
0 0.46678545321637427 0.6685855263157895 0.007035818713450292 0.009594298245614035
0 0.4810855263157895 0.6711896929824562 0.008771929824561403 0.01918859649122807
0 0.48830409356725146 0.6747532894736842 0.010782163742690058 0.022478070175438597
0 0.5154422514619883 0.6720120614035088 0.007675438596491228 0.02138157894736842
0 0.8638523391812866 0.6689967105263158 0.013706140350877192 0.015350877192982455
0 0.19462719298245615 0.6669407894736843 0.006761695906432748 0.010142543859649123
0 0.2817982456140351 0.6716008771929824 0.007492690058479532 0.018914473684210526
0 0.28828581871345027 0.6726973684210527 0.006944444444444444 0.016721491228070175
0 0.43923611111111116 0.673656798245614 0.005847953216374269 0.021929824561403508
0 0.6362390350877193 0.6713267543859649 0.006944444444444444 0.01781798245614035
0 0.7123538011695906 0.6687225877192982 0.013706140350877192 0.012609649122807017
0 0.8321454678362573 0.6726973684210525 0.01023391812865497 0.02055921052631579
0 0.8248355263157895 0.6763980263157895 0.014985380116959063 0.010964912280701754
0 0.8923611111111112 0.6725603070175438 0.00932017543859649 0.020285087719298246
0 0.7655336257309941 0.6720120614035088 0.006761695906432748 0.017543859649122806
0 0.7627923976608187 0.6806469298245613 0.014071637426900584 0.02055921052631579
0 0.7723866959064327 0.6902412280701755 0.006578947368421052 0.01836622807017544
0 0.22953216374269006 0.6698190789473684 0.011878654970760233 0.01206140350877193
0 0.41154970760233917 0.6683114035087719 0.014071637426900584 0.009594298245614035
0 0.10389254385964912 0.673108552631579 0.00804093567251462 0.017543859649122806
0 0.10645102339181287 0.685032894736842 0.009137426900584795 0.021655701754385966
0 0.0981359649122807 0.6933936403508771 0.00932017543859649 0.023026315789473683
0 0.3102156432748538 0.6746162280701754 0.010599415204678362 0.021107456140350877
0 0.30336257309941517 0.6865405701754387 0.006396198830409356 0.01918859649122807
0 0.6419042397660819 0.6732456140350878 0.007309941520467836 0.01836622807017544
0 0.805281432748538 0.6751644736842105 0.00804093567251462 0.022203947368421052
0 0.7999817251461988 0.6781798245614036 0.008406432748538011 0.017269736842105265
0 0.8826754385964912 0.6769462719298246 0.0133406432748538 0.025767543859649123
0 0.8745431286549707 0.6777686403508771 0.009137426900584795 0.023026315789473683
0 0.08680555555555555 0.6722861842105263 0.007492690058479532 0.014802631578947368
0 0.1722404970760234 0.671875 0.005847953216374269 0.013980263157894737
0 0.1667580409356725 0.676672149122807 0.0062134502923976605 0.013706140350877192
0 0.49671052631578944 0.6758497807017544 0.006030701754385965 0.022478070175438597
0 0.6704130116959064 0.6724232456140351 0.013157894736842105 0.015625
0 0.4283625730994152 0.673108552631579 0.005665204678362573 0.015899122807017545
0 0.6800073099415205 0.6750274122807018 0.007492690058479532 0.01918859649122807
0 0.8474963450292398 0.6744791666666667 0.007675438596491228 0.018092105263157895
0 0.1791620979532164 0.6736567982456141 0.010279605263157895 0.015350877192982455
0 0.17598684210526314 0.6824287280701754 0.008954678362573099 0.015350877192982455
0 0.2149122807017544 0.6706414473684211 0.012609649122807017 0.009868421052631578
0 0.20741959064327484 0.6787280701754386 0.007492690058479532 0.016721491228070175
0 0.5084978070175439 0.6753015350877194 0.0062134502923976605 0.01918859649122807
0 0.509594298245614 0.6953125 0.006944444444444444 0.022478070175438597
0 0.6483918128654971 0.6735197368421053 0.008954678362573099 0.015625
0 0.37189327485380114 0.6773574561403508 0.010782163742690058 0.021655701754385966
0 0.05098684210526316 0.6731085526315789 0.01663011695906433 0.012609649122807017
0 0.048793859649122806 0.6805098684210525 0.0133406432748538 0.01206140350877193
0 0.0686814692982456 0.6852905701754386 0.006971856725146195 0.017165570175438568
0 0.5366410818713451 0.6757127192982456 0.009868421052631578 0.016721491228070175
0 0.6551535087719298 0.6740679824561403 0.012244152046783625 0.014528508771929825
0 0.6927997076023392 0.6744791666666666 0.008589181286549707 0.015350877192982455
0 0.07191154970760233 0.6714638157894737 0.006578947368421052 0.007675438596491228
0 0.24250730994152048 0.6713267543859649 0.014437134502923976 0.007949561403508772
0 0.52046783625731 0.6791392543859649 0.00932017543859649 0.023026315789473683
0 0.5440423976608186 0.6758497807017544 0.012975146198830409 0.01644736842105263
0 0.70796783625731 0.6725603070175439 0.017726608187134504 0.010416666666666666
0 0.7268366228070176 0.6846217105263158 0.011421783625730994 0.01644736842105263
0 0.7536549707602339 0.6781798245614035 0.012244152046783625 0.021655701754385966
0 0.2252375730994152 0.6779057017543859 0.00804093567251462 0.0200109649122807
0 0.29742324561403505 0.6788651315789473 0.006944444444444444 0.021929824561403508
0 0.3146016081871345 0.6803728070175439 0.009502923976608187 0.024396929824561403
0 0.3199013157894737 0.6796875 0.008771929824561403 0.019736842105263157
0 0.3411915204678363 0.6796875 0.008954678362573099 0.023574561403508772
0 0.838998538011696 0.676672149122807 0.010051169590643274 0.01699561403508772
0 0.0912828947368421 0.6788651315789473 0.006578947368421052 0.020285087719298246
0 0.33452119883040937 0.678453947368421 0.007675438596491228 0.0200109649122807
0 0.5826937134502924 0.6742050438596492 0.010599415204678362 0.010964912280701754
0 0.6067251461988304 0.6729714912280702 0.015899122807017545 0.009046052631578948
0 0.0754751461988304 0.6799616228070176 0.007492690058479532 0.02138157894736842
0 0.5680738304093568 0.677905701754386 0.009502923976608187 0.01617324561403509
0 0.6877741228070176 0.6795504385964912 0.00804093567251462 0.0200109649122807
0 0.7772295321637427 0.6787280701754387 0.006030701754385965 0.01781798245614035
0 0.784265350877193 0.6800986842105263 0.007309941520467836 0.021107456140350877
0 0.42269736842105265 0.6788651315789473 0.009685672514619883 0.01699561403508772
0 0.625639619883041 0.6798245614035088 0.011695906432748537 0.01836622807017544
0 0.9002192982456141 0.6809210526315789 0.009685672514619883 0.021655701754385966
0 0.1230811403508772 0.6776315789473684 0.012426900584795321 0.012883771929824562
0 0.11714181286549707 0.6813322368421052 0.012244152046783625 0.01206140350877193
0 0.40780336257309946 0.6750274122807017 0.013523391812865496 0.00712719298245614
0 0.40789473684210525 0.6858552631578947 0.007858187134502924 0.02055921052631579
0 0.4609831871345029 0.6811951754385964 0.007675438596491228 0.0200109649122807
0 0.35453216374269003 0.6825657894736842 0.006761695906432748 0.021655701754385966
0 0.813048245614035 0.6824287280701754 0.012609649122807017 0.020285087719298246
0 0.14236111111111113 0.6828399122807017 0.006761695906432748 0.02055921052631579
0 0.5022843567251463 0.6836622807017544 0.007309941520467836 0.022203947368421052
0 0.5508040935672515 0.6795504385964912 0.013706140350877192 0.014528508771929825
0 0.4668768274853801 0.6820175438596492 0.005208333333333333 0.01781798245614035
0 0.7447916666666666 0.6822916666666667 0.007675438596491228 0.018914473684210526
0 0.7417763157894737 0.6876370614035088 0.00932017543859649 0.020285087719298246
0 0.21144005847953218 0.6858552631578947 0.010051169590643274 0.023848684210526317
0 0.2410453216374269 0.6843475877192982 0.010051169590643274 0.020833333333333332
0 0.2362938596491228 0.6880482456140351 0.00712719298245614 0.021655701754385966
0 0.6708698830409356 0.6842105263157894 0.00932017543859649 0.02055921052631579
0 0.14884868421052633 0.6820175438596491 0.006578947368421052 0.013980263157894737
0 0.2478983918128655 0.6861293859649122 0.008771929824561403 0.021655701754385966
0 0.6127558479532164 0.6811951754385964 0.015533625730994151 0.011787280701754386
0 0.6589912280701754 0.6858552631578947 0.007492690058479532 0.021107456140350877
0 0.6512244152046784 0.6870888157894737 0.01023391812865497 0.01644736842105263
0 0.49104532163742687 0.6825657894736842 0.006030701754385965 0.012883771929824562
0 0.8619334795321638 0.6848958333333334 0.017543859649122806 0.017543859649122806
0 0.09402412280701754 0.6875 0.009502923976608187 0.021107456140350877
0 0.21719663742690057 0.6848958333333334 0.007309941520467836 0.01644736842105263
0 0.23108552631578946 0.6827028508771931 0.00402046783625731 0.011513157894736841
0 0.4739583333333333 0.6848958333333334 0.00804093567251462 0.01644736842105263
0 0.47953216374269003 0.6868146929824562 0.010051169590643274 0.01918859649122807
0 0.6027046783625731 0.6848958333333334 0.008223684210526315 0.01644736842105263
0 0.7319078947368421 0.6828399122807018 0.01114766081871345 0.011239035087719298
0 0.08205409356725146 0.6884594298245613 0.014071637426900584 0.020833333333333332
0 0.19279970760233917 0.6887335526315789 0.008954678362573099 0.02138157894736842
0 0.45618603801169594 0.6875 0.008863304093567252 0.019462719298245616
0 0.4136513157894737 0.6887335526315789 0.00804093567251462 0.020833333333333332
0 0.037463450292397664 0.6833881578947368 0.008954678362573099 0.007401315789473684
0 0.4303728070175438 0.6894188596491228 0.00712719298245614 0.0200109649122807
0 0.5295138888888888 0.6910635964912281 0.00804093567251462 0.023300438596491228
0 0.5501644736842105 0.6885964912280702 0.012426900584795321 0.017269736842105265
0 0.5566520467836258 0.6903782894736842 0.008223684210526315 0.020833333333333332
0 0.5726425438596491 0.6921600877192983 0.008406432748538011 0.024396929824561403
0 0.597953216374269 0.6894188596491229 0.012609649122807017 0.01836622807017544
0 0.6637426900584795 0.6881853070175439 0.004934210526315789 0.01644736842105263
0 0.1652046783625731 0.693530701754386 0.01114766081871345 0.02549342105263158
0 0.5815972222222222 0.6853070175438597 0.009502923976608187 0.009594298245614035
0 0.8249269005847952 0.6879111842105263 0.012975146198830409 0.014802631578947368
0 0.7030336257309941 0.6905153508771931 0.012609649122807017 0.01836622807017544
0 0.7066885964912281 0.7084703947368421 0.012609649122807017 0.01918859649122807
0 0.05317982456140351 0.6918859649122806 0.008223684210526315 0.0200109649122807
0 0.7066885964912281 0.6888706140350876 0.009685672514619883 0.013980263157894737
0 0.8544407894736843 0.6918859649122806 0.009868421052631578 0.0200109649122807
0 0.84859283625731 0.6939418859649124 0.009502923976608187 0.01918859649122807
0 0.8357090643274854 0.6903782894736842 0.016264619883040937 0.00932017543859649
0 0.8382675438596491 0.703125 0.0133406432748538 0.015625
0 0.564236111111111 0.6938048245614035 0.006944444444444444 0.023300438596491228
0 0.6747989766081871 0.689281798245614 0.009137426900584795 0.013706140350877192
0 0.8939144736842105 0.6922971491228069 0.008406432748538011 0.020285087719298246
0 0.5859831871345029 0.6907894736842105 0.01023391812865497 0.01617324561403509
0 0.6440058479532164 0.6880139802631579 0.017361111111111112 0.016241776315789474
0 0.34685672514619886 0.6931195175438597 0.008589181286549707 0.01918859649122807
0 0.6953581871345029 0.6907894736842105 0.005665204678362573 0.015076754385964912
0 0.37646198830409355 0.6894188596491229 0.018457602339181287 0.01069078947368421
0 0.8611567982456141 0.69140625 0.011239035087719298 0.014391447368421052
0 0.12920321637426901 0.6947642543859649 0.007858187134502924 0.020833333333333332
0 0.19736842105263158 0.6949013157894737 0.0133406432748538 0.02055921052631579
0 0.4348501461988304 0.6946271929824561 0.006944444444444444 0.0200109649122807
0 0.9145650584795322 0.6946271929824561 0.009502923976608187 0.02055921052631579
0 0.9205957602339182 0.7062774122807017 0.011330409356725146 0.020285087719298246
0 0.9102704678362573 0.7127192982456141 0.00712719298245614 0.024396929824561403
0 0.9183114035087719 0.7132675438596492 0.00932017543859649 0.011239035087719298
0 0.9258954678362573 0.7245065789473685 0.00804093567251462 0.015625
0 0.9172149122807018 0.7266995614035088 0.01114766081871345 0.015625
0 0.10836988304093567 0.6938048245614036 0.009685672514619883 0.017269736842105265
0 0.11458333333333333 0.6959978070175439 0.010416666666666666 0.022203947368421052
0 0.44691154970760233 0.6958607456140351 0.007675438596491228 0.02138157894736842
0 0.6122076023391813 0.6894188596491229 0.00932017543859649 0.00849780701754386
0 0.9317434210526316 0.6910635964912281 0.017543859649122806 0.012335526315789474
0 0.798611111111111 0.6916118421052632 0.012975146198830409 0.011239035087719298
0 0.043768274853801165 0.6938048245614035 0.01206140350877193 0.015076754385964912
0 0.35754751461988304 0.6964089912280701 0.015716374269005847 0.020833333333333332
0 0.7165570175438597 0.6938048245614035 0.009685672514619883 0.015076754385964912
0 0.12289839181286549 0.6962719298245614 0.006578947368421052 0.019462719298245616
0 0.29559576023391815 0.6947642543859649 0.007675438596491228 0.015899122807017545
0 0.39455409356725146 0.6968201754385965 0.01114766081871345 0.019462719298245616
0 0.39455409356725146 0.7083333333333334 0.010051169590643274 0.01836622807017544
0 0.7801535087719298 0.6988760964912281 0.00712719298245614 0.023026315789473683
0 0.15670687134502925 0.6973684210526316 0.01023391812865497 0.018914473684210526
0 0.6214364035087719 0.6961348684210527 0.01023391812865497 0.01644736842105263
0 0.6174159356725146 0.7023026315789473 0.01644736842105263 0.01781798245614035
0 0.42041301169590645 0.6981907894736843 0.011695906432748537 0.018914473684210526
0 0.4678362573099415 0.6953125 0.010416666666666666 0.01425438596491228
0 0.5403874269005848 0.6949013157894737 0.006761695906432748 0.012883771929824562
0 0.6845760233918129 0.6957236842105263 0.017361111111111112 0.015076754385964912
0 0.6731542397660819 0.7064144736842106 0.006944444444444444 0.01836622807017544
0 0.03700657894736842 0.6949013157894737 0.010964912280701754 0.012335526315789474
0 0.144828216374269 0.6987390350877193 0.013157894736842105 0.0200109649122807
0 0.4987207602339181 0.6980537280701755 0.00712719298245614 0.01864035087719298
0 0.27485380116959063 0.7012061403508772 0.011878654970760233 0.023848684210526317
0 0.8175255847953217 0.6984649122807018 0.010964912280701754 0.01836622807017544
0 0.8157894736842105 0.7062774122807017 0.011878654970760233 0.025219298245614034
0 0.4945175438596491 0.7007949561403508 0.010416666666666666 0.021929824561403508
0 0.9064327485380117 0.6954495614035088 0.006030701754385965 0.011239035087719298
0 0.8983918128654971 0.7014802631578947 0.012244152046783625 0.015076754385964912
0 0.2687317251461988 0.6938048245614035 0.00804093567251462 0.006853070175438596
0 0.33628015350877194 0.6945243969298245 0.01585343567251462 0.009799890350877192
0 0.7608735380116959 0.7017543859649122 0.01206140350877193 0.022203947368421052
0 0.8745431286549707 0.7023026315789473 0.01425438596491228 0.02275219298245614
0 0.8824470029239766 0.7117598684210527 0.004660087719298245 0.01918859649122807
0 0.8743603801169592 0.7128563596491228 0.010964912280701754 0.020833333333333332
0 0.8881578947368421 0.7145010964912281 0.008954678362573099 0.02412280701754386
0 0.6452850877192983 0.700109649122807 0.010416666666666666 0.016721491228070175
0 0.18128654970760236 0.6969572368421053 0.012609649122807017 0.008223684210526315
0 0.4760599415204678 0.6998355263157895 0.010051169590643274 0.014528508771929825
0 0.747532894736842 0.7007949561403509 0.01425438596491228 0.015350877192982455
0 0.7442434210526316 0.7100808662280702 0.009137426900584795 0.014048793859649123
0 0.7878289473684211 0.7020285087719299 0.010782163742690058 0.018914473684210526
0 0.828764619883041 0.6996984649122807 0.010416666666666666 0.01425438596491228
0 0.17059576023391812 0.7024396929824561 0.007309941520467836 0.018092105263157895
0 0.2203033625730994 0.7043585526315789 0.009868421052631578 0.021929824561403508
0 0.37417763157894735 0.6987390350877194 0.017909356725146198 0.011239035087719298
0 0.3819444444444445 0.7005208333333333 0.012244152046783625 0.013157894736842105
0 0.5948464912280701 0.7016173245614035 0.0133406432748538 0.01644736842105263
0 0.4437134502923976 0.7023026315789473 0.006030701754385965 0.015625
0 0.49086257309941517 0.7044956140350876 0.010051169590643274 0.0200109649122807
0 0.8863304093567251 0.7003837719298246 0.00712719298245614 0.01069078947368421
0 0.640625 0.7047697368421053 0.014619883040935672 0.018914473684210526
0 0.46335891812865493 0.7057291666666667 0.0062134502923976605 0.01918859649122807
0 0.5141630116959064 0.7073739035087719 0.006944444444444444 0.022478070175438597
0 0.5769371345029239 0.705592105263158 0.008223684210526315 0.018914473684210526
0 0.7952302631578948 0.7032620614035088 0.010599415204678362 0.01425438596491228
0 0.42644371345029236 0.7065515350877193 0.006578947368421052 0.019736842105263157
0 0.5052083333333334 0.7086074561403509 0.007309941520467836 0.024396929824561403
0 0.08616593567251461 0.7020285087719299 0.010599415204678362 0.010142543859649123
0 0.4391447368421053 0.7066885964912282 0.005665204678362573 0.019462719298245616
0 0.6122989766081872 0.7066885964912282 0.019371345029239765 0.019462719298245616
0 0.7227357456140351 0.6982935855263158 0.010347222222222202 0.014459978070175438
0 0.48346125730994155 0.7042214912280701 0.004751461988304093 0.01343201754385965
0 0.26407163742690054 0.7042214912280701 0.013706140350877192 0.012335526315789474
0 0.27768640350877194 0.7073739035087719 0.008406432748538011 0.018092105263157895
0 0.3186220760233918 0.7102179276315789 0.007309941520467836 0.02432839912280702
0 0.543859649122807 0.7079221491228069 0.008223684210526315 0.019736842105263157
0 0.6580774853801169 0.709703947368421 0.00712719298245614 0.02275219298245614
0 0.8637609649122807 0.7087445175438596 0.00804093567251462 0.020833333333333332
0 0.1339546783625731 0.7070997807017544 0.010051169590643274 0.01644736842105263
0 0.20952119883040937 0.703125 0.01023391812865497 0.00849780701754386
0 0.36504020467836257 0.7076480263157895 0.008771929824561403 0.01699561403508772
0 0.6851242690058479 0.7091557017543859 0.012244152046783625 0.02055921052631579
0 0.9623538011695906 0.7099780701754386 0.0133406432748538 0.022203947368421052
0 0.9810855263157894 0.7186129385964912 0.01206140350877193 0.02138157894736842
0 0.9768823099415205 0.7268366228070176 0.019371345029239765 0.01918859649122807
0 0.1469298245614035 0.7083333333333334 0.00712719298245614 0.01836622807017544
0 0.282437865497076 0.7101151315789473 0.009868421052631578 0.02138157894736842
0 0.3015350877192982 0.7077850877192983 0.006396198830409356 0.017269736842105265
0 0.5561951754385964 0.7069627192982456 0.013523391812865496 0.015076754385964912
0 0.6517726608187134 0.7099780701754386 0.005116959064327485 0.021655701754385966
0 0.8055555555555556 0.7055921052631579 0.01663011695906433 0.012883771929824562
0 0.8408260233918129 0.7095668859649122 0.010782163742690058 0.020285087719298246
0 0.8483187134502924 0.7090186403508772 0.006761695906432748 0.017543859649122806
0 0.19965277777777776 0.7066885964912281 0.006944444444444444 0.01343201754385965
0 0.20248538011695905 0.7157346491228069 0.007492690058479532 0.012335526315789474
0 0.19828216374269006 0.7216282894736842 0.008954678362573099 0.01644736842105263
0 0.2937682748538012 0.7080592105263158 0.008406432748538011 0.01617324561403509
0 0.2867324561403509 0.7153234649122807 0.009685672514619883 0.025767543859649123
0 0.537828947368421 0.7084703947368421 0.006761695906432748 0.017543859649122806
0 0.757218567251462 0.7113144188596491 0.009137426900584795 0.02446546052631579
0 0.775858918128655 0.709155701754386 0.011330409356725146 0.01836622807017544
0 0.9708516081871346 0.7094298245614036 0.010599415204678362 0.018914473684210526
0 0.3353892543859649 0.7127192982456141 0.010325292397660819 0.024396929824561403
0 0.4716739766081871 0.7117598684210527 0.010416666666666666 0.022478070175438597
0 0.5230263157894737 0.7088815789473685 0.012609649122807017 0.017269736842105265
0 0.24817251461988304 0.7097039473684211 0.006396198830409356 0.017269736842105265
0 0.25456871345029236 0.7117598684210527 0.006761695906432748 0.021929824561403508
0 0.731359649122807 0.7124451754385965 0.006761695906432748 0.02275219298245614
0 0.1838450292397661 0.7118969298245613 0.008223684210526315 0.02055921052631579
0 0.6909722222222223 0.7087445175438596 0.011513157894736841 0.01425438596491228
0 0.6874086257309941 0.7201206140350876 0.007309941520467836 0.011787280701754386
0 0.6916118421052632 0.7299890350877193 0.006578947368421052 0.013980263157894737
0 0.856359649122807 0.7099780701754386 0.008223684210526315 0.016721491228070175
0 0.3442982456140351 0.7120339912280701 0.00932017543859649 0.019736842105263157
0 0.6674890350877194 0.7146381578947368 0.011695906432748537 0.024945175438596492
0 0.7234100877192982 0.7142269736842105 0.011695906432748537 0.023574561403508772
0 0.9025493421052632 0.7129934210526315 0.007766812865497076 0.021655701754385966
0 0.31204312865497075 0.7123081140350876 0.00804093567251462 0.019736842105263157
0 0.1716922514619883 0.7147752192982456 0.014985380116959063 0.023026315789473683
0 0.7183845029239767 0.7151864035087719 0.01114766081871345 0.024396929824561403
0 0.23848684210526316 0.7092927631578948 0.01516812865497076 0.010964912280701754
0 0.227156432748538 0.7143640350877193 0.007858187134502924 0.011787280701754386
0 0.22478070175438597 0.7221765350877193 0.006761695906432748 0.01644736842105263
0 0.6761695906432749 0.7131304824561404 0.007492690058479532 0.01864035087719298
0 0.19142909356725146 0.7136787280701755 0.006944444444444444 0.01918859649122807
0 0.35654239766081874 0.715734649122807 0.008954678362573099 0.02275219298245614
0 0.36229897660818716 0.716968201754386 0.005116959064327485 0.018092105263157895
0 0.37463450292397665 0.7110745614035088 0.009685672514619883 0.012883771929824562
0 0.38185307017543857 0.7128563596491229 0.01023391812865497 0.01699561403508772
0 0.41831140350877194 0.7160087719298246 0.008223684210526315 0.023300438596491228
0 0.4300986842105263 0.713404605263158 0.005847953216374269 0.018092105263157895
0 0.43430190058479534 0.7154605263157895 0.007675438596491228 0.021107456140350877
0 0.5302905701754386 0.7139528508771931 0.008315058479532164 0.018092105263157895
0 0.5288742690058479 0.7312225877192983 0.006761695906432748 0.017543859649122806
0 0.9565058479532165 0.7166940789473684 0.01918859649122807 0.023026315789473683
0 0.20741959064327484 0.7120339912280701 0.007492690058479532 0.013157894736842105
0 0.5718201754385965 0.7177905701754386 0.007858187134502924 0.025219298245614034
0 0.7006578947368421 0.7102521929824561 0.010051169590643274 0.009046052631578948
0 0.6953581871345029 0.7206688596491228 0.008223684210526315 0.022203947368421052
0 0.8267543859649122 0.7145010964912281 0.008223684210526315 0.01699561403508772
0 0.6010599415204678 0.7123081140350878 0.010051169590643274 0.010416666666666666
0 0.7949561403508771 0.7145010964912281 0.015533625730994151 0.013706140350877192
0 0.4109100877192982 0.7203947368421053 0.010964912280701754 0.024396929824561403
0 0.4809027777777778 0.7195723684210527 0.00804093567251462 0.021655701754385966
0 0.5634137426900585 0.7198464912280702 0.007492690058479532 0.02275219298245614
0 0.6332236842105263 0.7136787280701755 0.015533625730994151 0.009868421052631578
0 0.1339546783625731 0.7199835526315789 0.013706140350877192 0.020833333333333332
0 0.2605994152046784 0.7202576754385964 0.008223684210526315 0.022478070175438597
0 0.44883040935672514 0.7220394736842105 0.010051169590643274 0.02549342105263158
0 0.5558296783625731 0.7183388157894737 0.007309941520467836 0.018092105263157895
0 0.5503472222222222 0.7239583333333333 0.006578947368421052 0.028782894736842105
0 0.23866959064327486 0.7206688596491228 0.011878654970760233 0.02055921052631579
0 0.24707602339181287 0.7224506578947368 0.009685672514619883 0.010964912280701754
0 0.23675073099415206 0.7342379385964912 0.01206140350877193 0.01644736842105263
0 0.7540204678362573 0.7195723684210527 0.008589181286549707 0.01836622807017544
0 0.8950109649122807 0.7201206140350878 0.008406432748538011 0.019462719298245616
0 0.15963084795321636 0.7209429824561403 0.012792397660818713 0.02055921052631579
0 0.3515168128654971 0.7212171052631579 0.008771929824561403 0.02055921052631579
0 0.37390350877192985 0.7223135964912281 0.007858187134502924 0.02275219298245614
0 0.4899488304093567 0.7164199561403509 0.012975146198830409 0.011513157894736841
0 0.1385233918128655 0.7209429824561404 0.012975146198830409 0.018914473684210526
0 0.5950292397660819 0.7242324561403509 0.00932017543859649 0.024945175438596492
0 0.8330592105263158 0.7225877192982456 0.007675438596491228 0.02275219298245614
0 0.23282163742690057 0.7231359649122807 0.01114766081871345 0.021655701754385966
0 0.522843567251462 0.7202576754385965 0.00932017543859649 0.015899122807017545
0 0.7033077485380117 0.7227247807017544 0.011695906432748537 0.02138157894736842
0 0.7408625730994153 0.7227247807017544 0.011513157894736841 0.020285087719298246
0 0.8060124269005848 0.7197094298245614 0.01644736842105263 0.01425438596491228
0 0.8049159356725146 0.7286184210526315 0.011695906432748537 0.012883771929824562
0 0.8027229532163743 0.7457510964912281 0.01023391812865497 0.027412280701754384
0 0.29340277777777773 0.7202576754385964 0.0062134502923976605 0.01425438596491228
0 0.3076571637426901 0.7184758771929824 0.00804093567251462 0.01069078947368421
0 0.3954906798245614 0.7227247807017544 0.010827850877192983 0.019736842105263157
0 0.536641081871345 0.7336211622807017 0.011695906432748537 0.023026315789473683
0 0.15213815789473684 0.7262883771929824 0.009137426900584795 0.023574561403508772
0 0.5093201754385964 0.7232730263157895 0.006396198830409356 0.01864035087719298
0 0.5888157894736842 0.7247807017543859 0.008589181286549707 0.02055921052631579
0 0.6084612573099415 0.7242324561403509 0.00804093567251462 0.018914473684210526
0 0.662280701754386 0.7273848684210527 0.010051169590643274 0.025767543859649123
0 0.8492324561403509 0.7280701754385964 0.009685672514619883 0.0200109649122807
0 0.4263523391812865 0.7261513157894737 0.010782163742690058 0.02055921052631579
0 0.642361111111111 0.7264254385964913 0.011878654970760233 0.019462719298245616
0 0.7683662280701755 0.7253289473684211 0.009868421052631578 0.017269736842105265
0 0.7628837719298246 0.7286184210526316 0.01425438596491228 0.010142543859649123
0 0.21162280701754388 0.7221765350877194 0.016264619883040937 0.010964912280701754
0 0.26644736842105265 0.7260142543859649 0.007858187134502924 0.018092105263157895
0 0.3682383040935672 0.7249177631578947 0.006396198830409356 0.015899122807017545
0 0.4402412280701754 0.7269736842105263 0.018092105263157895 0.02055921052631579
0 0.3036366959064327 0.7239583333333333 0.01023391812865497 0.01343201754385965
0 0.5760233918128655 0.7287554824561403 0.010416666666666666 0.023026315789473683
0 0.5033808479532164 0.7282072368421052 0.01023391812865497 0.019736842105263157
0 0.4944261695906433 0.7275219298245614 0.008406432748538011 0.01781798245614035
0 0.8556286549707602 0.7266995614035088 0.009685672514619883 0.01781798245614035
0 0.5664290935672515 0.7269736842105263 0.004751461988304093 0.015625
0 0.6022478070175439 0.7293037280701754 0.008771929824561403 0.020833333333333332
0 0.2934941520467836 0.7324561403508772 0.010782163742690058 0.024945175438596492
0 0.6838450292397661 0.7282072368421053 0.006761695906432748 0.01644736842105263
0 0.8430190058479532 0.7308114035087719 0.0133406432748538 0.021107456140350877
0 0.32090643274853803 0.7260142543859649 0.00932017543859649 0.010416666666666666
0 0.3156524122807018 0.7316337719298246 0.012701023391812866 0.014528508771929825
0 0.4869334795321637 0.7284813596491229 0.009868421052631578 0.015899122807017545
0 0.6324926900584795 0.7336896929824562 0.00932017543859649 0.02631578947368421
0 0.24707602339181287 0.7339638157894737 0.012244152046783625 0.024671052631578948
0 0.2743969298245614 0.7334155701754386 0.013888888888888888 0.023026315789473683
0 0.28673245614035087 0.7297149122807017 0.008223684210526315 0.015625
0 0.6157711988304093 0.7320449561403508 0.007309941520467836 0.020833333333333332
0 0.7807017543859649 0.7324561403508771 0.007858187134502924 0.021107456140350877
0 0.14181286549707603 0.7339638157894737 0.012609649122807017 0.023574561403508772
0 0.13477704678362573 0.7356085526315789 0.014985380116959063 0.021929824561403508
0 0.2224049707602339 0.733141447368421 0.010051169590643274 0.02138157894736842
0 0.2192982456140351 0.739172149122807 0.011878654970760233 0.01918859649122807
0 0.6779057017543859 0.7353344298245614 0.00804093567251462 0.025767543859649123
0 0.8109466374269007 0.7309484649122807 0.01023391812865497 0.01644736842105263
0 0.8175255847953217 0.7354714912280702 0.008406432748538011 0.02549342105263158
0 0.825109649122807 0.7334155701754386 0.008589181286549707 0.020833333333333332
0 0.21125730994152045 0.7346491228070176 0.01114766081871345 0.021107456140350877
0 0.5121527777777777 0.7353344298245614 0.01206140350877193 0.022478070175438597
0 0.7058662280701755 0.7324561403508772 0.01023391812865497 0.017269736842105265
0 0.17096125730994152 0.7353344298245614 0.010964912280701754 0.021929824561403508
0 0.32702850877192985 0.7335526315789475 0.013523391812865496 0.01836622807017544
0 0.4195906432748538 0.7336896929824561 0.007858187134502924 0.018092105263157895
0 0.8667763157894738 0.7384868421052632 0.011513157894736841 0.02823464912280702
0 0.5558296783625731 0.7351973684210525 0.006578947368421052 0.0200109649122807
0 0.5599415204678363 0.7402686403508772 0.00932017543859649 0.01644736842105263
0 0.19124634502923976 0.7356085526315789 0.009502923976608187 0.019736842105263157
0 0.3015350877192982 0.7378015350877193 0.006030701754385965 0.024671052631578948
0 0.25109649122807015 0.737390350877193 0.010782163742690058 0.022203947368421052
0 0.5234831871345029 0.7368421052631579 0.00804093567251462 0.021655701754385966
0 0.611111111111111 0.7360197368421053 0.006030701754385965 0.019462719298245616
0 0.585343567251462 0.7367050438596491 0.00712719298245614 0.019736842105263157
0 0.7189327485380117 0.731359649122807 0.01663011695906433 0.009594298245614035
0 0.5794956140350878 0.7384868421052632 0.008223684210526315 0.02275219298245614
0 0.6651133040935673 0.7406798245614036 0.01023391812865497 0.026041666666666668
0 0.20239400584795322 0.7362938596491228 0.012426900584795321 0.015076754385964912
0 0.1766264619883041 0.7390350877192982 0.009137426900584795 0.0200109649122807
0 0.18028143274853803 0.7423245614035088 0.006578947368421052 0.02055921052631579
0 0.6737024853801169 0.7401315789473684 0.007309941520467836 0.02275219298245614
0 0.7616959064327485 0.7395833333333333 0.006761695906432748 0.021107456140350877
0 0.7733918128654971 0.7406798245614035 0.006761695906432748 0.02275219298245614
0 0.18585526315789475 0.7380756578947368 0.006030701754385965 0.01644736842105263
0 0.25584795321637427 0.7441063596491229 0.008589181286549707 0.0268640350877193
0 0.8291301169590644 0.7390350877192983 0.008223684210526315 0.016721491228070175
0 0.07118055555555555 0.7415021929824561 0.013523391812865496 0.021107456140350877
0 0.08813048245614036 0.7435581140350878 0.01800073099415205 0.024671052631578948
0 0.7406798245614035 0.743421052631579 0.008223684210526315 0.023848684210526317
0 0.756030701754386 0.7439692982456141 0.01114766081871345 0.023848684210526317
0 0.9061586257309941 0.7402686403508772 0.016812865497076022 0.01644736842105263
0 0.2361111111111111 0.741639254385965 0.01114766081871345 0.01918859649122807
0 0.29586988304093564 0.7410910087719299 0.006396198830409356 0.018092105263157895
0 0.3307748538011696 0.7402686403508772 0.012975146198830409 0.015899122807017545
0 0.7478070175438596 0.7439692982456141 0.006761695906432748 0.023300438596491228
0 0.7899305555555556 0.7442434210526316 0.01023391812865497 0.023848684210526317
0 0.2841739766081871 0.7434210526315789 0.011513157894736841 0.021107456140350877
0 0.5143457602339182 0.7449287280701754 0.009868421052631578 0.023026315789473683
0 0.6859466374269007 0.7441063596491228 0.010964912280701754 0.02138157894736842
0 0.7244152046783626 0.7394462719298245 0.010782163742690058 0.01206140350877193
0 0.07675438596491228 0.7431469298245614 0.012975146198830409 0.01781798245614035
0 0.7664473684210527 0.7435581140350878 0.006030701754385965 0.01918859649122807
0 0.044636330409356724 0.7417763157894737 0.010325292397660819 0.014528508771929825
0 0.6944444444444444 0.7462993421052632 0.007492690058479532 0.023574561403508772
0 0.7830774853801169 0.7427357456140351 0.004934210526315789 0.01644736842105263
0 0.020650584795321638 0.740405701754386 0.010051169590643274 0.011239035087719298
0 0.021198830409356727 0.7449287280701755 0.010051169590643274 0.011513157894736841
0 0.6501279239766081 0.7427357456140351 0.01206140350877193 0.014802631578947368
0 0.6439144736842105 0.7436951754385964 0.009137426900584795 0.012335526315789474
0 0.5901864035087719 0.7419133771929824 0.009502923976608187 0.012609649122807017
0 0.8335160818713451 0.744654605263158 0.008589181286549707 0.01864035087719298
0 0.8397295321637427 0.7453399122807017 0.010782163742690058 0.017269736842105265
0 0.7016630116959064 0.748218201754386 0.007309941520467836 0.02412280701754386
0 0.707328216374269 0.7473958333333334 0.005116959064327485 0.022478070175438597
0 0.7123538011695906 0.7460252192982456 0.004934210526315789 0.019736842105263157
0 0.7165570175438596 0.7453399122807017 0.005665204678362573 0.01781798245614035
0 0.5982273391812866 0.7446546052631579 0.009137426900584795 0.01425438596491228
0 0.8095760233918129 0.7490405701754386 0.006761695906432748 0.022478070175438597
0 0.8153326023391813 0.7550712719298245 0.008771929824561403 0.02138157894736842
0 0.6199744152046784 0.7516447368421053 0.01023391812865497 0.026589912280701754
0 0.14903143274853803 0.7457510964912281 0.017909356725146198 0.01206140350877193
0 0.7245979532163743 0.7473958333333333 0.010051169590643274 0.01425438596491228
0 0.8512426900584795 0.7538377192982456 0.012244152046783625 0.021655701754385966
0 0.8466739766081872 0.7549342105263158 0.01114766081871345 0.019462719298245616
0 0.776498538011696 0.7532894736842105 0.010782163742690058 0.017269736842105265
0 0.7947733918128655 0.753015350877193 0.010051169590643274 0.015076754385964912
0 0.27202119883040937 0.7571271929824561 0.007309941520467836 0.021655701754385966
0 0.8347953216374269 0.7615131578947368 0.011878654970760233 0.01781798245614035
0 0.9444672880116959 0.7685375548245614 0.009731359649122808 0.02309484649122807
0 0.7541118421052632 0.7667214912280702 0.014619883040935672 0.018914473684210526
0 0.8070175438596492 0.7738486842105263 0.017726608187134504 0.02549342105263158
0 0.2631578947368421 0.7963267543859649 0.007858187134502924 0.010142543859649123
0 0.07282529239766082 0.8066063596491229 0.009502923976608187 0.01864035087719298
0 0.31240862573099415 0.8067434210526315 0.01023391812865497 0.01343201754385965
0 0.27037646198830406 0.814281798245614 0.010964912280701754 0.01425438596491228
0 0.4761513157894737 0.8140076754385965 0.005847953216374269 0.010964912280701754
0 0.7749451754385964 0.8196271929824561 0.013157894736842105 0.007401315789473684
0 0.7345577485380117 0.8300438596491229 0.008406432748538011 0.018914473684210526
0 0.8940972222222222 0.8260690789473685 0.012426900584795321 0.011513157894736841
0 0.18019005847953218 0.8328193530701754 0.017726608187134504 0.021038925438596492
0 0.9032118055555556 0.8411458333333333 0.01640168128654971 0.012609649122807017
0 0.5977476242690059 0.8860334429824561 0.021335891812865496 0.020148026315789474
0 0.5903234649122806 0.8951480263157895 0.011970029239766082 0.02617872807017544
0 0.05930190058479532 0.6749588815789473 0.007949561403508772 0.015213815789473685
0 0.059324744152046784 0.6912691885964912 0.007903874269005849 0.016036184210526317
0 0.06556103801169591 0.6801329495614036 0.009137426900584795 0.020490679824561403
0 0.19142909356725146 0.6472039473684211 0.015533625730994151 0.017543859649122806
0 0.19343932748538012 0.6582716557017544 0.01644736842105263 0.0073327850877192985
0 0.2530381944444444 0.6768092105263158 0.005985014619883041 0.014528508771929825
0 0.2576754385964912 0.6932908442982456 0.009137426900584795 0.018571820175438597
0 0.30930190058479534 0.7376987390350878 0.00941154970760234 0.014322916666666666
0 0.3137381213450292 0.7379646381578948 0.010882675438596483 0.01156524122807019
0 0.3970668859649123 0.6644394188596491 0.012152777777777778 0.017201206140350877
0 0.39782072368421056 0.6706414473684211 0.012838084795321638 0.017269736842105265
0 0.3896655701754386 0.6509731359649122 0.01644736842105263 0.014802631578947368
0 0.3905564692982456 0.6560101425438597 0.015305190058479532 0.013637609649122808
0 0.4540387426900585 0.6540912828947368 0.007766812865497076 0.024739583333333332
0 0.45295413011695906 0.638843201754386 0.009387792397660799 0.01617324561403509
0 0.45488395467836257 0.7052151864035088 0.00735562865497076 0.02158717105263158
0 0.45686038011695906 0.7147998903508772 0.011970029239766082 0.013157894736842105
0 0.5446591739766082 0.7297834429824561 0.007903874269005849 0.0234375
0 0.537326388888889 0.7241639254385965 0.009228801169590644 0.02261513157894737
0 0.5674113669590644 0.6628632127192983 0.015213815789473685 0.0073327850877192985
0 0.5654011330409356 0.6702987938596492 0.013843201754385965 0.008908991228070175
0 0.6347313596491229 0.6890762061403509 0.010964912280701754 0.01864035087719298
0 0.6293183479532164 0.6933072916666666 0.008863304093567252 0.022990679824561374
0 0.7174250730994152 0.6831483004385965 0.015990497076023392 0.01308936403508772
0 0.7041072733918129 0.6757469846491229 0.016036184210526317 0.013500548245614035
0 0.7365908260233918 0.7057976973684211 0.007995248538011696 0.01836622807017544
0 0.7273391812865497 0.69562225877193 0.014576023391812905 0.011650219298245614
0 0.9491959064327485 0.7165405701754387 0.011330409356725146 0.021962719298245583
0 0.9353983918128655 0.7054550438596491 0.01653874269005848 0.016036184210526317
0 0.9372487207602339 0.7140213815789475 0.017863669590643276 0.0190515350877193
0 0.9318740862573099 0.7183689692982457 0.01314510233918134 0.02795504385964913
0 0.7613989400584795 0.6083813048245614 0.006076388888888889 0.02172423245614035
0 0.7561449195906433 0.5888843201754386 0.009365862573099416 0.016721491228070175
