0 0.16389625 0.20125 0.01445750000000001 0.0285
0 0.026875 0.21475166666666665 0.022 0.020163333333333335
0 0.18802125 0.21991166666666667 0.02629249999999999 0.022156666666666675
0 0.545875 0.2533333333333333 0.026 0.033666666666666664
0 0.5135000000000001 0.26075166666666666 0.01275 0.022163333333333337
0 0.49725 0.26941333333333334 0.01675 0.027826666666666673
0 0.53225 0.2826666666666667 0.02175 0.019
0 0.159375 0.3293333333333333 0.036 0.027666666666666666
0 0.12840625 0.33474166666666666 0.0334375 0.03582333333333334
0 0.25715625000000003 0.35390333333333335 0.0209375 0.04898666666666668
0 0.237 0.35298833333333335 0.01625 0.040656666666666674
0 0.38178125 0.35383 0.0131875 0.026160000000000006
0 0.14665625000000002 0.35245333333333334 0.0273125 0.023426666666666658
0 0.1620625 0.3612416666666667 0.023 0.04082333333333334
0 0.32621875 0.35889 0.0266875 0.03344666666666664
0 0.39407875000000003 0.3560983333333333 0.014967499999999972 0.0277033333333333
0 0.448125 0.36362 0.0155 0.040080000000000005
0 0.093625 0.36563666666666667 0.02 0.04261999999999996
0 0.1103275 0.36233333333333334 0.033595 0.02033333333333333
0 0.46011 0.36325666666666667 0.015125 0.034140000000000024
0 0.4804375 0.3600766666666667 0.01375 0.027326666666666673
0 0.3024375 0.37211333333333335 0.018 0.04557333333333334
0 0.413015 0.37307500000000005 0.021779999999999973 0.04515666666666668
0 0.6575 0.37349333333333334 0.01675 0.04398666666666668
0 0.42815625 0.37840666666666667 0.0170625 0.04514666666666668
0 0.506625 0.3764533333333333 0.0135 0.041906666666666675
0 0.3489375 0.374035 0.016875 0.03657000000000001
0 0.208735 0.37583333333333335 0.01547 0.038
0 0.54925 0.37174666666666667 0.01175 0.02982666666666667
0 0.1745625 0.37561333333333335 0.0195 0.03874000000000001
0 0.19403125000000002 0.37657333333333337 0.0148125 0.03748000000000002
0 0.39814125000000006 0.377245 0.02359249999999997 0.03682333333333334
0 0.28309375000000003 0.38094833333333333 0.0235625 0.04289666666666669
0 0.364485 0.37784833333333334 0.01602999999999997 0.03602999999999997
0 0.44226625 0.38203666666666664 0.013407500000000027 0.04507333333333334
0 0.5181399999999999 0.37637 0.011279999999999972 0.033740000000000006
0 0.5402187500000001 0.3797433333333334 0.0156875 0.039153333333333346
0 0.49628124999999995 0.37916666666666665 0.0103125 0.035333333333333335
0 0.4729375 0.381535 0.016125 0.04091000000000001
0 0.5808125 0.3844916666666667 0.013375 0.042650000000000014
0 0.32515499999999997 0.3812216666666666 0.026 0.03537000000000004
0 0.52826625 0.3857033333333333 0.014407500000000028 0.044826666666666674
0 0.5662200000000001 0.38738833333333333 0.01875 0.04736333333333338
0 0.48635875 0.3848666666666667 0.015907500000000026 0.03824000000000001
0 0.67409375 0.38190666666666667 0.0265625 0.031160000000000007
0 0.60890625 0.38816666666666666 0.0185625 0.030666666666666665
0 0.5927187500000001 0.39173833333333336 0.0196875 0.03749000000000001
0 0.61775 0.39640833333333336 0.01675 0.037150000000000016
0 0.78003125 0.40454 0.0170625 0.05041333333333334
0 0.7555937500000001 0.40116666666666667 0.0164375 0.03866666666666667
0 0.6985 0.4025 0.01675 0.03933333333333333
0 0.67965625 0.40248500000000004 0.0239375 0.03832333333333334
0 0.6419374999999999 0.4039883333333334 0.014125 0.03766333333333333
0 0.54709375 0.40448666666666666 0.0180625 0.03599333333333334
0 0.9718749999999999 0.413 0.0165 0.04833333333333333
0 0.6555 0.40998333333333337 0.01475 0.04298666666666668
0 0.89459375 0.4061166666666667 0.0259375 0.033906666666666675
0 0.7671875 0.4092883333333333 0.015125 0.03908999999999999
0 0.851 0.40774333333333335 0.01675 0.03248666666666668
0 0.8139062499999999 0.40961833333333336 0.0235625 0.03290333333333335
0 0.73515625 0.40657333333333334 0.0279375 0.02549333333333334
0 0.80703125 0.4177416666666667 0.0278125 0.04715000000000002
0 0.83665625 0.41707500000000003 0.0150625 0.04581666666666668
0 0.8759687500000001 0.4155716666666667 0.0240625 0.03849000000000001
0 0.856375 0.418905 0.0255 0.042823333333333345
0 0.9573125 0.424165 0.017875 0.04867
0 0.6155 0.4235 0.02725 0.028
0 0.0513125 0.422 0.029375 0.023666666666666666
0 0.0979225 0.429625 0.032095 0.03975
0 0.9841249999999999 0.4336666666666667 0.017 0.043
0 0.6263124999999999 0.428655 0.021375 0.030976666666666687
0 0.79717125 0.4349933333333333 0.019467499999999974 0.04590666666666668
0 0.48981250000000004 0.43301 0.031375 0.030353333333333316
0 0.5081875 0.44889666666666667 0.020125 0.049740000000000006
0 0.64475 0.438655 0.023125 0.03897666666666669
0 0.5877187500000001 0.4452233333333333 0.0180625 0.05028666666666663
0 0.9963125 0.4335716666666667 0.007125 0.023476666666666687
0 0.7832812499999999 0.44596 0.0163125 0.04334666666666673
0 0.15309375 0.43666000000000005 0.0291875 0.02749333333333334
0 0.01825 0.4478333333333333 0.02225 0.035333333333333335
0 0.1084225 0.449515 0.027594999999999998 0.03819666666666664
0 0.16949999999999998 0.46411166666666664 0.030875 0.052903333333333344
0 0.68165625 0.45956166666666665 0.0386875 0.03441
0 0.11907875 0.4662016666666667 0.014967500000000002 0.039403333333333346
0 0.153375 0.4715666666666667 0.025625 0.05148666666666668
0 0.21275 0.4662016666666667 0.01425 0.040070000000000015
0 0.22140625 0.47979666666666665 0.0193125 0.03525999999999999
0 0.192125 0.472575 0.015375 0.050150000000000014
0 0.109765 0.468035 0.01878 0.040156666666666674
0 0.1386875 0.471025 0.025375 0.04507000000000001
0 0.56078125 0.47028166666666665 0.0235625 0.038896666666666684
0 0.7267187500000001 0.4683333333333333 0.0176875 0.035666666666666666
0 0.2050625 0.4786533333333333 0.0205 0.05148666666666668
0 0.36025 0.47501666666666664 0.036375 0.046820000000000014
0 0.590625 0.47343499999999994 0.023 0.040130000000000034
0 0.39509374999999997 0.4710133333333333 0.0173125 0.03164000000000002
0 0.17678125 0.47507166666666667 0.0188125 0.03882333333333334
0 0.40596875 0.480355 0.0250625 0.04482333333333334
0 0.2880625 0.48567 0.018875 0.05100666666666666
0 0.48784375 0.4801316666666666 0.0234375 0.03459666666666666
0 0.2743125 0.4843 0.019375 0.04173333333333335
0 0.6775312499999999 0.47934166666666667 0.0371875 0.02968333333333332
0 0.2566875 0.48813666666666666 0.026875 0.04557333333333334
0 0.246375 0.48722 0.023 0.03974000000000001
0 0.64653125 0.490095 0.0193125 0.04681000000000002
0 0.6308125 0.49155999999999994 0.0195 0.041073333333333344
0 0.7816562499999999 0.493465 0.0230625 0.04259666666666666
0 0.23156249999999998 0.491425 0.020875 0.03815000000000002
0 0.389375 0.49471833333333337 0.021 0.03582333333333334
0 0.7996249999999999 0.4962566666666667 0.017 0.04017999999999999
0 0.423875 0.49393499999999996 0.035 0.03565666666666668
0 0.45896875000000004 0.4966 0.0151875 0.04082000000000001
0 0.660125 0.49384999999999996 0.018 0.04182000000000001
0 0.471875 0.5018916666666666 0.014 0.04990333333333335
0 0.5464062500000001 0.50488 0.0300625 0.04275999999999999
0 0.60175 0.5087183333333334 0.01125 0.05090333333333334
0 0.9563437499999999 0.49584999999999996 0.0363125 0.02399333333333334
0 0.8109375 0.51118 0.02525 0.055653333333333346
0 0.487375 0.5102116666666666 0.017 0.040089999999999994
0 0.52709375 0.5061666666666667 0.0274375 0.032
0 0.5104062500000001 0.5115016666666666 0.0200625 0.038669999999999996
0 0.58896875 0.51001 0.0154375 0.05065333333333335
0 0.7705 0.5131383333333333 0.03525 0.03474333333333334
0 0.6130625000000001 0.5197933333333333 0.017125 0.04058666666666667
0 0.5737187499999999 0.5211783333333334 0.0231875 0.037976666666666686
0 0.54725 0.5200583333333333 0.03475 0.05791
0 0.64090625 0.5359283333333333 0.0184375 0.04482333333333334
0 0.537 0.5746633333333333 0.02675 0.05167333333333333
0 0.30752 0.6137033333333334 0.03375 0.03674000000000001
0 0.53809375 0.6340316666666668 0.0209375 0.03407666666666667
0 0.5995 0.6326666666666667 0.03075 0.02033333333333333
0 0.5069375 0.639405 0.035375 0.03549000000000001
0 0.4665 0.6499999999999999 0.02725 0.029
0 0.5868749999999999 0.6563333333333333 0.025 0.039
0 0.43625 0.6561666666666667 0.02275 0.030666666666666665
0 0.52210375 0.6591266666666666 0.02295749999999998 0.02474666666666667
0 0.4944475 0.6733333333333333 0.01914499999999998 0.033
0 0.403125 0.6698333333333334 0.023 0.023333333333333334
0 0.44656250000000003 0.6818516666666666 0.017960000000000035 0.045863333333333305
0 0.5096975 0.6754133333333333 0.02314499999999998 0.027826666666666673
0 0.563885 0.6781616666666666 0.03201999999999998 0.032989999999999936
0 0.527875 0.6818333333333333 0.022 0.026
0 0.43819749999999996 0.7004999999999999 0.016144999999999982 0.04533333333333334
0 0.59075 0.6963333333333334 0.03725 0.025666666666666667
0 0.50854125 0.6898733333333333 0.02283249999999998 0.02725333333333333
0 0.49625 0.7081666666666667 0.01375 0.034
0 0.4540575 0.7167616666666667 0.021970000000000028 0.045769999999999984
0 0.48313500000000004 0.7218333333333333 0.014019999999999982 0.04533333333333334
0 0.477125 0.76 0.02 0.041666666666666664
0 0.47185374999999996 0.716 0.01795749999999998 0.031
0 0.500375 0.7324999999999999 0.0225 0.03866666666666667
0 0.5347500000000001 0.7368333333333333 0.02625 0.028666666666666667
0 0.512125 0.7421666666666666 0.024 0.03666666666666667
0 0.457125 0.7618983333333333 0.0275 0.04587000000000004
0 0.512375 0.760815 0.0285 0.02803666666666671
0 0.5748274999999999 0.7766583333333333 0.021595000000000027 0.04435000000000006
0 0.510625 0.7894783333333334 0.023 0.04404333333333337
0 0.65996875 0.79 0.0286875 0.034333333333333334
0 0.37684375000000003 0.36826499999999995 0.0189375 0.046863333333333305
0 0.3864375 0.3762833333333333 0.011184999999999945 0.02949333333333334
0 0.41785875 0.38210500000000003 0.012407500000000028 0.05173666666666668
0 0.45790625 0.38703333333333334 0.0215625 0.04149333333333334
0 0.559375 0.3842316666666667 0.0145 0.05498333333333335
0 0.13314125 0.4482433333333333 0.0165925 0.05165333333333334
