0 0.56059375 0.522875 0.0109375 0.01475
0 0.5735 0.5218333333333334 0.0135 0.0155
0 0.52315625 0.5262083333333334 0.0233125 0.01275
0 0.545625 0.5305 0.0175 0.014666666666666666
0 0.47275 0.5450833333333333 0.01675 0.03916666666666667
0 0.48775 0.5311666666666667 0.01675 0.011333333333333334
0 0.614375 0.53573 0.0145 0.0191266666666667
0 0.5988749999999999 0.5494583333333334 0.0125 0.01825
0 0.526125 0.5325 0.025375 0.012666666666666666
0 0.4996875 0.535145 0.01575 0.016789999999999965
0 0.59746875 0.5338333333333334 0.0201875 0.012
0 0.5091875 0.5360833333333334 0.00975 0.019333333333333334
0 0.46402375 0.54 0.011797500000000013 0.0225
0 0.62436 0.5382916666666667 0.013529999999999973 0.017083333333333332
0 0.54665625 0.540375 0.0150625 0.01625
0 0.5586875 0.5334166666666667 0.011125 0.0185
0 0.48540625 0.5445416666666667 0.0133125 0.023416666666666665
0 0.48828125 0.5529999999999999 0.0150625 0.025
0 0.45543750000000005 0.5443333333333333 0.010125 0.018333333333333333
0 0.45134375 0.5576666666666666 0.0269375 0.015
0 0.5053124999999999 0.54775 0.013375 0.026166666666666668
0 0.49615625 0.5661666666666667 0.0151875 0.022
0 0.446375 0.5480416666666668 0.01 0.020416666666666666
0 0.6166400000000001 0.548125 0.01627999999999997 0.022083333333333333
0 0.63625 0.5524166666666667 0.011375 0.027833333333333335
0 0.6283125 0.5555 0.013625 0.02266666666666667
0 0.416375 0.5453333333333333 0.0175 0.011666666666666667
0 0.5374375 0.54625 0.012125 0.015833333333333335
0 0.57159375 0.55925 0.0175625 0.025333333333333333
0 0.65478125 0.5511666666666667 0.0151875 0.021333333333333333
0 0.43690625 0.5505416666666667 0.0095625 0.019416666666666665
0 0.49603125 0.5519166666666666 0.0098125 0.018833333333333334
0 0.6459374999999999 0.5552916666666667 0.013 0.02425
0 0.666875 0.5555416666666666 0.016 0.025916666666666668
0 0.47046875 0.55348 0.0161875 0.025373333333333296
0 0.6769687499999999 0.5566666666666666 0.0148125 0.022333333333333334
0 0.5485000000000001 0.5554166666666667 0.01025 0.021333333333333333
0 0.5700937500000001 0.5780833333333334 0.0176875 0.036
0 0.38046875 0.5556666666666666 0.0261875 0.012333333333333333
0 0.40671874999999996 0.558125 0.0136875 0.021416666666666667
0 0.39490625 0.5843333333333333 0.0134375 0.031
0 0.382 0.5935 0.01725 0.028
0 0.39728125 0.56 0.0108125 0.0275
0 0.38621875 0.5630416666666667 0.0190625 0.010916666666666667
0 0.3798875 0.5771833333333334 0.027875 0.01930000000000003
0 0.41015625 0.5732083333333333 0.0216875 0.04775
0 0.42590625000000004 0.5630416666666668 0.0145625 0.02425
0 0.5998125 0.5616666666666668 0.01875 0.019333333333333334
0 0.6173912500000001 0.5642716666666667 0.019092499999999974 0.03195666666666663
0 0.609375 0.570875 0.014125 0.03258333333333333
0 0.540125 0.5774583333333333 0.0145 0.035416666666666666
0 0.5257499999999999 0.5620833333333334 0.01975 0.011166666666666667
0 0.36393749999999997 0.5754166666666667 0.029125 0.03183333333333333
0 0.48171875000000003 0.5674166666666667 0.0241875 0.015833333333333335
0 0.48659375 0.5798749999999999 0.0251875 0.01775
0 0.51771875 0.5732083333333333 0.0268125 0.018083333333333333
0 0.5263125 0.5827083333333333 0.016875 0.03625
0 0.4186875 0.58075 0.012 0.03716666666666667
0 0.41125 0.5893333333333333 0.01275 0.033
0 0.46040625 0.5752083333333333 0.0208125 0.02275
0 0.601125 0.5796666666666667 0.016 0.029666666666666668
0 0.5825625 0.58175 0.02125 0.030333333333333334
0 0.4465625 0.5822916666666667 0.015125 0.025083333333333332
0 0.47459375000000004 0.5895833333333333 0.0149375 0.03833333333333333
0 0.43609375 0.5874166666666667 0.0140625 0.028166666666666666
0 0.3744375 0.5883333333333333 0.026125 0.023
0 0.42274999999999996 0.5931666666666667 0.0155 0.035833333333333335
0 0.42815625 0.6077083333333333 0.0175625 0.03375
0 0.41175 0.6276666666666667 0.01625 0.019666666666666666
0 0.4565 0.5939583333333334 0.01625 0.037083333333333336
0 0.5095937500000001 0.5865833333333333 0.0244375 0.018833333333333334
0 0.5487500000000001 0.5951666666666667 0.01625 0.027333333333333334
0 0.4649375 0.5979166666666667 0.014375 0.0325
0 0.49162500000000003 0.59825 0.017 0.0285
0 0.586375 0.6018749999999999 0.023 0.021916666666666668
0 0.56734375 0.61273 0.0216875 0.041539999999999966
0 0.43896874999999996 0.6076666666666667 0.0216875 0.027666666666666666
0 0.5411250000000001 0.6074999999999999 0.02075 0.027
0 0.40112499999999995 0.6116666666666667 0.0135 0.029666666666666668
0 0.6048749999999999 0.6166666666666667 0.021 0.033666666666666664
0 0.51275 0.6275 0.01725 0.03266666666666666
0 0.523 0.6338333333333334 0.01675 0.03133333333333333
0 0.531875 0.6363333333333333 0.0185 0.031
0 0.4215 0.6343333333333333 0.02725 0.023
0 0.5596875 0.6403333333333334 0.015125 0.03766666666666667
0 0.593125 0.642 0.0175 0.035666666666666666
0 0.57521875 0.6442916666666666 0.0231875 0.03175
0 0.5790625 0.6581666666666666 0.017875 0.035166666666666666
0 0.363625 0.6471666666666667 0.0195 0.026
0 0.43826625 0.651375 0.01584249999999997 0.03325
0 0.55084375 0.650125 0.0126875 0.02725
0 0.5380937499999999 0.6561666666666667 0.0255625 0.0235
0 0.535125 0.6788333333333334 0.015 0.03
0 0.46965625 0.6549166666666666 0.0200625 0.03716666666666667
0 0.4528125 0.657 0.017065000000000056 0.036333333333333336
0 0.42190625 0.6533116666666666 0.0228125 0.028789999999999965
0 0.50625 0.6523333333333333 0.01575 0.025
0 0.5333749999999999 0.6498333333333334 0.0205 0.018
0 0.60723375 0.6561666666666667 0.021342499999999973 0.028833333333333332
0 0.47812499999999997 0.6623749999999999 0.0195 0.04025
0 0.625 0.6528333333333334 0.02625 0.016
0 0.640875 0.6733750000000001 0.015375 0.035083333333333334
0 0.62789 0.6701666666666666 0.019970000000000026 0.027166666666666665
0 0.404875 0.6640616666666666 0.0135 0.0413766666666667
0 0.36878125 0.6618116666666667 0.0213125 0.030123333333333297
0 0.655375 0.6616666666666666 0.016 0.025
0 0.3865625 0.67025 0.014875 0.0425
0 0.48871875000000004 0.6669166666666666 0.0231875 0.033166666666666664
0 0.48115625 0.7001033333333334 0.0180625 0.03679333333333337
0 0.5214062500000001 0.6673749999999999 0.0176875 0.03375
0 0.34251625 0.662105 0.029092499999999973 0.019623333333333298
0 0.4243125 0.6682499999999999 0.012684999999999945 0.027166666666666665
0 0.5582812500000001 0.6735 0.0238125 0.028
0 0.5676875 0.673 0.021875 0.03166666666666667
0 0.58503125 0.6758333333333333 0.0151875 0.03266666666666666
0 0.3450775 0.6736666666666667 0.031904999999999975 0.025666666666666667
0 0.3505725 0.6818083333333333 0.033375 0.01753666666666671
0 0.4375 0.6800833333333334 0.01575 0.036333333333333336
0 0.42390625000000004 0.6944583333333334 0.0175625 0.03258333333333333
0 0.66309375 0.6763333333333333 0.0130625 0.025
0 0.675875 0.6809583333333333 0.0155 0.030916666666666665
0 0.375 0.6786883333333333 0.019 0.03354333333333337
0 0.4995 0.6773333333333333 0.02725 0.029666666666666668
0 0.618125 0.6783333333333333 0.014 0.027
0 0.6298125 0.6837916666666667 0.018625 0.025083333333333332
0 0.4134375 0.6836466666666667 0.013625 0.038373333333333294
0 0.69075 0.6785 0.01775 0.023333333333333334
0 0.2771675 0.6854066666666667 0.020625 0.03649999999999992
0 0.55125 0.6780416666666667 0.022375 0.02575
0 0.39598500000000003 0.6799566666666667 0.01872000000000003 0.0195
0 0.39361 0.6961666666666667 0.02297000000000003 0.024
0 0.397 0.7006666666666667 0.02625 0.028333333333333332
0 0.46218750000000003 0.6839166666666666 0.02375 0.0285
0 0.447125 0.6843333333333333 0.02 0.022333333333333334
0 0.4411875 0.7152916666666667 0.013625 0.04158333333333333
0 0.312625 0.6886666666666666 0.017 0.029
0 0.652625 0.687625 0.018 0.029083333333333333
0 0.60625 0.6885 0.016 0.023
0 0.7078125 0.6918333333333333 0.027625 0.024
0 0.524875 0.6899166666666667 0.033625 0.027666666666666666
0 0.6935625 0.6924166666666667 0.022375 0.023833333333333335
0 0.49865625 0.69475 0.0205625 0.03216666666666667
0 0.482875 0.724375 0.0165 0.042916666666666665
0 0.72521875 0.7066250000000001 0.0253125 0.021083333333333332
0 0.6945 0.7138333333333333 0.01925 0.026
0 0.679875 0.7435616666666667 0.0155 0.04904333333333337
0 0.29078125 0.6948333333333334 0.03302250000000004 0.023333333333333334
0 0.545125 0.715375 0.0205 0.035083333333333334
0 0.3544575 0.7406583333333333 0.018 0.040316666666666605
0 0.341625 0.7416666666666667 0.013 0.03966666666666667
0 0.4611875 0.7008333333333333 0.02825 0.028666666666666667
0 0.67678125 0.7024583333333334 0.0265625 0.03025
0 0.66975 0.7045416666666666 0.02775 0.03191666666666667
0 0.3739225 0.7041666666666667 0.019595000000000026 0.029333333333333333
0 0.51967375 0.7013916666666666 0.028902499999999973 0.020883333333333365
0 0.61596875 0.702 0.0231875 0.022333333333333334
0 0.61984375 0.7159166666666668 0.0130625 0.0295
0 0.29669875 0.7077350000000001 0.0163125 0.027203333333333374
0 0.34208249999999996 0.7031916666666667 0.020875 0.018410000000000006
0 0.447 0.7007916666666667 0.01325 0.01475
0 0.6028125 0.7106666666666667 0.026625 0.031
0 0.42765625 0.7245416666666666 0.0178125 0.044083333333333335
0 0.41695875 0.7279583333333333 0.016332499999999982 0.04425
0 0.6320625 0.7187916666666666 0.016125 0.03991666666666667
0 0.644375 0.7186666666666667 0.0145 0.036333333333333336
0 0.5649225 0.7144366666666666 0.014904999999999972 0.0338733333333333
0 0.5850787500000001 0.7088749999999999 0.026967499999999974 0.018083333333333333
0 0.66546875 0.713625 0.0281875 0.029083333333333333
0 0.66578125 0.7322916666666667 0.0183125 0.042583333333333334
0 0.47418750000000004 0.7367916666666666 0.024375 0.04758333333333333
0 0.47262499999999996 0.7769166666666667 0.0215 0.06583333333333333
0 0.52253125 0.7192500000000001 0.0209375 0.04016666666666667
0 0.31630125 0.714465 0.0249375 0.025583333333333333
0 0.4025625 0.71757 0.031875 0.02980666666666669
0 0.5014375 0.7159583333333334 0.0225 0.027583333333333335
0 0.380105 0.7238083333333333 0.017375 0.038989999999999934
0 0.53725 0.7221666666666667 0.01625 0.029333333333333333
0 0.526375 0.748125 0.0315 0.029416666666666667
0 0.5391875 0.7653333333333333 0.017875 0.04833333333333333
0 0.5315937500000001 0.772 0.0204375 0.0525
0 0.5083749999999999 0.7800833333333334 0.015 0.0585
0 0.31679125 0.7274349999999999 0.024832499999999983 0.02124333333333334
0 0.29685374999999997 0.738615 0.020957499999999983 0.03843666666666665
0 0.21565125 0.7260116666666667 0.03455250000000001 0.03164333333333328
0 0.22795750000000004 0.730595 0.0275 0.03714333333333328
0 0.64984375 0.7335833333333333 0.0205625 0.04716666666666667
0 0.26569750000000003 0.7306666666666667 0.02735499999999999 0.033666666666666664
0 0.24166624999999997 0.7315466666666668 0.0291875 0.036993333333333336
0 0.5155625 0.7325416666666666 0.013125 0.03275
0 0.37191124999999997 0.7319783333333333 0.02057249999999999 0.03704333333333337
0 0.373 0.7653333333333333 0.01975 0.04633333333333333
0 0.39477625 0.7419499999999999 0.02796749999999997 0.05057333333333342
0 0.39837500000000003 0.7502083333333334 0.023 0.04475
0 0.6964375 0.7389166666666667 0.024375 0.03783333333333333
0 0.7095 0.7441666666666666 0.022125 0.04066666666666666
0 0.27898375 0.7370099999999999 0.01844749999999999 0.031646666666666684
0 0.7274999999999999 0.7455 0.02375 0.042
0 0.24753624999999999 0.7425 0.02082249999999999 0.03133333333333333
0 0.32664624999999997 0.74767 0.01795749999999998 0.039673333333333324
0 0.62825 0.7441666666666666 0.03175 0.032
0 0.552265 0.73827 0.022279999999999973 0.019539999999999964
0 0.56967125 0.73346 0.013967499999999973 0.011
0 0.55475 0.7633749999999999 0.01525 0.05241666666666667
0 0.56315625 0.7835416666666667 0.0179375 0.04791666666666667
0 0.60725 0.7470833333333333 0.026 0.035833333333333335
0 0.74125 0.7476666666666667 0.02525 0.036333333333333336
0 0.312395 0.7442233333333333 0.022625 0.027326666666666673
0 0.5843275 0.7633133333333334 0.029595000000000028 0.05303999999999996
0 0.4334375 0.7537499999999999 0.018875 0.03716666666666667
0 0.7685000000000001 0.7525000000000001 0.02425 0.035333333333333335
0 0.45749999999999996 0.7613333333333333 0.0185 0.057
0 0.56965625 0.7615416666666667 0.0226875 0.04791666666666667
0 0.35074 0.7679933333333333 0.02473000000000002 0.04432000000000001
0 0.42596874999999995 0.7775000000000001 0.0183125 0.056
0 0.40618750000000003 0.7700833333333333 0.022 0.04516666666666667
0 0.44137499999999996 0.7783333333333333 0.0175 0.04566666666666667
0 0.49378125 0.7789166666666666 0.0156875 0.04683333333333333
0 0.5876250000000001 0.7863333333333333 0.0175 0.051666666666666666
0 0.638 0.7750833333333333 0.01775 0.0305
0 0.52590625 0.7904583333333334 0.0244375 0.05875
0 0.6185 0.7723333333333333 0.02425 0.021
0 0.3249475 0.7763333333333333 0.037375 0.027666666666666666
0 0.606375 0.7871666666666667 0.0165 0.046
0 0.3566975 0.7853333333333333 0.020644999999999983 0.04766666666666667
0 0.4500625 0.7921666666666667 0.017875 0.052
0 0.39 0.7928333333333333 0.01825 0.051333333333333335
0 0.48259375 0.80023 0.0254375 0.06120666666666663
0 0.466125 0.8282499999999999 0.0325 0.027166666666666665
0 0.619625 0.799 0.027 0.04766666666666667
0 0.18837500000000001 0.8008333333333334 0.021 0.04
0 0.5193125 0.8093333333333333 0.023375 0.06066666666666667
0 0.40960375 0.7993333333333333 0.025542500000000017 0.029666666666666668
0 0.376 0.8098333333333334 0.02125 0.048
0 0.7715 0.8206666666666667 0.02525 0.057
0 0.6591250000000001 0.8194583333333334 0.017125 0.04858333333333333
0 0.6413749999999999 0.8275 0.023 0.062
0 0.678625 0.8331666666666667 0.0215 0.054
0 0.496375 0.8408333333333333 0.035 0.06266666666666666
0 0.35035374999999996 0.827195 0.03695749999999998 0.027390000000000025
0 0.35295875 0.8601416666666667 0.022167500000000017 0.06338333333333336
0 0.7617499999999999 0.9760833333333333 0.043 0.051166666666666666
0 0.81675 0.9859166666666667 0.03175 0.028166666666666666
0 0.20202124999999999 0.986395 0.02729249999999999 0.027123333333333298
0 0.27245875 0.9888950000000001 0.023832499999999982 0.021123333333333296
0 0.25751999999999997 0.7179500000000001 0.02999999999999997 0.025160000000000005
0 0.28712000000000004 0.7262683333333334 0.021404999999999973 0.0336566666666666
0 0.34441625000000003 0.718055 0.0245625 0.01886999999999989
0 0.34544749999999996 0.69545 0.04075 0.01782666666666667
0 0.36202625000000005 0.7042433333333332 0.018967499999999974 0.03582666666666667
0 0.32645749999999996 0.7025716666666666 0.020875 0.0411566666666666
0 0.4916875 0.74 0.0145 0.05
0 0.45890625 0.7193333333333333 0.0280625 0.041166666666666664
0 0.50296875 0.7399583333333333 0.0171875 0.04841666666666666
0 0.448625 0.7349166666666667 0.0125 0.04066666666666666
0 0.55096875 0.7115833333333333 0.0198125 0.036333333333333336
0 0.5542812500000001 0.699 0.0245625 0.030833333333333334
0 0.5785625 0.71975 0.023125 0.025
0 0.60021875 0.7286666666666667 0.0298125 0.02666666666666667
0 0.58465625 0.73725 0.0213125 0.0125
0 0.5950937500000001 0.7525000000000001 0.0213125 0.025333333333333333
0 0.575125 0.6946666666666667 0.02975 0.016166666666666666
0 0.5950625 0.682875 0.017625 0.028583333333333332
0 0.6008125000000001 0.6685 0.02025 0.0235
0 0.6343749999999999 0.6975416666666667 0.017375 0.018416666666666668
0 0.6396875 0.6985416666666666 0.00725 0.015083333333333334
0 0.70603125 0.7120416666666666 0.0176875 0.023916666666666666
0 0.72503125 0.6942083333333333 0.0224375 0.027916666666666666
0 0.74865625 0.7145833333333333 0.0224375 0.03816666666666667
0 0.7554375000000001 0.7109166666666666 0.02825 0.038
0 0.7249375 0.7234166666666667 0.022125 0.015166666666666667
0 0.747625 0.73675 0.02775 0.0435
0 0.4375 0.5747083333333334 0.01175 0.012416666666666666
0 0.4038125 0.5444583333333334 0.018375 0.018916666666666665
0 0.42803125 0.5504166666666667 0.0093125 0.017833333333333333
0 0.4500625 0.5642916666666666 0.03925 0.01525
0 0.52434375 0.5426666666666667 0.0271875 0.0155
0 0.5124375 0.5659583333333333 0.02675 0.023083333333333334
0 0.52178125 0.55225 0.0239375 0.008
0 0.5417812500000001 0.562625 0.0164375 0.01875
0 0.5578437500000001 0.542875 0.0164375 0.01625
0 0.553875 0.5657500000000001 0.0125 0.03333333333333333
0 0.5611250000000001 0.5638333333333334 0.008625 0.0295
0 0.56784375 0.5395 0.0128125 0.0155
0 0.5763125 0.5318750000000001 0.02225 0.01825
0 0.58421875 0.5528333333333333 0.0218125 0.030666666666666665
0 0.57753125 0.5562499999999999 0.0156875 0.029166666666666667
0 0.5910625 0.5414583333333333 0.017125 0.018083333333333333
0 0.60523375 0.5439999999999999 0.010157500000000028 0.0165
