0 0.5420321637426901 0.4805372807017544 0.010782163742690058 0.012883771929824562
0 0.5499817251461989 0.4864309210526315 0.01023391812865497 0.013706140350877192
0 0.5597587719298246 0.49054276315789475 0.007858187134502924 0.01699561403508772
0 0.5529970760233919 0.48999451754385964 0.008954678362573099 0.014802631578947368
0 0.5865542763157895 0.49040570175438597 0.01320358187134503 0.015076754385964912
0 0.583264802631579 0.49455180921052627 0.009457236842105263 0.017749451754385966
0 0.5653326023391813 0.4923245614035088 0.007309941520467836 0.01836622807017544
0 0.5717288011695906 0.49300986842105265 0.005847953216374269 0.015899122807017545
0 0.5794042397660819 0.49770422149122806 0.008406432748538011 0.021998355263157895
0 0.7351973684210527 0.4986293859649123 0.008954678362573099 0.016721491228070175
0 0.6232638888888888 0.4994517543859649 0.014985380116959063 0.014528508771929825
0 0.7338834064327485 0.5110677083333333 0.013775584795321658 0.017064144736842105
0 0.7441748903508772 0.5115816885964912 0.01631030701754386 0.009731359649122808
0 0.6810233918128654 0.5050712719298246 0.013135964912280721 0.015350877192982455
0 0.5514437134502924 0.5032894736842105 0.016812865497076022 0.009594298245614035
0 0.570906432748538 0.5069901315789473 0.012975146198830409 0.015350877192982455
0 0.6937134502923976 0.5049342105263157 0.004934210526315789 0.011787280701754386
0 0.6974597953216374 0.510279605263158 0.006944444444444444 0.01699561403508772
0 0.7486293859649124 0.5043516995614035 0.017543859649122806 0.00952576754385965
0 0.724483735380117 0.5081716008771929 0.008360745614035088 0.01661732456140348
0 0.71781341374269 0.5073327850877193 0.008908991228070175 0.014391447368421052
0 0.558296783625731 0.5082236842105263 0.01663011695906433 0.011239035087719298
0 0.5985014619883041 0.5111019736842105 0.010782163742690058 0.017543859649122806
0 0.6895330774853801 0.5132606907894737 0.007447002923976608 0.02021655701754386
0 0.7040387426900585 0.5146655701754386 0.006944444444444444 0.022478070175438597
0 0.6076160453216375 0.5130208333333334 0.01091922514619883 0.017543859649122806
0 0.6835709064327485 0.5109649122807017 0.006578947368421052 0.012335526315789474
0 0.7597542032163742 0.5115816885964912 0.014665570175438597 0.012472587719298246
0 0.7094298245614035 0.5172697368421052 0.006030701754385965 0.02055921052631579
0 0.6190149853801169 0.5163103070175439 0.012335526315789474 0.015350877192982455
0 0.6339775219298246 0.5197368421052632 0.009000365497076024 0.022478070175438597
0 0.6526635599415205 0.5166186951754386 0.012838084795321638 0.01651589912280702
0 0.7153691520467835 0.5183662280701755 0.004751461988304093 0.017269736842105265
0 0.7213998538011697 0.5217927631578947 0.01023391812865497 0.013706140350877192
0 0.6804641812865497 0.5187774122807017 0.015350877192982455 0.013706140350877192
0 0.7455226608187134 0.5216392543859649 0.007675438596491228 0.018399122807017512
0 0.7631012426900585 0.5174410635964912 0.015281432748537991 0.009388706140350877
0 0.26836622807017546 0.5223410087719298 0.01206140350877193 0.01644736842105263
0 0.2743055555555555 0.525219298245614 0.014071637426900584 0.01343201754385965
0 0.6452165570175439 0.5230605811403509 0.013934576023391813 0.019257127192982455
0 0.7277046783625731 0.5213815789473684 0.008954678362573099 0.012883771929824562
0 0.6987390350877193 0.5262129934210527 0.006578947368421052 0.019257127192982455
0 0.7528326023391813 0.5241228070175439 0.00804093567251462 0.014528508771929825
0 0.758452119883041 0.5265899122807017 0.01069078947368421 0.016721491228070175
0 0.7582693713450293 0.5433799342105263 0.007174707602339221 0.02617872807017544
0 0.7376644736842106 0.526436403508772 0.010599415204678362 0.019221491228070146
0 0.6722861842105263 0.5275150767543859 0.01653874269005848 0.018023574561403508
0 0.23702485380116958 0.5272752192982456 0.012975146198830409 0.01699561403508772
0 0.7341008771929824 0.5300164473684211 0.008589181286549707 0.018092105263157895
0 0.7669956140350876 0.5263157894736842 0.014437134502923976 0.009594298245614035
0 0.7038559941520468 0.5346765350877193 0.010964912280701754 0.020285087719298246
0 0.6578033625730995 0.5350877192982456 0.01023391812865497 0.016721491228070175
0 0.6684027777777778 0.5360814144736842 0.01023391812865497 0.018571820175438597
0 0.7251461988304093 0.5349506578947368 0.008223684210526315 0.015899122807017545
0 0.7105948464912281 0.5376918859649122 0.016127558479532164 0.020285087719298246
0 0.7171966374269007 0.537280701754386 0.010964912280701754 0.01617324561403509
0 0.7464364035087719 0.536595394736842 0.012426900584795321 0.01425438596491228
0 0.7671783625730993 0.5376918859649124 0.011878654970760233 0.011513157894736841
0 0.7521472953216374 0.5421463815789475 0.007766812865497076 0.01850328947368421
0 0.811329495614035 0.548545778508772 0.00844115497076016 0.025545504385964927
0 0.6403051900584795 0.5473204495614036 0.009959795321637427 0.021998355263157895
0 0.40460526315789475 0.5478344298245614 0.007492690058479532 0.01864035087719298
0 0.7248720760233918 0.5463267543859649 0.015350877192982455 0.014528508771929825
0 0.41246345029239767 0.5487938596491229 0.01114766081871345 0.019462719298245616
0 0.7341922514619883 0.5471491228070176 0.011330409356725146 0.014528508771929825
0 0.45952119883040937 0.5476973684210525 0.012792397660818713 0.012335526315789474
0 0.3520650584795322 0.5520833333333333 0.011330409356725146 0.02055921052631579
0 0.7700109649122807 0.5486910635964912 0.017178362573099414 0.013774671052631578
0 0.4718567251461988 0.5485197368421052 0.01516812865497076 0.012335526315789474
0 0.49077119883040937 0.5527686403508771 0.009502923976608187 0.020285087719298246
0 0.5161732456140351 0.5519462719298246 0.008406432748538011 0.01864035087719298
0 0.7468019005847952 0.5515350877192983 0.012792397660818713 0.01836622807017544
0 0.8182565789473684 0.5509868421052632 0.005847953216374269 0.016721491228070175
0 0.5746299342105263 0.5522203947368421 0.010553728070175438 0.017543859649122806
0 0.602156432748538 0.5493421052631579 0.007858187134502924 0.011787280701754386
0 0.7802905701754386 0.5494449013157895 0.01745248538011696 0.014734100877192983
0 0.3435672514619883 0.5550986842105263 0.010051169590643274 0.022203947368421052
0 0.7156432748538012 0.5535910087719298 0.015899122807017545 0.01699561403508772
0 0.42333698830409355 0.5555098684210527 0.01023391812865497 0.018092105263157895
0 0.4144736842105263 0.5634594298245614 0.006761695906432748 0.015350877192982455
0 0.6177585891812866 0.5544476425438596 0.007264254385964912 0.01651589912280702
0 0.37993421052631576 0.5544133771929824 0.010416666666666666 0.013157894736842105
0 0.6648391812865497 0.5578399122807018 0.010416666666666666 0.019462719298245616
0 0.3709795321637427 0.557702850877193 0.008954678362573099 0.01699561403508772
0 0.5887244152046783 0.5592105263157894 0.007675438596491228 0.02055921052631579
0 0.6734283625730995 0.5579769736842105 0.00712719298245614 0.017543859649122806
0 0.3585526315789474 0.5566063596491228 0.012975146198830409 0.01425438596491228
0 0.3930921052631579 0.5553728070175438 0.015899122807017545 0.011787280701754386
0 0.5101425438596491 0.5571546052631579 0.006944444444444444 0.014802631578947368
0 0.4649122807017544 0.559484649122807 0.014071637426900584 0.01836622807017544
0 0.6536001461988304 0.5571546052631579 0.008315058479532164 0.013706140350877192
0 0.28024488304093564 0.5598958333333334 0.010599415204678362 0.018092105263157895
0 0.30491593567251457 0.5611293859649122 0.009868421052631578 0.0200109649122807
0 0.5664290935672515 0.5600328947368421 0.007675438596491228 0.018914473684210526
0 0.6245431286549707 0.5605811403508771 0.008680555555555556 0.022478070175438597
0 0.6319444444444444 0.5608552631578948 0.008589181286549707 0.019462719298245616
0 0.6864035087719299 0.561266447368421 0.010782163742690058 0.020285087719298246
0 0.1840277777777778 0.5603070175438597 0.006030701754385965 0.016721491228070175
0 0.2745796783625731 0.5583881578947368 0.01023391812865497 0.012883771929824562
0 0.3119517543859649 0.5609923245614036 0.008589181286549707 0.018092105263157895
0 0.4936951754385965 0.5634594298245614 0.010599415204678362 0.022478070175438597
0 0.44956140350877194 0.5625 0.006761695906432748 0.019462719298245616
0 0.19195449561403508 0.5620559210526317 0.009548611111111112 0.01836622807017544
0 0.6386147660818713 0.561266447368421 0.005482456140350877 0.015899122807017545
0 0.2062545687134503 0.5644873903508771 0.00872624269005848 0.021792763157894735
0 0.29733187134502925 0.5622258771929824 0.010782163742690058 0.016721491228070175
0 0.2900219298245614 0.5642817982456141 0.010416666666666666 0.01918859649122807
0 0.5263157894736842 0.5640076754385965 0.00712719298245614 0.01918859649122807
0 0.19992690058479531 0.5644873903508771 0.00712719298245614 0.01987390350877193
0 0.32227704678362573 0.5648300438596492 0.007675438596491228 0.01699561403508772
0 0.5338084795321637 0.5660635964912281 0.006761695906432748 0.0200109649122807
0 0.48291301169590645 0.5664747807017544 0.007675438596491228 0.01918859649122807
0 0.38103070175438597 0.5662006578947368 0.006761695906432748 0.017543859649122806
0 0.3979349415204678 0.5618146929824561 0.015350877192982455 0.008771929824561403
0 0.46975511695906436 0.5663377192982456 0.009502923976608187 0.01836622807017544
0 0.5196454678362573 0.5675712719298245 0.007675438596491228 0.020285087719298246
0 0.7161001461988303 0.5674342105263158 0.01206140350877193 0.019462719298245616
0 0.2624269005847953 0.5644188596491228 0.006030701754385965 0.01343201754385965
0 0.4247989766081871 0.5670230263157895 0.007309941520467836 0.01864035087719298
0 0.41739766081871343 0.5774396929824561 0.008589181286549707 0.009868421052631578
0 0.5416666666666666 0.5696271929824561 0.007492690058479532 0.023300438596491228
0 0.646655701754386 0.5675712719298246 0.009502923976608187 0.01918859649122807
0 0.1691794590643275 0.5683415570175439 0.01069078947368421 0.019841008771929854
0 0.17712902046783624 0.5695929276315789 0.00941154970760234 0.023643092105263157
0 0.5844417032163743 0.5677083333333334 0.011262792397660839 0.01864035087719298
0 0.3274853801169591 0.5686677631578948 0.008589181286549707 0.01918859649122807
0 0.3369883040935672 0.5663377192982456 0.010051169590643274 0.015076754385964912
0 0.4982638888888889 0.5688048245614035 0.009137426900584795 0.0200109649122807
0 0.5734649122807017 0.5699013157894737 0.00932017543859649 0.021107456140350877
0 0.2276361476608187 0.5713747258771931 0.010736476608187134 0.021998355263157895
0 0.21875 0.5750753837719298 0.011878654970760233 0.021175986842105265
0 0.5044773391812866 0.5682565789473685 0.008771929824561403 0.01617324561403509
0 0.7002010233918129 0.5688048245614036 0.010599415204678362 0.016721491228070175
0 0.6932565789473685 0.5640076754385965 0.011330409356725146 0.00712719298245614
0 0.2394919590643275 0.5691474780701755 0.007675438596491228 0.017543859649122806
0 0.23199926900584794 0.5831962719298246 0.010964912280701754 0.015899122807017545
0 0.4553179824561403 0.5707236842105263 0.0062134502923976605 0.018914473684210526
0 0.5984100877192983 0.5708607456140351 0.007309941520467836 0.01918859649122807
0 0.36449195906432746 0.5675712719298245 0.007675438596491228 0.01206140350877193
0 0.3734466374269006 0.5696271929824561 0.008406432748538011 0.015625
0 0.39117324561403505 0.567297149122807 0.014619883040935672 0.010416666666666666
0 0.3862390350877193 0.5759320175438597 0.015716374269005847 0.009594298245614035
0 0.37426900584795325 0.5852521929824561 0.008589181286549707 0.02055921052631579
0 0.429093567251462 0.5701754385964912 0.00932017543859649 0.01617324561403509
0 0.25619060672514615 0.5720257675438596 0.0100968567251462 0.020833333333333332
0 0.31222587719298245 0.5726425438596492 0.010964912280701754 0.01836622807017544
0 0.35599415204678364 0.5689418859649124 0.00932017543859649 0.010964912280701754
0 0.5494334795321638 0.5742872807017544 0.009502923976608187 0.021107456140350877
0 0.6640168128654971 0.5741502192982456 0.008771929824561403 0.020285087719298246
0 0.7389437134502924 0.5757949561403508 0.008771929824561403 0.022478070175438597
0 0.43530701754385964 0.5749725877192982 0.006396198830409356 0.019736842105263157
0 0.4310124269005848 0.5801809210526315 0.0043859649122807015 0.012609649122807017
0 0.27083333333333337 0.5730194627192983 0.00932017543859649 0.017612390350877194
0 0.24924616228070176 0.5959265350877193 0.015579312865497076 0.009078947368421023
0 0.28081597222222227 0.5738760964912281 0.009457236842105263 0.01644736842105263
0 0.7103207236842105 0.5754865679824561 0.006350511695906433 0.02021655701754386
0 0.4465460526315789 0.5762061403508771 0.006944444444444444 0.0200109649122807
0 0.6194033260233918 0.5767886513157895 0.01320358187134503 0.02158717105263158
0 0.2303545321637427 0.5764967105263158 0.010964912280701754 0.01949561403508769
0 0.34466374269005845 0.5759320175438597 0.00712719298245614 0.01836622807017544
0 0.34612573099415206 0.5963541666666666 0.012975146198830409 0.023026315789473683
0 0.40917397660818716 0.5737390350877193 0.00932017543859649 0.013980263157894737
0 0.6897843567251463 0.5746984649122807 0.010964912280701754 0.015899122807017545
0 0.565218384502924 0.5787075109649124 0.01000548245614035 0.02172423245614035
0 0.591922514619883 0.5759320175438597 0.006396198830409356 0.01781798245614035
0 0.3503289473684211 0.5762061403508772 0.005665204678362573 0.016721491228070175
0 0.18811677631578946 0.5753495065789475 0.007629751461988304 0.01459703947368421
0 0.4407894736842105 0.5736019736842105 0.004568713450292397 0.010416666666666666
0 0.44289108187134507 0.5862116228070176 0.009137426900584795 0.015350877192982455
0 0.1369700292397661 0.5791186951754387 0.01206140350877193 0.022820723684210526
0 0.29650950292397665 0.5779879385964912 0.009137426900584795 0.017543859649122806
0 0.303453947368421 0.5766173245614035 0.01023391812865497 0.014802631578947368
0 0.6316703216374269 0.5744243421052632 0.013157894736842105 0.009868421052631578
0 0.6721491228070176 0.5803179824561403 0.009685672514619883 0.021655701754385966
0 0.8432017543859649 0.5777138157894737 0.015899122807017545 0.01644736842105263
0 0.14948830409356725 0.5771491228070176 0.014071637426900584 0.014221491228070206
0 0.1810124269005848 0.5794106359649123 0.009502923976608187 0.018536184210526285
0 0.3269024122807017 0.5843270285087719 0.018161549707602358 0.029125548245614034
0 0.6381578947368421 0.5782620614035088 0.010416666666666666 0.015899122807017545
0 0.2623812134502924 0.576685855263158 0.01343201754385965 0.011101973684210526
0 0.4607090643274854 0.5796326754385965 0.00712719298245614 0.017543859649122806
0 0.4685672514619883 0.5820997807017544 0.00932017543859649 0.012609649122807017
0 0.515625 0.580592105263158 0.006578947368421052 0.018914473684210526
0 0.8135508040935672 0.5847724780701754 0.013249269005847953 0.0278234649122807
0 0.8591922514619883 0.5826480263157895 0.010599415204678362 0.023574561403508772
0 0.6092150950292398 0.5808059210526316 0.015031067251461989 0.022050438596491244
0 0.24073647660818712 0.581998355263158 0.010529970760233898 0.019325657894736843
0 0.7052266081871346 0.5833333333333334 0.008223684210526315 0.02275219298245614
0 0.7322733918128654 0.5802151864035088 0.006396198830409356 0.018023574561403508
0 0.40542763157894735 0.578673245614035 0.00804093567251462 0.012335526315789474
0 0.5380116959064327 0.5826480263157894 0.008954678362573099 0.020285087719298246
0 0.746984649122807 0.5814144736842105 0.007675438596491228 0.016721491228070175
0 0.7657163742690059 0.5833333333333333 0.007492690058479532 0.02055921052631579
0 0.31578947368421056 0.5804550438596491 0.00932017543859649 0.013157894736842105
0 0.4857456140350877 0.5819627192982456 0.008589181286549707 0.016721491228070175
0 0.6483918128654971 0.5801809210526315 0.010416666666666666 0.012609649122807017
0 0.3371710526315789 0.5819627192982456 0.006396198830409356 0.015625
0 0.3659539473684211 0.5801809210526316 0.011695906432748537 0.010416666666666666
0 0.6596308479532164 0.5836074561403509 0.01425438596491228 0.01836622807017544
0 0.6811038011695907 0.5816885964912281 0.008954678362573099 0.015076754385964912
0 0.680281432748538 0.5904605263157894 0.011330409356725146 0.0200109649122807
0 0.8897569444444444 0.5837445175438597 0.01663011695906433 0.01918859649122807
0 0.15601059941520468 0.583264802631579 0.012130847953216374 0.017955043859649123
0 0.19295413011695908 0.5834100877192983 0.014380482456140362 0.01752741228070177
0 0.39519371345029236 0.5782620614035088 0.009868421052631578 0.006578947368421052
0 0.4777046783625731 0.5822368421052632 0.00712719298245614 0.014528508771929825
0 0.5231176900584795 0.5831962719298246 0.011695906432748537 0.01699561403508772
0 0.5772112573099415 0.5845668859649122 0.008771929824561403 0.019736842105263157
0 0.7244042397660818 0.587890625 0.011900584795321618 0.025836074561403508
0 0.29002192982456143 0.5831962719298246 0.007858187134502924 0.015899122807017545
0 0.31871345029239767 0.5840186403508772 0.011513157894736841 0.01644736842105263
0 0.787920321637427 0.5849780701754387 0.011330409356725146 0.019462719298245616
0 0.16392543859649122 0.5858004385964912 0.007858187134502924 0.0200109649122807
0 0.9127604166666666 0.5865885416666666 0.013569078947368422 0.019942434210526317
0 0.5028326023391813 0.582922149122807 0.009502923976608187 0.011513157894736841
0 0.7596856725146199 0.587719298245614 0.007858187134502924 0.021655701754385966
0 0.8697916666666667 0.5869654605263157 0.010599415204678362 0.020970394736842105
0 0.12653051900584797 0.5872395833333333 0.010645102339181287 0.021518640350877194
0 0.35855263157894735 0.5851151315789473 0.01114766081871345 0.014802631578947368
0 0.35699926900584794 0.5942982456140351 0.00804093567251462 0.019462719298245616
0 0.8255665204678363 0.5864857456140351 0.009137426900584795 0.018092105263157895
0 0.4215095029239766 0.5822368421052632 0.006944444444444444 0.007401315789473684
0 0.1720577485380117 0.5866228070175439 0.00804093567251462 0.015625
0 0.40122441520467833 0.5849780701754386 0.005847953216374269 0.012335526315789474
0 0.4533077485380117 0.5901864035087719 0.008771929824561403 0.023300438596491228
0 0.6446454678362573 0.5862116228070176 0.010599415204678362 0.014802631578947368
0 0.7798793859649122 0.5885416666666666 0.006578947368421052 0.0200109649122807
0 0.38898026315789475 0.5885416666666667 0.01644736842105263 0.01836622807017544
0 0.6904239766081871 0.5879934210526316 0.008223684210526315 0.01781798245614035
0 0.6067251461988303 0.5899122807017544 0.0133406432748538 0.019462719298245616
0 0.6954495614035088 0.5912828947368421 0.014619883040935672 0.02275219298245614
0 0.7501827485380117 0.5878220942982456 0.010416666666666666 0.01596765350877193
0 0.8547149122807017 0.5917626096491229 0.008589181286549707 0.0234375
0 0.1116593567251462 0.5897752192982456 0.008954678362573099 0.01918859649122807
0 0.27010233918128657 0.5878563596491229 0.0133406432748538 0.00932017543859649
0 0.37719298245614036 0.5911458333333333 0.011878654970760233 0.019736842105263157
0 0.42507309941520466 0.5890899122807017 0.010051169590643274 0.016721491228070175
0 0.42772295321637427 0.5944353070175439 0.012426900584795321 0.014802631578947368
0 0.5550073099415205 0.5901864035087719 0.007492690058479532 0.02823464912280702
0 0.5488852339181286 0.5971765350877193 0.012426900584795321 0.019736842105263157
0 0.5928362573099416 0.5916940789473684 0.010782163742690058 0.02138157894736842
0 0.6309393274853802 0.5896381578947368 0.00804093567251462 0.017269736842105265
0 0.5647843567251463 0.5882675438596491 0.011695906432748537 0.013980263157894737
0 0.3074744152046784 0.5898944627192982 0.009137426900584795 0.016071820175438626
0 0.3019809941520468 0.5923793859649122 0.005460526315789494 0.01987390350877193
0 0.5842470760233918 0.5929276315789473 0.007492690058479532 0.021655701754385966
0 0.7973318713450293 0.5929276315789473 0.007858187134502924 0.021655701754385966
0 0.3293695175438596 0.594280427631579 0.011991959064327465 0.023747258771929854
0 0.3364400584795322 0.5948464912280702 0.016264619883040937 0.009046052631578948
0 0.3364400584795321 0.6008771929824561 0.013706140350877192 0.009046052631578948
0 0.3285361842105263 0.6128015350877193 0.008315058479532164 0.022478070175438597
0 0.4100877192982456 0.5904605263157895 0.005665204678362573 0.01617324561403509
0 0.20202850877192982 0.5873930921052631 0.01831871345029236 0.008393640350877163
0 0.4167580409356725 0.5921052631578948 0.0062134502923976605 0.01781798245614035
0 0.805281432748538 0.5945723684210527 0.00804093567251462 0.02275219298245614
0 0.837171052631579 0.5929276315789475 0.008589181286549707 0.019462719298245616
0 0.18135508040935672 0.5891927083333333 0.015670687134502925 0.01651589912280702
0 0.7737573099415205 0.5938870614035088 0.00932017543859649 0.020833333333333332
0 0.8460343567251462 0.5945723684210527 0.00804093567251462 0.021655701754385966
0 0.7114857456140351 0.5912143640350878 0.013797514619883041 0.01918859649122807
0 0.7085270467836257 0.6036019736842105 0.013684210526315809 0.0145614035087719
0 0.7004751461988304 0.611156798245614 0.015533625730994151 0.014802631578947368
0 0.7063230994152047 0.6095120614035088 0.016264619883040937 0.011513157894736841
0 0.49077119883040937 0.5938870614035088 0.006944444444444444 0.01864035087719298
0 0.5099597953216374 0.5933388157894737 0.007309941520467836 0.01699561403508772
0 0.36540570175438597 0.5948464912280702 0.00804093567251462 0.018914473684210526
0 0.36330409356725146 0.6122532894736842 0.010051169590643274 0.020833333333333332
0 0.3574561403508772 0.6318530701754386 0.01516812865497076 0.02055921052631579
0 0.496984649122807 0.5945723684210527 0.0062134502923976605 0.018914473684210526
0 0.5320723684210527 0.5936129385964912 0.011695906432748537 0.01699561403508772
0 0.14316063596491227 0.6054851973684211 0.01091922514619883 0.02230811403508775
0 0.13450292397660818 0.6092379385964912 0.006030701754385965 0.015350877192982455
0 0.1366045321637427 0.6226699561403509 0.008771929824561403 0.015899122807017545
0 0.1583516081871345 0.5910087719298246 0.005482456140350877 0.01069078947368421
0 0.405062134502924 0.592516447368421 0.0043859649122807015 0.013157894736842105
0 0.10259046052631579 0.5956688596491229 0.010827850877192983 0.01644736842105263
0 0.29716008771929825 0.5936650219298246 0.00564327485380119 0.018536184210526285
0 0.4376827485380117 0.5927905701754386 0.006396198830409356 0.012609649122807017
0 0.6513157894736842 0.5940241228070176 0.012244152046783625 0.015625
0 0.6235380116959064 0.5947094298245614 0.014802631578947368 0.014802631578947368
0 0.6240862573099416 0.6021107456140351 0.011513157894736841 0.008223684210526315
0 0.7841739766081871 0.5963541666666667 0.008223684210526315 0.017543859649122806
0 0.39427997076023397 0.5956688596491229 0.005482456140350877 0.009594298245614035
0 0.46756213450292394 0.5916940789473684 0.013888888888888888 0.00712719298245614
0 0.7414108187134503 0.5979303728070174 0.006396198830409356 0.019599780701754384
0 0.27266081871345027 0.5950520833333333 0.006717836257309981 0.013086622807017483
0 0.503015350877193 0.5978618421052632 0.0062134502923976605 0.017269736842105265
0 0.6044407894736842 0.5966282894736842 0.007675438596491228 0.015350877192982455
0 0.7327074195906433 0.6004660087719298 0.010553728070175438 0.022478070175438597
0 0.2094983552631579 0.5940405701754385 0.014665570175438597 0.009078947368421023
0 0.5238486842105263 0.5974506578947368 0.0062134502923976605 0.015899122807017545
0 0.5958516081871345 0.596765350877193 0.00804093567251462 0.014528508771929825
0 0.08835891812865498 0.5974506578947368 0.007309941520467836 0.013706140350877192
0 0.08251096491228072 0.6149945175438596 0.007309941520467836 0.02138157894736842
0 0.19397569444444446 0.5948286732456141 0.017658991228070176 0.009421600877192952
0 0.48163377192982454 0.5941611842105263 0.01023391812865497 0.007675438596491228
0 0.6599963450292398 0.5974506578947368 0.007309941520467836 0.01425438596491228
0 0.6550621345029239 0.5964912280701755 0.006944444444444444 0.011239035087719298
0 0.23186860380116958 0.59765625 0.012757675438596482 0.012538377192982396
0 0.15213815789473686 0.6008771929824562 0.008406432748538011 0.01836622807017544
0 0.08187134502923976 0.5988212719298245 0.005665204678362573 0.012609649122807017
0 0.1181469298245614 0.5986842105263157 0.007309941520467836 0.012883771929824562
0 0.11248172514619884 0.6027960526315789 0.0043859649122807015 0.011787280701754386
0 0.2927174707602339 0.6027275219298245 0.009868421052631578 0.02069627192982456
0 0.3972953216374269 0.6040296052631579 0.012244152046783625 0.022478070175438597
0 0.46463815789473684 0.5982730263157895 0.012792397660818713 0.011513157894736841
0 0.7510508040935673 0.5984100877192982 0.015442251461988304 0.012883771929824562
0 0.1652046783625731 0.6010142543859649 0.007858187134502924 0.015899122807017545
0 0.2617872807017544 0.6001918859649122 0.014619883040935672 0.01425438596491228
0 0.2660818713450292 0.6027960526315789 0.006396198830409356 0.011787280701754386
0 0.2622441520467836 0.6114309210526316 0.010416666666666666 0.015899122807017545
0 0.2542150950292398 0.6150959429824562 0.007242324561403528 0.016858552631578948
0 0.2578810307017544 0.6277069627192983 0.010279605263157895 0.019394188596491228
0 0.2767955043859649 0.6030701754385965 0.0069901315789473685 0.02275219298245614
0 0.3186220760233918 0.5986842105263158 0.009137426900584795 0.011239035087719298
0 0.09480080409356724 0.5993352521929824 0.008406432748538011 0.011170504385964912
0 0.387609649122807 0.6036184210526315 0.006761695906432748 0.0200109649122807
0 0.38084795321637427 0.6058114035087719 0.007492690058479532 0.019462719298245616
0 0.4732273391812865 0.6025219298245614 0.0062134502923976605 0.017269736842105265
0 0.665844298245614 0.6011513157894737 0.013157894736842105 0.013980263157894737
0 0.307235014619883 0.6033442982456141 0.013271198830409336 0.017269736842105265
0 0.7679093567251462 0.6049890350877193 0.006761695906432748 0.02055921052631579
0 0.06286549707602339 0.5990953947368421 0.014802631578947368 0.007675438596491228
0 0.1816173245614035 0.5997478070175439 0.015098684210526295 0.010142543859649123
0 0.17395376461988304 0.6080043859649122 0.005985014619883041 0.01617324561403509
0 0.1685169956140351 0.6118421052631579 0.006167763157894737 0.013157894736842105
0 0.3516995614035087 0.6062225877192983 0.009868421052631578 0.021929824561403508
0 0.4473684210526316 0.6025219298245614 0.011513157894736841 0.015076754385964912
0 0.44435307017543857 0.6097861842105263 0.006578947368421052 0.021929824561403508
0 0.5645102339181287 0.602796052631579 0.015899122807017545 0.015076754385964912
0 0.5753837719298246 0.6048519736842106 0.00804093567251462 0.01918859649122807
0 0.13272112573099415 0.6018530701754387 0.010142543859649123 0.014221491228070206
0 0.16577576754385964 0.6055194627192982 0.015122441520467836 0.022102521929824592
0 0.24672149122807016 0.6009978070175439 0.01665204678362571 0.009901315789473654
0 0.7888340643274854 0.6051260964912281 0.009137426900584795 0.018092105263157895
0 0.7956871345029239 0.6132127192982456 0.008589181286549707 0.016721491228070175
0 0.7861842105263158 0.6197916666666666 0.010782163742690058 0.016721491228070175
0 0.07255116959064327 0.6008771929824561 0.012609649122807017 0.009594298245614035
0 0.15771198830409358 0.6058114035087719 0.008589181286549707 0.018914473684210526
0 0.21445540935672514 0.6007058662280701 0.015350877192982455 0.009251644736842105
0 0.20339912280701755 0.6114309210526316 0.008223684210526315 0.01918859649122807
0 0.4330226608187135 0.6054002192982456 0.004751461988304093 0.01864035087719298
0 0.43777412280701755 0.609375 0.005847953216374269 0.021107456140350877
0 0.5324378654970761 0.6026589912280701 0.015716374269005847 0.013157894736842105
0 0.7186586257309941 0.6048519736842105 0.01023391812865497 0.01699561403508772
0 0.858735380116959 0.6037554824561403 0.0133406432748538 0.015350877192982455
0 0.4583333333333333 0.6018366228070176 0.007858187134502924 0.009868421052631578
0 0.4650950292397661 0.6043037280701754 0.008223684210526315 0.00932017543859649
0 0.5139802631578947 0.6071820175438596 0.007309941520467836 0.021107456140350877
0 0.8869700292397661 0.6073190789473684 0.009137426900584795 0.020833333333333332
0 0.1894298245614035 0.607626096491228 0.008019005847953216 0.021655701754385966
0 0.20008680555555555 0.606376096491228 0.013386330409356726 0.017850877192982426
0 0.18855080409356725 0.6198259320175439 0.00941154970760234 0.017886513157894735
0 0.19755116959064328 0.6029331140350876 0.010738304093567292 0.013569078947368422
0 0.47953216374269003 0.6067708333333334 0.007858187134502924 0.018092105263157895
0 0.633406432748538 0.6073190789473685 0.00712719298245614 0.01864035087719298
0 0.7617872807017544 0.6067708333333334 0.005847953216374269 0.017543859649122806
0 0.8273940058479532 0.6075932017543859 0.009868421052631578 0.019736842105263157
0 0.1225328947368421 0.603344298245614 0.015716374269005847 0.012883771929824562
0 0.28254020467836255 0.6076617324561404 0.008428362573099396 0.018777412280701754
0 0.4871162280701754 0.6103344298245614 0.010599415204678362 0.022478070175438597
0 0.8770102339181286 0.6117050438596492 0.012975146198830409 0.025219298245614034
0 0.8691520467836258 0.6129385964912281 0.008954678362573099 0.023300438596491228
0 0.1006030701754386 0.6069764254385965 0.0062134502923976605 0.015487938596491228
0 0.23094846491228072 0.6058799342105263 0.01251827485380117 0.013086622807017483
0 0.41081871345029236 0.6047149122807017 0.014071637426900584 0.009594298245614035
0 0.6390716374269005 0.6085526315789473 0.007492690058479532 0.01781798245614035
0 0.8011695906432749 0.6097861842105263 0.008589181286549707 0.020833333333333332
0 0.2876005116959064 0.6078344298245614 0.01023391812865497 0.021655701754385966
0 0.31074104532163743 0.6099067982456141 0.011284722222222222 0.021688596491228042
0 0.30391081871345027 0.6221217105263158 0.006396198830409356 0.01864035087719298
0 0.4277229532163743 0.6086896929824561 0.005847953216374269 0.015899122807017545
0 0.49515716374269003 0.6115679824561403 0.005847953216374269 0.022203947368421052
0 0.6673062865497076 0.6082442434210527 0.013157894736842105 0.015556469298245614
0 0.6820175438596492 0.6178728070175439 0.008954678362573099 0.016721491228070175
0 0.8425621345029239 0.609375 0.007309941520467836 0.01781798245614035
0 0.08881578947368421 0.6082785087719298 0.006761695906432748 0.014528508771929825
0 0.10617690058479533 0.6092379385964912 0.007858187134502924 0.015899122807017545
0 0.2696454678362573 0.6108826754385964 0.0062134502923976605 0.019736842105263157
0 0.6455592105263158 0.6088267543859649 0.009137426900584795 0.015625
0 0.689875730994152 0.6089802631578947 0.008223684210526315 0.01538377192982453
0 0.21589546783625732 0.6060169956140351 0.012975146198830409 0.010279605263157895
0 0.20869883040935672 0.6179756030701754 0.007492690058479532 0.024054276315789474
0 0.18096673976608188 0.6109169407894737 0.011195175438596489 0.01953125
0 0.5064875730994152 0.6114309210526316 0.006578947368421052 0.018092105263157895
0 0.5081323099415205 0.6306195175438596 0.006578947368421052 0.02138157894736842
0 0.7498857821637427 0.6143777412280702 0.013112207602339181 0.02398574561403509
0 0.3147843567251462 0.6158511513157895 0.009502923976608187 0.025836074561403508
0 0.37143640350877194 0.6128015350877193 0.009502923976608187 0.020285087719298246
0 0.5351334064327485 0.6127672697368421 0.010508040935672515 0.02007949561403509
0 0.6519554093567251 0.6097861842105263 0.012426900584795321 0.01425438596491228
0 0.07389894005847954 0.6071820175438597 0.005985014619883041 0.007401315789473684
0 0.05148940058479532 0.6163651315789473 0.013249269005847953 0.012609649122807017
0 0.0625 0.6245888157894737 0.00932017543859649 0.018092105263157895
0 0.24346125730994153 0.6077727521929825 0.01563596491228069 0.010435855263157939
0 0.5199086257309942 0.6144627192982457 0.01135233918128653 0.023541666666666697
0 0.542671783625731 0.6126809210526316 0.013523391812865496 0.0189473684210526
0 0.8340643274853802 0.6118421052631579 0.010051169590643274 0.01617324561403509
0 0.22687043128654968 0.6131770833333333 0.008839546783625711 0.021447368421052573
0 0.29797149122807015 0.6132127192982456 0.007309941520467836 0.023848684210526317
0 0.33502375730994155 0.6145833333333333 0.011970029239766082 0.02206688596491228
0 0.34128289473684215 0.6155427631578947 0.008771929824561403 0.023026315789473683
0 0.5804093567251463 0.6095120614035088 0.010416666666666666 0.011513157894736841
0 0.5793128654970761 0.6196546052631579 0.009685672514619883 0.008223684210526315
0 0.5884502923976608 0.6106085526315789 0.014802631578947368 0.013157894736842105
0 0.6042580409356725 0.6086896929824561 0.015716374269005847 0.008771929824561403
0 0.6843019005847953 0.6110197368421052 0.007309941520467836 0.012883771929824562
0 0.07766812865497076 0.6158168859649122 0.007492690058479532 0.021929824561403508
0 0.09357913011695906 0.6153371710526316 0.00756030701754386 0.02398574561403509
0 0.7729349415204678 0.6140350877192983 0.006578947368421052 0.01781798245614035
0 0.7800392909356725 0.6151315789473684 0.00735562865497076 0.02055921052631579
0 0.8942799707602339 0.6156798245614035 0.009502923976608187 0.021107456140350877
0 0.3201754385964912 0.6155770285087719 0.008589181286549707 0.02035361842105263
0 0.42196637426900585 0.6144462719298246 0.00932017543859649 0.01699561403508772
0 0.5660635964912281 0.6133497807017544 0.009502923976608187 0.015899122807017545
0 0.6230811403508771 0.6149945175438597 0.011695906432748537 0.01864035087719298
0 0.7583150584795322 0.615953947368421 0.013157894736842105 0.02055921052631579
0 0.7668813961988304 0.6251713267543859 0.008817616959064328 0.019805372807017545
0 0.8196271929824561 0.6117050438596492 0.014437134502923976 0.011513157894736841
0 0.12550255847953218 0.614359923245614 0.01251827485380117 0.014838267543859678
0 0.11915204678362573 0.6173245614035087 0.011878654970760233 0.011787280701754386
0 0.12545687134502925 0.6319901315789475 0.006578947368421052 0.01918859649122807
0 0.40734649122807015 0.6110197368421052 0.013706140350877192 0.006853070175438596
0 0.4600694444444444 0.6170504385964912 0.007675438596491228 0.0200109649122807
0 0.7407026681286549 0.6174616228070176 0.008177997076023392 0.020285087719298246
0 0.7380756578947368 0.6228070175438596 0.009959795321637427 0.0200109649122807
0 0.3544407894736842 0.6185581140350876 0.006578947368421052 0.021929824561403508
0 0.5008223684210527 0.6188322368421052 0.007309941520467836 0.022478070175438597
0 0.8075657894736843 0.6175986842105263 0.011513157894736841 0.019462719298245616
0 0.14373172514619884 0.6198273026315789 0.00804093567251462 0.02288925438596491
0 0.5494334795321637 0.6154057017543859 0.013523391812865496 0.013980263157894737
0 0.4658260233918129 0.6175986842105263 0.005665204678362573 0.01781798245614035
0 0.10864400584795321 0.6210252192982456 0.008406432748538011 0.021929824561403508
0 0.21217105263157893 0.6226699561403509 0.01114766081871345 0.027138157894736843
0 0.2427129020467836 0.6203919956140351 0.011741593567251463 0.022099780701754355
0 0.15007127192982456 0.6185581140350878 0.00778874269005848 0.016655701754386024
0 0.1775858918128655 0.6182497258771931 0.00941154970760234 0.015419407894736841
0 0.6102887426900585 0.6165021929824562 0.015350877192982455 0.011239035087719298
0 0.6096491228070176 0.6243146929824561 0.010051169590643274 0.008223684210526315
0 0.8564510233918129 0.6197916666666667 0.017543859649122806 0.017269736842105265
0 0.24874360380116958 0.6218475877192982 0.008908991228070175 0.020833333333333332
0 0.4072551169590643 0.6212993421052632 0.007675438596491228 0.01918859649122807
0 0.4896747076023392 0.6180098684210525 0.005847953216374269 0.012609649122807017
0 0.599780701754386 0.6196546052631579 0.008589181286549707 0.015899122807017545
0 0.2183845029239766 0.6208196271929824 0.00712719298245614 0.01768092105263158
0 0.4760599415204678 0.6217105263157895 0.014437134502923976 0.019462719298245616
0 0.09649122807017543 0.6236293859649122 0.00932017543859649 0.021655701754385966
0 0.2321016081871345 0.618438870614035 0.004042397660818694 0.013056469298245645
0 0.2376187865497076 0.624092653508772 0.00758406432748538 0.02148574561403512
0 0.45568347953216376 0.6232182017543859 0.007309941520467836 0.019736842105263157
0 0.08473866959064327 0.6246230811403509 0.014323830409356725 0.020764802631578948
0 0.19435307017543857 0.6245888157894737 0.008771929824561403 0.02138157894736842
0 0.4129203216374269 0.6241776315789473 0.00804093567251462 0.02055921052631579
0 0.7201206140350876 0.6195175438596491 0.013888888888888888 0.011787280701754386
0 0.4297331871345029 0.6245888157894737 0.006944444444444444 0.019736842105263157
0 0.5269554093567251 0.6266790021929826 0.009502923976608187 0.023368969298245616
0 0.5549159356725146 0.6259594298245614 0.008406432748538011 0.022478070175438597
0 0.6319444444444445 0.6239035087719299 0.010051169590643274 0.01781798245614035
0 0.6258223684210527 0.6284265350877193 0.00804093567251462 0.023026315789473683
0 0.595486111111111 0.6244517543859649 0.01206140350877193 0.01836622807017544
0 0.6608644005847953 0.6232182017543859 0.005391081871345029 0.015899122807017545
0 0.8199926900584795 0.6226699561403508 0.0133406432748538 0.01425438596491228
0 0.04025036549707602 0.6196888706140351 0.009228801169590644 0.007743969298245614
0 0.5483369883040935 0.6241776315789473 0.012426900584795321 0.01617324561403509
0 0.5704495614035088 0.6273300438596491 0.00804093567251462 0.023026315789473683
0 0.6989565058479532 0.6250863486842106 0.013453947368421032 0.01977247807017547
0 0.7029422514619883 0.6211622807017544 0.012426900584795321 0.013771929824561343
0 0.1664501096491228 0.6304481907894737 0.01245065789473684 0.028440241228070175
0 0.8491410818713451 0.6267817982456141 0.009502923976608187 0.01918859649122807
0 0.888249269005848 0.6269188596491228 0.008771929824561403 0.0200109649122807
0 0.10069444444444443 0.6293859649122807 0.00932017543859649 0.023300438596491228
0 0.5622258771929824 0.6289747807017544 0.006944444444444444 0.023026315789473683
0 0.05592105263157895 0.6277412280701755 0.008223684210526315 0.019462719298245616
0 0.5836988304093568 0.6263706140350878 0.010051169590643274 0.016721491228070175
0 0.643092105263158 0.6259429824561404 0.018457602339181287 0.01586622807017547
0 0.7162600511695906 0.625 0.014208698830409356 0.01343201754385965
0 0.7127192982456141 0.63015625 0.010416666666666666 0.011343201754385995
0 0.8425621345029239 0.6251370614035088 0.007309941520467836 0.01206140350877193
0 0.8306377923976608 0.6251370614035088 0.015990497076023392 0.00932017543859649
0 0.8456688596491228 0.6334978070175439 0.004751461988304093 0.010142543859649123
0 0.8555372807017544 0.6256853070175439 0.010964912280701754 0.01425438596491228
0 0.908717105263158 0.6292489035087719 0.009137426900584795 0.020833333333333332
0 0.9141995614035088 0.6404879385964912 0.010599415204678362 0.020285087719298246
0 0.34713084795321636 0.6280838815789473 0.008406432748538011 0.02042214912280702
0 0.3748857821637427 0.6244174890350878 0.020513523391812866 0.010622258771929825
0 0.6908004385964912 0.6265405701754386 0.008201754385964932 0.01918859649122807
0 0.9243192616959064 0.6258223684210525 0.019599780701754384 0.012883771929824562
0 0.43402777777777773 0.6296600877192983 0.006396198830409356 0.019462719298245616
0 0.13139619883040937 0.630345394736842 0.008223684210526315 0.020285087719298246
0 0.1991045321637427 0.629188596491228 0.012792397660818713 0.02259868421052633
0 0.44800804093567254 0.6300712719298245 0.008771929824561403 0.019736842105263157
0 0.11027777777777778 0.6299342105263158 0.010255847953216376 0.01781798245614035
0 0.11714181286549707 0.6317160087719298 0.010051169590643274 0.021929824561403508
0 0.7957785087719298 0.6269188596491228 0.01644736842105263 0.012335526315789474
0 0.04689784356725146 0.6296600877192983 0.012472587719298246 0.015076754385964912
0 0.29625822368421056 0.6302083333333334 0.008817616959064328 0.015076754385964912
0 0.3942799707602339 0.632264254385965 0.010964912280701754 0.01918859649122807
0 0.46655701754385964 0.630345394736842 0.010416666666666666 0.013706140350877192
0 0.5394508406432749 0.6290433114035088 0.00918311403508772 0.01493969298245614
0 0.6187865497076024 0.6311677631578947 0.010051169590643274 0.015899122807017545
0 0.15926535087719298 0.6336691337719298 0.010142543859649123 0.019805372807017545
0 0.4199561403508772 0.6330866228070176 0.011513157894736841 0.018092105263157895
0 0.49725877192982454 0.6333607456140351 0.006761695906432748 0.01864035087719298
0 0.8114035087719298 0.6385690789473684 0.012609649122807017 0.02905701754385965
0 0.9011330409356725 0.6292489035087719 0.006396198830409356 0.009868421052631578
0 0.040661549707602336 0.6304481907894737 0.01206140350877193 0.01391173245614035
0 0.14731816520467836 0.6339610745614035 0.013751827485380117 0.02018092105263155
0 0.2761330409356725 0.6356222587719298 0.014437134502923976 0.027412280701754384
0 0.4931469298245614 0.6361019736842105 0.01023391812865497 0.02138157894736842
0 0.270719115497076 0.6302425986842105 0.010827850877192983 0.00815515350877193
0 0.33658808479532165 0.6302083333333334 0.016151315789473705 0.009046052631578948
0 0.6810471491228071 0.6322985197368421 0.016151315789473705 0.012678179824561403
0 0.6698647660818713 0.6411732456140351 0.006944444444444444 0.01836622807017544
0 0.6730171783625731 0.6474095394736843 0.008132309941520468 0.017955043859649123
0 0.7237755847953217 0.6302083333333334 0.008771929824561403 0.00849780701754386
0 0.7266310307017544 0.6373697916666667 0.005893640350877193 0.01322642543859649
0 0.8661366959064327 0.6373355263157895 0.008406432748538011 0.023300438596491228
0 0.8745431286549707 0.6439144736842105 0.00804093567251462 0.023848684210526317
0 0.8686038011695907 0.6467927631578947 0.010416666666666666 0.020833333333333332
0 0.8818530701754386 0.6498081140350878 0.009502923976608187 0.022478070175438597
0 0.7570815058479532 0.6365816885964912 0.012701023391812866 0.02206688596491228
0 0.6424981725146199 0.635827850877193 0.011056286549707603 0.01987390350877193
0 0.5927448830409356 0.6362390350877193 0.013523391812865496 0.017269736842105265
0 0.8232821637426901 0.6343201754385964 0.010051169590643274 0.013980263157894737
0 0.891812865497076 0.6356907894736842 0.011878654970760233 0.015625
0 0.4751461988304093 0.6350054824561403 0.010051169590643274 0.013706140350877192
0 0.7328216374269005 0.6380208333333333 0.008589181286549707 0.020285087719298246
0 0.7436951754385964 0.635827850877193 0.01425438596491228 0.015899122807017545
0 0.17288011695906433 0.6380715460526315 0.007492690058479532 0.02333607456140354
0 0.1828170687134503 0.6324698464912281 0.01320358187134503 0.007538377192982456
0 0.37424616228070173 0.634046052631579 0.01850328947368421 0.011239035087719298
0 0.3815789473684211 0.6354166666666666 0.011878654970760233 0.012883771929824562
0 0.6146747076023392 0.6374725877192983 0.01644736842105263 0.018092105263157895
0 0.2224853801169591 0.6395120614035088 0.01094298245614037 0.021688596491228042
0 0.44417032163742687 0.6371984649122807 0.0062134502923976605 0.01644736842105263
0 0.48940058479532167 0.639391447368421 0.009685672514619883 0.020285087719298246
0 0.8804824561403509 0.635279605263158 0.00712719298245614 0.010416666666666666
0 0.8329678362573099 0.6377467105263158 0.012975146198830409 0.015350877192982455
0 0.638249269005848 0.6404879385964912 0.015716374269005847 0.019736842105263157
0 0.5037463450292398 0.6433662280701754 0.007309941520467836 0.023848684210526317
0 0.5127010233918129 0.642406798245614 0.006944444444444444 0.021929824561403508
0 0.575109649122807 0.6404879385964912 0.008954678362573099 0.01864035087719298
0 0.42598684210526316 0.6418585526315789 0.006761695906432748 0.019736842105263157
0 0.43932748538011696 0.6413103070175439 0.006030701754385965 0.01918859649122807
0 0.4621710526315789 0.6399396929824561 0.006761695906432748 0.015899122807017545
0 0.6094435307017544 0.6423040021929824 0.020148026315789474 0.020627741228070175
0 0.4822733918128655 0.6391173245614035 0.004568713450292397 0.013157894736842105
0 0.54203216374269 0.6429550438596492 0.007858187134502924 0.01918859649122807
0 0.6486659356725146 0.6455592105263158 0.005116959064327485 0.024945175438596492
0 0.8580043859649122 0.6432291666666666 0.007492690058479532 0.020285087719298246
0 0.2648026315789474 0.6396655701754386 0.012975146198830409 0.01206140350877193
0 0.3192616959064328 0.6452165570175439 0.008406432748538011 0.024396929824561403
0 0.6549707602339181 0.6445997807017544 0.006761695906432748 0.021929824561403508
0 0.7025995979532164 0.6429029605263158 0.01274671052631579 0.019292763157894768
0 0.9550438596491228 0.643640350877193 0.012975146198830409 0.02055921052631579
0 0.13642178362573099 0.6425438596491229 0.009868421052631578 0.016721491228070175
0 0.27905701754385964 0.6426466557017544 0.008954678362573099 0.018571820175438597
0 0.5541849415204678 0.6419956140350878 0.013523391812865496 0.015076754385964912
0 0.6816520467836257 0.6441885964912281 0.012975146198830409 0.02055921052631579
0 0.8007127192982456 0.6402138157894737 0.01608187134502924 0.01206140350877193
0 0.8354349415204678 0.6440515350877193 0.010599415204678362 0.019736842105263157
0 0.8427448830409356 0.6432291666666667 0.006944444444444444 0.017543859649122806
0 0.8433845029239766 0.6628289473684211 0.00932017543859649 0.019462719298245616
0 0.1501736111111111 0.6440858004385965 0.008863304093567252 0.01870888157894737
0 0.2109950657894737 0.6387746710526316 0.012311769005847933 0.008634868421052632
0 0.28353435672514615 0.6443421052631579 0.009868421052631578 0.021414473684210497
0 0.302266081871345 0.643092105263158 0.006396198830409356 0.017269736842105265
0 0.36504020467836257 0.6426809210526316 0.008771929824561403 0.01644736842105263
0 0.5358644005847953 0.643092105263158 0.0061220760233918125 0.017269736842105265
0 0.7245979532163743 0.6458333333333334 0.009685672514619883 0.022203947368421052
0 0.7726608187134503 0.6451137609649124 0.0133406432748538 0.021313048245614034
0 0.9636330409356726 0.6437774122807018 0.010051169590643274 0.01864035087719298
0 0.2945906432748538 0.6426809210526315 0.008223684210526315 0.015350877192982455
0 0.2878289473684211 0.6503563596491229 0.00932017543859649 0.025219298245614034
0 0.3946454678362573 0.6439144736842105 0.010599415204678362 0.01781798245614035
0 0.521267361111111 0.6440515350877193 0.012838084795321638 0.01644736842105263
0 0.903234649122807 0.6470668859649122 0.00804093567251462 0.02412280701754386
0 0.8958333333333334 0.6476151315789473 0.007858187134502924 0.022478070175438597
0 0.2012061403508772 0.6421326754385964 0.007492690058479532 0.013157894736842105
0 0.20972679093567254 0.6474095394736842 0.010279605263157895 0.015213815789473685
0 0.20514619883040935 0.6511622807017544 0.008062865497076004 0.012028508771929854
0 0.2001781798245614 0.6565762061403508 0.00918311403508772 0.01661732456140348
0 0.3360517178362573 0.6478207236842105 0.011010599415204679 0.026041666666666668
0 0.4694809941520468 0.6465186403508771 0.007492690058479532 0.02138157894736842
0 0.24945175438596492 0.6448739035087719 0.006030701754385965 0.017543859649122806
0 0.25566520467836257 0.6469298245614035 0.006396198830409356 0.021655701754385966
0 0.6872258771929824 0.643640350877193 0.01206140350877193 0.013980263157894737
0 0.6838450292397661 0.6550164473684211 0.007492690058479532 0.011513157894736841
0 0.6877741228070176 0.6641995614035088 0.006578947368421052 0.013980263157894737
0 0.7179276315789475 0.6470668859649122 0.011330409356725146 0.020833333333333332
0 0.8504203216374269 0.6443256578947368 0.008406432748538011 0.01644736842105263
0 0.6643823099415205 0.6493969298245614 0.011695906432748537 0.024396929824561403
0 0.18571820175438597 0.6466036184210526 0.008132309941520468 0.021211622807017574
0 0.3449835526315789 0.6468092105263158 0.009959795321637427 0.02025219298245617
0 0.312796966374269 0.6473410087719298 0.008360745614035088 0.020285087719298246
0 0.4541301169590643 0.6495339912280702 0.006761695906432748 0.023574561403508772
0 0.7141812865497077 0.6499451754385965 0.010782163742690058 0.023300438596491228
0 0.1930391081871345 0.6483168859649122 0.007379385964912301 0.019978070175438626
0 0.2260827850877193 0.6570723684210527 0.006441885964912281 0.01617324561403509
0 0.35758223684210527 0.6508360745614035 0.010303362573099436 0.0234375
0 0.3623336988304094 0.6527713815789473 0.005413011695906413 0.015520833333333303
0 0.37463450292397665 0.6461074561403508 0.009685672514619883 0.012883771929824562
0 0.3817616959064327 0.6478892543859649 0.010051169590643274 0.01699561403508772
0 0.4178545321637427 0.6511787280701754 0.00804093567251462 0.023026315789473683
0 0.4300073099415205 0.6485745614035088 0.005299707602339181 0.01781798245614035
0 0.42580409356725146 0.6611842105263158 0.010782163742690058 0.019462719298245616
0 0.17313139619883042 0.6515556469298246 0.01539656432748538 0.023231907894736843
0 0.43411915204678364 0.6503563596491228 0.006944444444444444 0.020833333333333332
0 0.5283260233918129 0.6572094298245614 0.008589181286549707 0.03399122807017544
0 0.5691703216374269 0.6520010964912281 0.006944444444444444 0.02412280701754386
0 0.4607090643274854 0.6506304824561403 0.005299707602339181 0.019736842105263157
0 0.6968201754385965 0.6448739035087719 0.009685672514619883 0.008771929824561403
0 0.8213633040935673 0.6489857456140351 0.008406432748538011 0.01699561403508772
0 0.7900219298245614 0.6487116228070176 0.01516812865497076 0.01425438596491228
0 0.9735928362573099 0.6522752192982456 0.011695906432748537 0.020833333333333332
0 0.969389619883041 0.6609100877192983 0.01827485380116959 0.018914473684210526
0 0.598547149122807 0.6476151315789473 0.010416666666666666 0.011787280701754386
0 0.9106588084795322 0.6604989035087719 0.011558845029239767 0.015350877192982455
0 0.410453216374269 0.655016447368421 0.010782163742690058 0.023574561403508772
0 0.5612207602339181 0.6546052631578947 0.007492690058479532 0.02275219298245614
0 0.564236111111111 0.6613212719298246 0.004751461988304093 0.015899122807017545
0 0.6312362938596492 0.6468955592105263 0.018411915204678362 0.013500548245614035
0 0.7404742324561403 0.6507675438596492 0.007721125730994152 0.01644736842105263
0 0.4479166666666667 0.6569353070175439 0.008954678362573099 0.02631578947368421
0 0.4796235380116959 0.6544682017543859 0.00804093567251462 0.02138157894736842
0 0.5538194444444444 0.6530975877192983 0.007309941520467836 0.017543859649122806
0 0.5483369883040935 0.6584429824561403 0.0062134502923976605 0.02768640350877193
0 0.2616045321637427 0.6554276315789473 0.007675438596491228 0.022203947368421052
0 0.6915204678362573 0.655016447368421 0.007492690058479532 0.02138157894736842
0 0.8889574195906433 0.6541940789473685 0.00872624269005848 0.01918859649122807
0 0.1367872807017544 0.6554276315789473 0.013523391812865496 0.0200109649122807
0 0.488578216374269 0.6513157894736843 0.012426900584795321 0.01069078947368421
0 0.827485380116959 0.6566611842105263 0.007492690058479532 0.022478070175438597
0 0.10124269005847952 0.6524465460526316 0.0133406432748538 0.013363486842105263
0 0.16202942251461988 0.6561472039473685 0.012472587719298246 0.021313048245614034
0 0.24015442251461988 0.6556853070175439 0.011193347953216375 0.020592105263157866
0 0.2486293859649123 0.657483552631579 0.008771929824561403 0.010416666666666666
0 0.23885233918128657 0.6687225877192983 0.012244152046783625 0.01644736842105263
0 0.3516995614035088 0.6561129385964912 0.008771929824561403 0.020285087719298246
0 0.3739948830409357 0.6573464912280702 0.00804093567251462 0.022203947368421052
0 0.14135599415204678 0.655701754385965 0.013157894736842105 0.019462719298245616
0 0.5923793859649124 0.6587171052631579 0.009502923976608187 0.024396929824561403
0 0.6993786549707601 0.6573464912280701 0.011878654970760233 0.02055921052631579
0 0.23455774853801167 0.658031798245614 0.010964912280701754 0.02138157894736842
0 0.5211988304093568 0.6554618969298245 0.00932017543859649 0.01679002192982456
0 0.7357456140350876 0.6572779605263157 0.012426900584795321 0.020285087719298246
0 0.8008954678362573 0.6536458333333333 0.01644736842105263 0.013157894736842105
0 0.30850237573099415 0.6532853618421052 0.01000548245614035 0.01346765350877196
0 0.294281798245614 0.6559237938596492 0.0061440058479531965 0.014972587719298215
0 0.39482821637426896 0.6578947368421053 0.009868421052631578 0.01836622807017544
0 0.5356359649122807 0.6569353070175439 0.008223684210526315 0.017543859649122806
0 0.5349963450292398 0.6669407894736842 0.011330409356725146 0.023300438596491228
0 0.5078581871345029 0.6578947368421053 0.006396198830409356 0.01781798245614035
0 0.5859831871345029 0.6578947368421053 0.007675438596491228 0.01781798245614035
0 0.5872624269005848 0.6739309210526316 0.008406432748538011 0.01644736842105263
0 0.7646655701754387 0.6537828947368421 0.010142543859649123 0.009594298245614035
0 0.15446820175438597 0.6616296600877193 0.00941154970760234 0.024191337719298246
0 0.6059027777777778 0.6585800438596492 0.00804093567251462 0.01864035087719298
0 0.6588084795321638 0.6618695175438597 0.010051169590643274 0.025219298245614034
0 0.6391630116959064 0.6607730263157895 0.011695906432748537 0.01918859649122807
0 0.26763523391812866 0.6604989035087719 0.007309941520467836 0.017543859649122806
0 0.4441703216374269 0.6614583333333333 0.00804093567251462 0.0200109649122807
0 0.4357638888888889 0.6606359649122807 0.01023391812865497 0.01617324561403509
0 0.3042763157894737 0.6587171052631579 0.010416666666666666 0.012883771929824562
0 0.3682839912280702 0.6602069627192982 0.008176169590643234 0.0171683114035088
0 0.5735562865497076 0.6635142543859649 0.01023391812865497 0.023026315789473683
0 0.8495065789473685 0.6607730263157895 0.009137426900584795 0.017543859649122806
0 0.5020102339181286 0.6626918859649124 0.009685672514619883 0.01918859649122807
0 0.4932383040935672 0.6621436403508772 0.007858187134502924 0.01699561403508772
0 0.5995979532163743 0.6636513157894737 0.008589181286549707 0.02055921052631579
0 0.5429459064327485 0.6647478070175439 0.006396198830409356 0.022203947368421052
0 0.8014437134502924 0.6613212719298246 0.014985380116959063 0.015350877192982455
0 0.7962125365497077 0.6788993969298246 0.011558845029239767 0.02789199561403509
0 0.6801900584795322 0.6629660087719298 0.006396198830409356 0.01699561403508772
0 0.6822002923976609 0.6781798245614035 0.010782163742690058 0.02055921052631579
0 0.8371710526315789 0.6647478070175439 0.012609649122807017 0.021107456140350877
0 0.4860197368421053 0.6626918859649122 0.009502923976608187 0.015350877192982455
0 0.29407620614035085 0.667094298245614 0.010575657894736822 0.026282894736842134
0 0.6304596125730995 0.6680372807017544 0.010736476608187134 0.02549342105263158
0 0.32131761695906436 0.6612705592105264 0.011648391812865456 0.01127467105263161
0 0.31689692982456136 0.6668887061403509 0.013728070175438577 0.014906798245614064
0 0.6131213450292398 0.6663925438596491 0.00712719298245614 0.02055921052631579
0 0.24872076023391812 0.6685855263157895 0.011878654970760233 0.023848684210526317
0 0.2759612573099415 0.6672313596491227 0.01445906432748536 0.024978070175438568
0 0.28778326023391815 0.6655359100877193 0.008863304093567252 0.018297697368421052
0 0.6744334795321637 0.6692708333333334 0.00804093567251462 0.025767543859649123
0 0.7755847953216374 0.6666666666666666 0.007858187134502924 0.02055921052631579
0 0.8054641812865497 0.6648848684210527 0.010599415204678362 0.01644736842105263
0 0.2243923611111111 0.6676603618421053 0.0100968567251462 0.021861293859649123
0 0.22097770467836259 0.6745134320175439 0.011443713450292377 0.020764802631578948
0 0.8120431286549707 0.6694078947368421 0.008406432748538011 0.024945175438596492
0 0.8195358187134503 0.6674890350877193 0.008406432748538011 0.02055921052631579
0 0.1389345760233918 0.6694078947368421 0.016721491228070175 0.023848684210526317
0 0.1446454678362573 0.6690652412280702 0.01206140350877193 0.02288925438596491
0 0.7017543859649124 0.6668037280701754 0.010051169590643274 0.01699561403508772
0 0.7604395102339182 0.6621436403508771 0.01859466374269006 0.007675438596491228
0 0.8606542397660819 0.6721491228070174 0.010964912280701754 0.02768640350877193
0 0.5105994152046784 0.6700589364035088 0.011513157894736841 0.0229577850877193
0 0.17374817251461988 0.6705729166666666 0.010325292397660819 0.02261513157894737
0 0.32786184210526315 0.6678481359649122 0.013362573099415185 0.018196271929824592
0 0.21309027777777778 0.6696134868421052 0.012028508771929854 0.021178728070175498
0 0.41931652046783624 0.6683114035087719 0.00804093567251462 0.017269736842105265
0 0.5536366959064327 0.6698190789473684 0.006578947368421052 0.02069627192982456
0 0.5579084429824561 0.6747532894736842 0.009000365497076024 0.015899122807017545
0 0.5216557017543859 0.6710526315789473 0.00804093567251462 0.021655701754385966
0 0.5828764619883041 0.6696820175438597 0.006578947368421052 0.018914473684210526
0 0.7681834795321637 0.6755756578947368 0.006944444444444444 0.020285087719298246
0 0.1933360745614035 0.6709320175438597 0.010897295321637447 0.019769736842105232
0 0.3024716739766082 0.6746504934210527 0.00735562865497076 0.027754934210526317
0 0.6082785087719298 0.6702302631578948 0.005847953216374269 0.018914473684210526
0 0.716077302631579 0.6657072368421053 0.01896016081871345 0.00932017543859649
0 0.25283260233918126 0.6721491228070176 0.01023391812865497 0.021655701754385966
0 0.6616410818713451 0.6746162280701754 0.01023391812865497 0.024945175438596492
0 0.5764802631578947 0.6728344298245613 0.00804093567251462 0.020285087719298246
0 0.670047514619883 0.6742050438596491 0.006944444444444444 0.021929824561403508
0 0.20472404970760233 0.6708127741228069 0.013157894736842105 0.0161047149122807
0 0.17934484649122806 0.6741022478070176 0.009548611111111112 0.02007949561403509
0 0.18287463450292396 0.6766036184210525 0.006831140350877192 0.02042214912280702
0 0.04961622807017544 0.6757127192982456 0.008771929824561403 0.011787280701754386
0 0.18824195906432747 0.6732456140350878 0.007288011695906432 0.016858552631578948
0 0.7587609649122807 0.673717105263158 0.0096637426900585 0.019616228070175424
0 0.8233735380116959 0.6728344298245614 0.008406432748538011 0.01644736842105263
0 0.899031432748538 0.6736567982456141 0.01644736842105263 0.01644736842105263
0 0.2574013157894737 0.6787280701754387 0.008406432748538011 0.026041666666666668
0 0.736202485380117 0.6769983552631579 0.00804093567251462 0.02456688596491225
0 0.7846308479532164 0.677905701754386 0.009868421052631578 0.023848684210526317
0 0.07513249269005848 0.6763980263157894 0.012655336257309942 0.020285087719298246
0 0.09171692251461988 0.6775973135964912 0.01722404970760234 0.025836074561403508
0 0.30993055555555554 0.6729879385964912 0.010255847953216355 0.014495614035087749
0 0.3147843567251462 0.6729714912280702 0.011330409356725146 0.01199561403508778
0 0.7431469298245614 0.6776315789473684 0.006578947368421052 0.022203947368421052
0 0.7511878654970761 0.6779057017543859 0.010599415204678362 0.023300438596491228
0 0.23812134502923976 0.6761239035087719 0.010782163742690058 0.01864035087719298
0 0.297046783625731 0.6758497807017544 0.006600877192982436 0.021792763157894735
0 0.3311750730994152 0.6745997807017543 0.013271198830409336 0.015657894736842076
0 0.7621756213450293 0.6767406798245613 0.006807383040935673 0.02124451754385965
0 0.7206122076023392 0.6735197368421052 0.011582602339181307 0.011787280701754386
0 0.0805921052631579 0.6774945175438597 0.012609649122807017 0.018092105263157895
0 0.2852704678362573 0.6780427631578947 0.01114766081871345 0.020285087719298246
0 0.5127923976608187 0.6791392543859649 0.009685672514619883 0.022478070175438597
0 0.6904239766081871 0.6802357456140351 0.007492690058479532 0.023026315789473683
0 0.7779605263157894 0.6765350877192983 0.004934210526315789 0.01617324561403509
0 0.6468384502923976 0.6768092105263158 0.01206140350877193 0.014528508771929825
0 0.6408991228070176 0.6774945175438596 0.009685672514619883 0.013157894736842105
0 0.8275767543859649 0.6783168859649124 0.008771929824561403 0.018092105263157895
0 0.02558479532163743 0.6779057017543859 0.010782163742690058 0.015076754385964912
0 0.7081505847953216 0.6799616228070174 0.004934210526315789 0.019736842105263157
0 0.6976425438596491 0.6824287280701754 0.007309941520467836 0.023026315789473683
0 0.7032163742690059 0.6817434210526315 0.004934210526315789 0.021107456140350877
0 0.7124451754385964 0.6807839912280701 0.005482456140350877 0.020285087719298246
0 0.8336988304093568 0.6790021929824561 0.010416666666666666 0.016721491228070175
0 0.5953947368421053 0.6787280701754386 0.008954678362573099 0.01343201754385965
0 0.8039108187134503 0.6828399122807017 0.006396198830409356 0.021655701754385966
0 0.616547880116959 0.6860951206140351 0.014163011695906433 0.02652138157894737
0 0.7204632675438597 0.6813322368421052 0.009822733918128655 0.013706140350877192
0 0.15190972222222224 0.6806469298245613 0.01800073099415205 0.011787280701754386
0 0.8450292397660818 0.6873629385964912 0.011878654970760233 0.020285087719298246
0 0.8402777777777778 0.6883223684210527 0.010782163742690058 0.018914473684210526
0 0.7706962719298245 0.6865734649122807 0.012744883040935632 0.01836622807017544
0 0.8096673976608187 0.6884251644736842 0.008406432748538011 0.02090186403508772
0 0.7895193713450293 0.6864391447368421 0.010325292397660819 0.015487938596491228
0 0.2739400584795321 0.6918859649122807 0.006396198830409356 0.022203947368421052
0 0.8280336257309941 0.6954495614035088 0.012975146198830409 0.01781798245614035
0 0.9364035087719299 0.7010690789473684 0.009685672514619883 0.02138157894736842
0 0.7488578216374269 0.7005208333333334 0.015625 0.01918859649122807
0 0.8009639985380117 0.705249451754386 0.018137792397660817 0.027275219298245616
0 0.265625 0.729577850877193 0.009502923976608187 0.008771929824561403
0 0.764985380116959 0.7304002192982456 0.005299707602339181 0.007675438596491228
0 0.07766812865497075 0.7398574561403509 0.00932017543859649 0.019462719298245616
0 0.3157894736842105 0.7397203947368421 0.007492690058479532 0.007675438596491228
0 0.31569809941520466 0.7440378289473684 0.007675438596491228 0.006167763157894737
0 0.4772478070175438 0.7431469298245613 0.006944444444444444 0.01343201754385965
0 0.2729349415204678 0.7461622807017544 0.010599415204678362 0.012883771929824562
0 0.7296235380116959 0.7620614035087719 0.009137426900584795 0.018914473684210526
0 0.8847770467836257 0.7580866228070176 0.014619883040935672 0.010964912280701754
0 0.7754020467836257 0.7606907894736842 0.006030701754385965 0.012883771929824562
0 0.1741593567251462 0.7763157894736842 0.008223684210526315 0.013980263157894737
0 0.8866045321637427 0.7734375 0.006578947368421052 0.008223684210526315
0 0.5974963450292398 0.8114035087719298 0.0062134502923976605 0.015625
0 0.5882218567251462 0.817297149122807 0.005939327485380117 0.00932017543859649
0 0.5896381578947368 0.8204495614035088 0.008406432748538011 0.013980263157894737
0 0.0712719298245614 0.6202028508771931 0.006761695906432748 0.01864035087719298
0 0.052608735380116955 0.6096491228070176 0.014482821637426901 0.013980263157894737
0 0.061552448830409355 0.6111910635964912 0.008064692982456139 0.0161047149122807
0 0.067468932748538 0.6162458881578947 0.007971491228070176 0.020183662280701783
0 0.14653051900584796 0.5928933662280702 0.00710343567251462 0.01528234649122807
0 0.14071637426900585 0.5973547149122806 0.007401315789473684 0.02370065789473685
0 0.2409311038011696 0.643126370614035 0.012381213450292397 0.008292214912280702
0 0.2298062865497076 0.650390625 0.009868421052631578 0.011581688596491228
0 0.2520833333333333 0.5863555372807017 0.01246345029239767 0.00981633771929823
0 0.2565561038011696 0.587171052631579 0.016858552631578948 0.010964912280701754
0 0.26278143274853805 0.5895093201754386 0.01674342105263156 0.01646381578947367
0 0.2488980263157895 0.5717626096491227 0.008428362573099396 0.02112938596491226
0 0.24019188596491228 0.5882675438596492 0.017909356725146198 0.018092105263157895
0 0.22166301169590644 0.5908881578947368 0.012997076023391793 0.021348684210526346
0 0.2091218932748538 0.5750068530701754 0.015922880116959085 0.018434758771929825
0 0.213702485380117 0.6581510416666667 0.017543859649122806 0.011411732456140381
0 0.28305555555555556 0.5868804824561403 0.014071637426900584 0.015657894736842076
0 0.28246527777777775 0.5931181469298246 0.012094298245614046 0.014394188596491162
0 0.731233552631579 0.5031016995614035 0.009755116959064348 0.010726425438596521
0 0.7272998903508772 0.6176617324561403 0.01336440058479534 0.012850877192982486
0 0.6062116228070176 0.5624492872807018 0.009798976608187114 0.019701206140350848
0 0.5538651315789473 0.5787417763157895 0.012244152046783625 0.021107456140350877
0 0.6560444078947368 0.6213336074561404 0.007629751461988304 0.021038925438596492
0 0.6484146564327485 0.6243146929824562 0.01228983918128655 0.018229166666666668
0 0.6672605994152048 0.6201356907894737 0.011330409356725146 0.022754934210526375
0 0.6718402777777778 0.624296875 0.012174707602339161 0.013807565789473654
0 0.6766383406432749 0.6099753289473684 0.008887061403508792 0.018470394736842134
0 0.7898848684210527 0.6386211622807018 0.013110380116959024 0.014906798245614064
0 0.7756980994152046 0.6345504385964912 0.007675438596491228 0.025953947368421007
0 0.7845394736842105 0.6376439144736842 0.014115497076023352 0.019942434210526317
0 0.7494289108187134 0.6523780153508771 0.009639985380116959 0.018023574561403508
0 0.7535974049707602 0.6452494517543859 0.008930921052631558 0.02042214912280702
0 0.9255299707602339 0.6525836074561404 0.01516812865497076 0.02802905701754386
0 0.9308762792397661 0.6476165021929825 0.017406798245614034 0.021175986842105265
0 0.9153417397660819 0.655625 0.017086988304093567 0.0285252192982456
0 0.9287417763157895 0.6398985745614036 0.01716557017543865 0.017801535087719315
0 0.9426708698830409 0.6509512061403508 0.012684576023391786 0.02311951754385969
0 0.9483050073099415 0.6509731359649122 0.017041301169590642 0.02398574561403509
0 0.9531268274853801 0.6499794407894738 0.015127923976608141 0.022683662280701754
