0 0.978125 0.6555000000000001 0.02325 0.041666666666666664
0 0.578375 0.5506666666666666 0.02275 0.03
0 0.32525 0.536 0.022 0.048666666666666664
0 0.61675 0.572 0.0235 0.03866666666666667
0 0.711 0.5249999999999999 0.0205 0.04533333333333334
0 0.386395 0.5257783333333333 0.03579000000000002 0.035109999999999975
0 0.61625 0.37733333333333335 0.0285 0.018
0 0.6625 0.483 0.0205 0.037333333333333336
0 0.5519999999999999 0.4665 0.021 0.027
0 0.277375 0.4483333333333333 0.02625 0.030666666666666665
0 0.363 0.6066666666666667 0.022 0.046
0 0.82425 0.54 0.018 0.04466666666666667
0 0.19065625 0.580665 0.0253125 0.05999666666666667
0 0.108875 0.5138333333333334 0.01875 0.029
0 0.6601250000000001 0.5371666666666667 0.02025 0.045
0 0.3315 0.4708333333333333 0.019 0.041666666666666664
0 0.39675 0.593 0.026 0.03933333333333333
0 0.57325 0.6076666666666667 0.016 0.048666666666666664
0 0.84125 0.5408333333333333 0.0235 0.043
0 0.172125 0.5488333333333334 0.02375 0.03966666666666667
0 0.34249999999999997 0.3643333333333333 0.0315 0.02266666666666667
0 0.5457500000000001 0.36583333333333334 0.0275 0.026333333333333334
0 0.080375 0.3755 0.02375 0.02033333333333333
0 0.685 0.3606666666666667 0.0235 0.028
0 0.107375 0.3805 0.02425 0.03766666666666667
0 0.874 0.6606666666666666 0.02 0.048666666666666664
0 0.28650000000000003 0.5941666666666667 0.024 0.04766666666666667
0 0.46449999999999997 0.5886666666666667 0.0265 0.03866666666666667
0 0.85275 0.46849999999999997 0.0335 0.03833333333333333
0 0.351625 0.377 0.02675 0.018666666666666668
0 0.41375 0.6185 0.02 0.04033333333333333
0 0.643 0.6213333333333333 0.0255 0.051333333333333335
0 0.684125 0.6318333333333334 0.02175 0.04833333333333333
0 0.42724999999999996 0.43583333333333335 0.0135 0.036333333333333336
0 0.31675000000000003 0.4366666666666667 0.033 0.034
0 0.618375 0.3576666666666667 0.02425 0.022
0 0.5828749999999999 0.5740000000000001 0.03375 0.025333333333333333
0 0.984625 0.5555 0.02475 0.035
0 0.7548750000000001 0.35333333333333333 0.02075 0.024
0 0.139875 0.443 0.02675 0.03666666666666667
0 0.54525 0.5266666666666667 0.0275 0.035333333333333335
0 0.50325 0.5551666666666666 0.027 0.043
0 0.654375 0.3783333333333333 0.01625 0.03666666666666667
0 0.0186875 0.5103333333333333 0.029375 0.043333333333333335
0 0.051000000000000004 0.4713333333333333 0.008 0.012
0 0.34437500000000004 0.6064999999999999 0.02175 0.053
0 0.32847875 0.5117016666666667 0.02754250000000002 0.03659666666666665
0 0.680625 0.347 0.01625 0.029333333333333333
0 0.430875 0.5743333333333334 0.03025 0.042
0 0.438875 0.43933333333333335 0.01875 0.03333333333333333
0 0.12762500000000002 0.37316666666666665 0.02675 0.027666666666666666
0 0.418875 0.5293333333333333 0.03925 0.024666666666666667
0 0.424 0.4721666666666667 0.0135 0.028333333333333332
0 0.40262499999999996 0.389 0.03675 0.017333333333333333
0 0.679 0.5663333333333332 0.0195 0.04733333333333333
0 0.5855 0.4498333333333333 0.0175 0.036333333333333336
0 0.7797499999999999 0.3623333333333333 0.029 0.024666666666666667
0 0.135125 0.507 0.01775 0.04133333333333333
0 0.8536250000000001 0.6353333333333333 0.02625 0.034
0 0.2659575 0.5256616666666667 0.03291500000000002 0.03934333333333333
0 0.18325000000000002 0.469 0.023 0.03133333333333333
0 0.99225 0.6518333333333334 0.0145 0.034333333333333334
0 0.813125 0.4646666666666667 0.02375 0.042
0 0.556 0.611 0.0215 0.048666666666666664
0 0.426875 0.6201666666666668 0.03125 0.049666666666666665
0 0.6061249999999999 0.356 0.02375 0.028666666666666667
0 0.17750000000000002 0.36566666666666664 0.02 0.030666666666666665
0 0.90375 0.6655000000000001 0.02 0.04766666666666667
0 0.363 0.5005000000000001 0.0375 0.026333333333333334
0 0.9847462499999999 0.6072583333333333 0.02900750000000005 0.049849999999999985
0 0.9345 0.5433333333333333 0.019 0.03266666666666666
0 0.30612500000000004 0.38483333333333336 0.02875 0.021
0 0.881875 0.5395000000000001 0.02175 0.03766666666666667
0 0.42730125 0.491615 0.03210250000000002 0.019436666666666647
0 0.77525 0.491 0.021 0.028666666666666667
0 0.47 0.5616666666666666 0.0405 0.02266666666666667
0 0.93275 0.4811666666666667 0.0285 0.043
0 0.7545000000000001 0.6393333333333333 0.0235 0.052
0 0.753625 0.4716666666666667 0.02325 0.042
0 0.6105 0.44899999999999995 0.02 0.03866666666666667
0 0.40746875 0.447325 0.0280625 0.044650000000000016
0 0.463625 0.5306666666666667 0.01525 0.04
0 0.800875 0.5461666666666667 0.03125 0.036333333333333336
0 0.827375 0.6136666666666667 0.02125 0.04666666666666667
0 0.614375 0.6201666666666668 0.02925 0.033666666666666664
0 0.19975 0.3485 0.0245 0.026333333333333334
0 0.538625 0.457 0.02725 0.03333333333333333
0 0.18100000000000002 0.446 0.0245 0.022
0 0.8426250000000001 0.3695 0.03075 0.017
0 0.913875 0.6158333333333333 0.02475 0.029
0 0.941 0.45299999999999996 0.0225 0.03266666666666666
0 0.246 0.37050000000000005 0.0215 0.017666666666666667
0 0.50075 0.516 0.028 0.04
0 0.851625 0.5800000000000001 0.03325 0.027333333333333334
0 0.9027499999999999 0.4661666666666667 0.0225 0.043666666666666666
0 0.28 0.5268333333333334 0.019 0.04033333333333333
0 0.36638374999999995 0.435 0.03676749999999998 0.027333333333333334
0 0.869375 0.5883333333333333 0.01925 0.03666666666666667
0 0.22025 0.5968333333333333 0.0315 0.03966666666666667
0 0.0395 0.5436666666666666 0.025 0.042
0 0.6371249999999999 0.5291666666666667 0.03375 0.039
0 0.7104999999999999 0.6465 0.037 0.029
0 0.453375 0.6331666666666667 0.03375 0.043666666666666666
0 0.08675000000000001 0.5266666666666666 0.033 0.03866666666666667
0 0.327625 0.355 0.02775 0.017333333333333333
0 0.5506249999999999 0.56 0.03625 0.034
0 0.8891249999999999 0.6476666666666667 0.01725 0.05
0 0.838875 0.513 0.03475 0.016
0 0.4495 0.4845 0.029 0.026333333333333334
0 0.383375 0.36633333333333334 0.03475 0.016
0 0.788125 0.6295333333333334 0.02375 0.05773333333333335
0 0.7755000000000001 0.5813333333333334 0.0215 0.03866666666666667
0 0.5605 0.43466666666666665 0.017 0.034666666666666665
0 0.887 0.4855 0.0335 0.023
0 0.015 0.4431666666666667 0.02 0.033
0 0.496625 0.37383333333333335 0.03025 0.017666666666666667
0 0.43675 0.5128333333333334 0.033 0.017666666666666667
0 0.5189999999999999 0.5171666666666667 0.031 0.029
0 0.40775 0.34850000000000003 0.03 0.023
0 0.840375 0.6186666666666667 0.01725 0.04666666666666667
0 0.922875 0.6359999999999999 0.01825 0.04533333333333334
0 0.141375 0.37216666666666665 0.02425 0.028333333333333332
0 0.7337499999999999 0.34600000000000003 0.023 0.022
0 0.885875 0.7086666666666667 0.02775 0.05733333333333333
0 0.5851249999999999 0.37533333333333335 0.03025 0.016666666666666666
0 0.34335374999999996 0.5064516666666666 0.021792500000000017 0.03576333333333332
0 0.8294999999999999 0.5706666666666667 0.025 0.036
0 0.6316250000000001 0.4926666666666667 0.01825 0.028
0 0.933125 0.6958333333333334 0.02175 0.057666666666666665
0 0.945875 0.6435000000000001 0.02875 0.051666666666666666
0 0.8296250000000001 0.4756666666666666 0.02075 0.03866666666666667
0 0.291875 0.3545 0.02925 0.017
0 0.18375 0.5476666666666666 0.0205 0.038
0 0.03325 0.467 0.028 0.014666666666666666
0 0.492375 0.5058333333333334 0.02425 0.043666666666666666
0 0.2005 0.37466666666666665 0.0305 0.016
0 0.3055 0.4976666666666667 0.0315 0.026
0 0.648625 0.473 0.02075 0.03866666666666667
0 0.886375 0.5987316666666667 0.02275 0.0487966666666667
0 0.902625 0.42966666666666664 0.03525 0.019333333333333334
0 0.690875 0.49616666666666664 0.01975 0.04033333333333333
0 0.28850000000000003 0.36783333333333335 0.031 0.019
0 0.479375 0.3443333333333333 0.01625 0.027333333333333334
0 0.213875 0.36916666666666664 0.02725 0.023666666666666666
0 0.0529375 0.49686 0.031125 0.032386666666666696
0 0.719 0.4691666666666666 0.018 0.03966666666666667
0 0.9431212499999999 0.60146 0.03925750000000005 0.03508
0 0.5645 0.5076666666666667 0.0205 0.035333333333333335
0 0.27025 0.6014999999999999 0.0195 0.043
0 0.536375 0.42383333333333334 0.03925 0.021
0 0.58975 0.5138333333333334 0.016 0.03833333333333333
0 0.91925 0.8073333333333333 0.03 0.019333333333333334
0 0.765375 0.6528333333333334 0.01825 0.03233333333333333
0 0.119 0.356 0.0195 0.022
0 0.253875 0.45983333333333337 0.02775 0.027
0 0.3705 0.3581666666666667 0.018 0.015
0 0.49574999999999997 0.34983333333333333 0.0155 0.028333333333333332
0 0.46699999999999997 0.35233333333333333 0.0155 0.03933333333333333
0 0.17425000000000002 0.5198333333333334 0.015 0.028333333333333332
0 0.38225000000000003 0.559 0.037 0.022
0 0.73275 0.5438333333333333 0.024 0.045
0 0.7096250000000001 0.49216666666666664 0.02075 0.036333333333333336
0 0.11024999999999999 0.4718333333333333 0.017 0.037
0 0.8115 0.6248333333333334 0.021 0.060333333333333336
0 0.6932499999999999 0.33266666666666667 0.025 0.013333333333333334
0 0.1705 0.469 0.019 0.030666666666666665
0 0.72122625 0.358625 0.020452499999999988 0.03725
0 0.171 0.4975 0.016 0.03233333333333333
0 0.760375 0.5818333333333334 0.01625 0.043666666666666666
0 0.647375 0.5126666666666667 0.03025 0.03333333333333333
0 0.6923750000000001 0.4555 0.01675 0.036333333333333336
0 0.716375 0.5609999999999999 0.03825 0.03266666666666666
0 0.19975 0.4366666666666667 0.0165 0.036
0 0.484125 0.5926666666666667 0.02275 0.030666666666666665
0 0.804625 0.3808333333333333 0.03875 0.022333333333333334
0 0.26025 0.36833333333333335 0.014 0.029333333333333333
0 0.794375 0.5888333333333333 0.02275 0.053
0 0.6994975 0.5707133333333334 0.037505 0.021906666666666675
0 0.7444999999999999 0.3378333333333333 0.015 0.023666666666666666
0 0.9747462499999999 0.5867600000000001 0.02199249999999995 0.061519999999999984
0 0.382875 0.599 0.01775 0.04066666666666666
0 0.2685 0.3576666666666667 0.013 0.03133333333333333
0 0.7455 0.6081666666666667 0.0355 0.019666666666666666
0 0.511 0.4431666666666667 0.0415 0.017666666666666667
0 0.300375 0.43766666666666665 0.01425 0.03266666666666666
0 0.940125 0.5225 0.03825 0.02033333333333333
0 0.20875000000000002 0.5468333333333333 0.0195 0.04833333333333333
0 0.8031250000000001 0.6447816666666667 0.01625 0.04556333333333335
0 0.223875 0.5041666666666667 0.02025 0.04633333333333333
0 0.28837500000000005 0.494 0.03375 0.026
0 0.054468749999999996 0.4849766666666667 0.0299375 0.03349333333333334
0 0.35529 0.480635 0.043079999999999986 0.02193666666666665
0 0.12775 0.48283333333333334 0.027 0.033666666666666664
0 0.376875 0.492 0.02475 0.026
0 0.976375 0.49683333333333335 0.02075 0.04033333333333333
0 0.21362499999999998 0.5026666666666667 0.01625 0.03866666666666667
0 0.105375 0.586 0.01975 0.042
0 0.99275 0.5271666666666667 0.014 0.024333333333333332
0 0.52406125 0.5879283333333333 0.022622499999999945 0.03852333333333331
0 0.635 0.37133333333333335 0.0315 0.019333333333333334
0 0.901125 0.5703333333333334 0.04825 0.023333333333333334
0 0.4365 0.634 0.0175 0.037333333333333336
0 0.9121212499999999 0.5873216666666667 0.03925750000000005 0.029356666666666646
0 0.005124999999999999 0.44056333333333336 0.01125 0.02849333333333334
0 0.028312499999999997 0.44248 0.025625 0.03332666666666667
0 0.0456875 0.4392316666666667 0.020875 0.04049000000000001
0 0.0543125 0.44497833333333336 0.022875 0.03632333333333334
0 0.06893625 0.4473116666666667 0.026122500000000003 0.04532333333333334
0 0.07643625 0.452565 0.024872500000000002 0.03248333333333335
0 0.09925 0.43703166666666665 0.03075 0.01474333333333334
0 0.1233125 0.42624333333333336 0.0295 0.02982666666666667
0 0.0904375 0.4687316666666667 0.040625 0.03815666666666668
0 0.09727 0.4571233333333333 0.030125 0.0373266666666666
0 0.0759575 0.4727016666666667 0.017625 0.042156666666666676
0 0.07475000000000001 0.5028883333333334 0.03425 0.03749000000000001
0 0.09390625 0.48456 0.0215625 0.031160000000000007
0 0.09059375 0.5028883333333334 0.0445625 0.033490000000000006
0 0.07468749999999999 0.5208416666666666 0.029875 0.02524333333333334
0 0.03853125 0.48639333333333334 0.0195625 0.03532666666666667
0 0.0150425 0.49787666666666663 0.030375 0.03674000000000001
0 0.016917500000000002 0.48812833333333333 0.033625 0.03191000000000001
0 0.01082375 0.4761316666666667 0.0216875 0.03141000000000001
0 0.008042500000000001 0.46713499999999997 0.01625 0.018910000000000007
0 0.004105 0.4594283333333333 0.008625 0.010663333333333337
0 0.00298875 0.5292016666666666 0.0059375 0.017576666666666674
0 0.12465625000000001 0.5087216666666666 0.0168125 0.03949000000000001
0 0.122625 0.47481333333333336 0.02225 0.03998666666666668
0 0.1549675 0.5015966666666667 0.032310000000000005 0.03807333333333334
0 0.15224875 0.51197 0.021247500000000002 0.022993333333333338
0 0.15321749999999998 0.48943333333333333 0.022935000000000004 0.039906666666666674
0 0.14924874999999999 0.4731883333333334 0.0312475 0.02974333333333334
0 0.147895 0.5340199999999999 0.018375 0.024326666666666674
0 0.16108250000000002 0.5342283333333333 0.015625 0.04257000000000001
0 0.18480125 0.49815499999999996 0.0204375 0.047403333333333346
0 0.15424875 0.45518 0.0421225 0.027160000000000007
0 0.193125 0.5090683333333333 0.024125 0.040156666666666674
0 0.202125 0.52444 0.019375 0.04490666666666668
0 0.21184375 0.48057500000000003 0.0241875 0.03749000000000001
0 0.2245625 0.553185 0.02975 0.06257666666666667
0 0.15740625000000003 0.5936666666666667 0.0216875 0.04482000000000001
0 0.173125 0.5852933333333333 0.0205 0.04324000000000001
0 0.23290625 0.4676033333333333 0.0224375 0.040906666666666675
0 0.20646875 0.471685 0.0285625 0.03474333333333334
0 0.20881249999999998 0.45685000000000003 0.031875 0.033740000000000006
0 0.25729 0.47412166666666666 0.04112500000000003 0.022410000000000006
0 0.2874775 0.47562 0.028875 0.03907333333333334
0 0.23854 0.49840666666666666 0.020125 0.04348666666666668
0 0.2444775 0.5041133333333333 0.01375 0.032906666666666674
0 0.2608525 0.49670000000000003 0.026250000000000027 0.04024000000000001
0 0.26388375000000003 0.505905 0.030437500000000027 0.04532333333333334
0 0.33001875 0.44297666666666674 0.0377475 0.04498666666666668
0 0.35826749999999996 0.4671383333333333 0.03325 0.014330000000000002
0 0.38508 0.46102833333333326 0.0155 0.042156666666666676
0 0.38904 0.5069733333333334 0.023125 0.04498666666666668
0 0.3638525 0.5285516666666666 0.035625 0.03799000000000001
0 0.35791500000000004 0.5260933333333334 0.031 0.030406666666666676
0 0.40685250000000006 0.48956166666666673 0.021375 0.04432333333333334
0 0.41257125 0.5113883333333333 0.0194375 0.020163333333333335
0 0.44013375 0.49880833333333335 0.0403125 0.019163333333333338
0 0.3568725 0.575615 0.0195 0.040156666666666674
0 0.39581 0.5446233333333333 0.031625 0.023826666666666597
0 0.4146225 0.55562 0.0235 0.0404866666666666
0 0.4479975 0.5946933333333333 0.019 0.04698666666666668
0 0.43831 0.5351250000000001 0.028125 0.03748999999999993
0 0.45174749999999997 0.5405416666666667 0.01425 0.03332333333333327
0 0.4616225 0.5068 0.021 0.03049333333333334
0 0.471435 0.49322 0.026625 0.03199333333333334
0 0.4819975 0.4738916666666667 0.01975 0.035323333333333345
0 0.474935 0.5283766666666666 0.015875 0.044986666666666605
0 0.50181 0.5848616666666666 0.018625 0.042656666666666676
0 0.5338725 0.5723666666666666 0.0265 0.04965333333333335
0 0.5362474999999999 0.53096 0.02175 0.028826666666666598
0 0.5057475 0.4763916666666667 0.019749999999999945 0.042323333333333345
0 0.5209974999999999 0.4961366666666667 0.01375 0.03049333333333334
0 0.5198099999999999 0.4698083333333334 0.017874999999999943 0.03949000000000001
0 0.5470599999999999 0.5051333333333333 0.021375 0.04415333333333334
0 0.50381 0.4230683333333333 0.017124999999999942 0.03499666666666667
0 0.53108 0.6178766666666666 0.03175 0.05615333333333327
0 0.5356425 0.6341216666666667 0.027625 0.0396566666666666
0 0.5901425 0.60713 0.019375 0.05065333333333327
0 0.61433 0.6036300000000001 0.03575 0.026993333333333338
0 0.6197050000000001 0.6452866666666667 0.02375 0.04765333333333327
0 0.56858 0.46056166666666665 0.017 0.03999000000000001
0 0.5578925 0.493555 0.020125 0.03799000000000001
0 0.5730175 0.5130483333333333 0.022625 0.048990000000000006
0 0.588705 0.484305 0.03275 0.040156666666666674
0 0.6067675 0.48938833333333337 0.020875 0.04432333333333334
0 0.623955 0.48680666666666667 0.02225 0.05182000000000001
0 0.62133 0.5314599999999999 0.0235 0.044819999999999936
0 0.6296425 0.5595366666666666 0.040875 0.026660000000000007
0 0.6013925 0.5254616666666667 0.018875 0.03748999999999993
0 0.635745 0.5782533333333333 0.028 0.016326666666666673
0 0.6594949999999999 0.6049133333333334 0.0165 0.03332666666666667
0 0.67037 0.600915 0.02225 0.034323333333333345
0 0.687495 0.5465949999999999 0.0205 0.041990000000000006
0 0.6976199999999999 0.5326816666666666 0.03825 0.03449000000000001
0 0.6651825 0.520185 0.028875 0.04415666666666668
0 0.6769949999999999 0.50219 0.019 0.039820000000000015
0 0.6803075 0.46550499999999995 0.015375 0.03099000000000001
0 0.729495 0.51166 0.0295 0.026326666666666672
0 0.73187 0.4865816666666667 0.02375 0.03715666666666668
0 0.749745 0.492165 0.0185 0.04832333333333334
0 0.7653700000000001 0.517075 0.01825 0.03849000000000001
0 0.7448275 0.5406516666666668 0.0315 0.040656666666666674
0 0.7568275 0.53557 0.02925 0.04548666666666668
0 0.7788274999999999 0.55115 0.017 0.04898666666666668
0 0.7420775 0.5871400000000001 0.022 0.03499333333333334
0 0.7798275 0.64432 0.0225 0.04748666666666668
0 0.8084724999999999 0.5716433333333334 0.024125 0.052653333333333344
0 0.861785 0.5548983333333334 0.02475 0.034823333333333345
0 0.80328625 0.5127416666666667 0.024747499999999947 0.040156666666666674
0 0.7719524999999999 0.46381166666666673 0.02325 0.03915666666666667
0 0.7943275 0.46564333333333335 0.023 0.04915333333333335
0 0.89024375 0.5061616666666666 0.036247499999999946 0.03232333333333334
0 0.89880625 0.5431516666666667 0.029372499999999944 0.03499000000000001
0 0.9156175 0.5483183333333334 0.02025 0.03799000000000001
0 0.8365575 0.6743666666666667 0.022875 0.055820000000000015
0 0.851245 0.6717833333333333 0.028 0.046320000000000014
0 0.8603075 0.66037 0.021875 0.053153333333333344
0 0.9101799999999999 0.6484583333333332 0.034125 0.06264999999999994
0 0.9423675 0.6677866666666668 0.02875 0.05332000000000001
0 0.9293674999999999 0.5743383333333334 0.03975 0.04482333333333334
0 0.9482425 0.5749216666666667 0.0315 0.04565666666666668
0 0.9569924999999999 0.5655066666666667 0.02125 0.04548666666666668
0 0.9581175 0.531015 0.0295 0.03715666666666668
0 0.9920549999999999 0.5928333333333333 0.016875 0.045820000000000013
0 0.9693674999999999 0.521685 0.04125 0.042156666666666676
0 0.926305 0.5077716666666666 0.045125 0.019330000000000003
0 0.9931174999999999 0.557425 0.01375 0.03632333333333334
0 0.98757625 0.6986666666666667 0.024747500000000058 0.06897999999999994
0 0.9829924999999999 0.48902666666666667 0.0365 0.03549333333333334
0 0.9968049999999999 0.46345 0.006875 0.025326666666666674
0 0.8685350000000001 0.444345 0.02225 0.042656666666666676
0 0.8359325 0.38163833333333336 0.034625 0.019330000000000003
0 0.7398275 0.3809166666666667 0.0225 0.047320000000000015
0 0.70676625 0.365255 0.020622499999999946 0.035323333333333345
0 0.643495 0.351925 0.034 0.019330000000000003
0 0.64662 0.34025999999999995 0.02575 0.01999333333333334
0 0.6489325 0.3323466666666666 0.030875 0.02582666666666667
0 0.592185 0.3551466666666667 0.021125 0.025326666666666674
0 0.47939249999999994 0.36372666666666664 0.016875 0.037160000000000006
0 0.456955 0.35156333333333334 0.01975 0.031160000000000007
0 0.26327 0.43720666666666663 0.033374999999999974 0.024826666666666598
0 0.2878325 0.4352916666666667 0.013 0.03398999999999993
0 0.208605 0.3538966666666667 0.036125 0.02549333333333334
0 0.15854249999999998 0.36744833333333327 0.02775 0.03082333333333334
0 0.0941675 0.3716966666666666 0.019 0.022660000000000007
0 0.296145 0.53181 0.018625 0.053820000000000014
0 0.30827 0.5350583333333334 0.018375 0.058650000000000015
0 0.27970749999999994 0.552305 0.0235 0.03982333333333334
0 0.7062425 0.891675 0.0525 0.04665666666666675
