0 0.33737999999999996 0.35244833333333336 0.008009999999999991 0.02056333333333335
0 0.25052 0.37997 0.014624999999999971 0.012913333333333336
0 0.27636374999999996 0.39034 0.0216875 0.032320000000000015
0 0.304125 0.3945 0.0165 0.010666666666666666
0 0.6417499999999999 0.411 0.00775 0.02033333333333333
0 0.33484375 0.4106666666666667 0.0144375 0.012333333333333333
0 0.5234375 0.4225 0.011625 0.017333333333333333
0 0.45806250000000004 0.42817666666666665 0.012375 0.015353333333333314
0 0.6555 0.4276666666666667 0.01375 0.011
0 0.624875 0.43916666666666665 0.007 0.016
0 0.39209375 0.4682233333333333 0.0224375 0.021220000000000027
0 0.3745 0.4719433333333334 0.01675 0.022886666666666694
0 0.4558325 0.4804966666666667 0.015625 0.03166000000000001
0 0.444145 0.4789966666666667 0.010375 0.02499333333333334
0 0.5424475 0.4756666666666667 0.009644999999999982 0.01633333333333333
0 0.5447387499999999 0.4914483333333334 0.0135625 0.025410000000000005
0 0.5360199999999999 0.48186833333333334 0.0125 0.027576666666666673
0 0.7055 0.4828383333333333 0.01025 0.02800999999999999
0 0.4995 0.48287 0.01575 0.023406666666666676
0 0.58414625 0.481 0.009542500000000018 0.019666666666666666
0 0.55304125 0.48716 0.014667500000000017 0.031320000000000014
0 0.5773225000000001 0.48549333333333333 0.011394999999999982 0.02798666666666668
0 0.397875 0.48651 0.0145 0.025353333333333315
0 0.5317500000000001 0.48733333333333334 0.01275 0.027
0 0.6127400000000001 0.4878333333333333 0.009730000000000018 0.02666666666666667
0 0.38778125 0.48646833333333334 0.0148125 0.022603333333333316
0 0.51646875 0.48566166666666666 0.0101875 0.02099000000000001
0 0.638735 0.48315 0.006720000000000027 0.016633333333333365
0 0.64525 0.489435 0.00725 0.028536666666666634
0 0.485375 0.49099333333333334 0.0095 0.028986666666666678
0 0.56405125 0.4905 0.0110625 0.02666666666666667
0 0.55960375 0.499245 0.008457499999999982 0.021176666666666656
0 0.355135 0.4921066666666667 0.013519999999999982 0.027880000000000033
0 0.60619875 0.48854666666666674 0.0096875 0.023326666666666673
0 0.6204274999999999 0.4885 0.007105000000000018 0.022
0 0.63346875 0.4907566666666667 0.0086875 0.025846666666666653
0 0.65883375 0.491725 0.008417500000000019 0.027116666666666636
0 0.57304125 0.4939883333333333 0.007832499999999982 0.03199000000000001
0 0.62582375 0.4933333333333333 0.0098125 0.027666666666666666
0 0.65114625 0.49366666666666664 0.009042500000000018 0.028333333333333332
0 0.591645 0.49291 0.0115 0.02548666666666668
0 0.601125 0.4935 0.0095 0.02666666666666667
0 0.6753025 0.49266666666666664 0.010855000000000017 0.023666666666666666
0 0.7168125 0.4879283333333333 0.016125 0.018330000000000003
0 0.7207187500000001 0.5000483333333333 0.0136875 0.02357000000000001
0 0.3659475 0.4886666666666667 0.018355000000000017 0.013666666666666667
0 0.52542625 0.49153166666666664 0.0134375 0.02207666666666667
0 0.42804125 0.49696666666666667 0.009832499999999982 0.027599999999999986
0 0.50075 0.49586833333333336 0.01725 0.025403333333333344
0 0.47459375 0.4965716666666667 0.0124375 0.03049000000000001
0 0.666865 0.4957033333333333 0.011980000000000018 0.02582666666666667
0 0.41885375 0.49550000000000005 0.009457499999999982 0.02266666666666667
0 0.40553124999999995 0.4956866666666666 0.0136875 0.026160000000000006
0 0.6818437500000001 0.49914166666666665 0.0104375 0.025283333333333304
0 0.7672812499999999 0.4972983333333333 0.0108125 0.02573666666666668
0 0.78284375 0.5013333333333334 0.0099375 0.028333333333333332
0 0.9005725 0.5008333333333334 0.011394999999999982 0.029333333333333333
0 0.854 0.49666666666666665 0.01175 0.01633333333333333
0 0.73271875 0.50146 0.0106875 0.02525333333333333
0 0.8253637500000001 0.5000783333333333 0.0120625 0.023576666666666673
0 0.983625 0.5028333333333334 0.011 0.024666666666666667
0 0.7749275 0.5031199999999999 0.009105000000000018 0.02349333333333334
0 0.5818537500000001 0.5006666666666667 0.010542500000000019 0.018333333333333333
0 0.80316625 0.5016666666666667 0.015082499999999981 0.019666666666666666
0 0.6363749999999999 0.5024766666666667 0.011 0.023380000000000033
0 0.69765625 0.5041 0.0090625 0.023866666666666637
0 0.7980725000000001 0.5078333333333334 0.015394999999999982 0.03133333333333333
0 0.8170725 0.506 0.010394999999999982 0.027666666666666666
0 0.9560000000000001 0.5038266666666666 0.01225 0.022653333333333345
0 0.7064375 0.5074316666666666 0.010625 0.02719666666666664
0 0.8424475 0.5055 0.012644999999999983 0.022
0 0.7505 0.5027383333333333 0.01175 0.015143333333333354
0 0.828375 0.50739 0.012 0.025113333333333307
0 0.89129125 0.509 0.011332499999999981 0.027
0 0.9596250000000001 0.5101666666666667 0.0135 0.023333333333333334
0 0.9467500000000001 0.5111666666666667 0.01025 0.024666666666666667
0 0.908 0.5127216666666666 0.01025 0.028890000000000023
0 0.9331449999999999 0.5126666666666666 0.013375 0.021
0 0.9207912500000001 0.5123433333333334 0.01616750000000002 0.01901999999999998
0 0.7936975000000001 0.5190416666666666 0.012644999999999983 0.029083333333333333
0 0.6816249999999999 0.5165 0.015 0.02
0 0.964125 0.5215000000000001 0.0095 0.027333333333333334
0 0.9425312499999999 0.5214833333333334 0.0103125 0.027326666666666673
0 0.6886249999999999 0.5198333333333334 0.011 0.02
0 0.9715625 0.5221983333333333 0.011375 0.02473000000000002
0 0.738125 0.5245 0.0105 0.024
0 0.7839999999999999 0.5246833333333333 0.00975 0.02630000000000003
0 0.66453125 0.5302466666666666 0.0106875 0.03149333333333334
0 0.6985725 0.5256666666666666 0.009894999999999982 0.023
0 0.6046250000000001 0.5268333333333333 0.0135 0.018666666666666668
0 0.6205 0.5311666666666667 0.01275 0.027333333333333334
0 0.35975 0.5328233333333333 0.01725 0.027326666666666673
0 0.33278125 0.5292383333333334 0.0194375 0.017830000000000002
0 0.7265625 0.5371666666666667 0.020875 0.020666666666666667
0 0.3954275 0.5372566666666666 0.015894999999999982 0.01751333333333332
0 0.3843125 0.5441583333333334 0.010125 0.028650000000000016
0 0.682375 0.5436666666666666 0.0125 0.027
0 0.60984375 0.5379 0.0145625 0.016533333333333303
0 0.36784375 0.5433616666666666 0.0155625 0.022910000000000007
0 0.6475 0.5446050000000001 0.01375 0.02354333333333337
0 0.31254250000000006 0.54587 0.01375 0.02499333333333334
0 0.6723125000000001 0.54504 0.011875 0.02425333333333333
0 0.7191562499999999 0.549 0.0115625 0.028333333333333332
0 0.40748999999999996 0.5503333333333333 0.015230000000000018 0.027666666666666666
0 0.567375 0.553325 0.013 0.029650000000000017
0 0.43430250000000004 0.5530033333333333 0.008855000000000017 0.027673333333333328
0 0.69625 0.5513333333333333 0.01325 0.024333333333333332
0 0.7962812499999999 0.550675 0.0128125 0.022349999999999984
0 0.52490625 0.5533716666666667 0.0210625 0.027589999999999993
0 0.37665624999999997 0.55365 0.0090625 0.026326666666666672
0 0.39682375000000003 0.5550516666666666 0.0141875 0.02957666666666667
0 0.42017750000000004 0.5559999999999999 0.009105000000000018 0.029
0 0.707125 0.5525100000000001 0.015 0.02398000000000002
0 0.547625 0.553785 0.0095 0.022570000000000014
0 0.7855000000000001 0.5558333333333333 0.01425 0.026
0 0.554875 0.5578616666666667 0.0115 0.03207666666666667
0 0.36937499999999995 0.5545766666666667 0.0105 0.025179999999999987
0 0.42907375000000003 0.56 0.0121875 0.029666666666666668
0 0.386 0.5583333333333333 0.01475 0.025666666666666667
0 0.652125 0.55144 0.012 0.018119999999999966
0 0.890625 0.5525 0.0195 0.013333333333333334
0 0.480875 0.5619999999999999 0.0105 0.030333333333333334
0 0.47303125 0.5622833333333334 0.0108125 0.026233333333333348
0 0.41145875000000004 0.5572983333333333 0.011667500000000018 0.02707000000000001
0 0.440865 0.561545 0.009980000000000018 0.024089999999999993
0 0.6110725 0.5596583333333333 0.015394999999999982 0.019650000000000015
0 0.4625625 0.5649449999999999 0.013875 0.02974333333333334
0 0.5859475 0.5656666666666667 0.011644999999999982 0.027
0 0.45590625 0.5649916666666667 0.0135625 0.02431666666666668
0 0.66725 0.5674916666666666 0.00775 0.029316666666666682
0 0.5435625 0.5620366666666666 0.013625 0.02225999999999999
0 0.8032187500000001 0.5658416666666667 0.0156875 0.026650000000000014
0 0.594625 0.5690000000000001 0.009 0.027666666666666666
0 0.44623999999999997 0.5683766666666668 0.013230000000000018 0.024419999999999997
0 0.7785 0.5678383333333333 0.01925 0.02200999999999999
0 0.67484375 0.5675783333333333 0.0099375 0.021843333333333326
0 0.641125 0.5694 0.016789999999999965 0.023046666666666625
0 0.60416625 0.5715 0.010582499999999983 0.024666666666666667
0 0.630625 0.5717949999999999 0.012 0.024589999999999994
0 0.65990625 0.5723333333333334 0.0085625 0.026333333333333334
0 0.6215 0.5744616666666666 0.01025 0.025923333333333326
0 0.68009375 0.5731666666666667 0.0105625 0.021333333333333333
0 0.650885 0.5761033333333333 0.008480000000000019 0.02879333333333337
0 0.692625 0.5730000000000001 0.016 0.015666666666666666
0 0.6405725 0.5815616666666666 0.013894999999999982 0.027876666666666702
0 0.636625 0.6126666666666667 0.0085 0.029666666666666668
0 0.628 0.6134999999999999 0.00775 0.02266666666666667
0 0.50275 0.63 0.02025 0.02033333333333333
0 0.6665000000000001 0.6376666666666666 0.01625 0.024333333333333332
0 0.634125 0.649 0.0115 0.02033333333333333
0 0.621375 0.6531666666666667 0.014 0.019333333333333334
0 0.669625 0.6563333333333333 0.0175 0.018333333333333333
0 0.63 0.6621666666666667 0.01425 0.016666666666666666
0 0.59625 0.6683333333333333 0.02125 0.021666666666666667
0 0.61475 0.6693333333333333 0.01075 0.017
0 0.65525 0.6735 0.01725 0.022
0 0.5565 0.6735 0.01525 0.014
0 0.5836250000000001 0.6793333333333333 0.014 0.024333333333333332
0 0.639375 0.6786666666666666 0.0105 0.017666666666666667
0 0.62625 0.6816666666666666 0.01375 0.02033333333333333
0 0.66625 0.6883333333333334 0.01725 0.023666666666666666
0 0.5790000000000001 0.692 0.00875 0.028333333333333332
0 0.614 0.6918333333333333 0.00825 0.02666666666666667
0 0.67475 0.696 0.01125 0.02033333333333333
0 0.626625 0.6978333333333334 0.0165 0.017333333333333333
0 0.643375 0.6968333333333334 0.0155 0.017333333333333333
0 0.606 0.7036666666666667 0.00775 0.027666666666666666
0 0.588875 0.7023333333333334 0.012 0.024333333333333332
0 0.5982500000000001 0.7050000000000001 0.00825 0.025666666666666667
0 0.637 0.7133333333333334 0.02025 0.015666666666666666
0 0.611 0.7155 0.01275 0.018666666666666668
0 0.622875 0.7160000000000001 0.009 0.017666666666666667
0 0.59425 0.723 0.02175 0.01633333333333333
