0 0.557125 0.8003333333333333 0.01875 0.016666666666666666
0 0.6689999999999999 0.7586666666666667 0.013 0.019333333333333334
0 0.304125 0.6808333333333333 0.01225 0.019
0 0.321125 0.7168333333333333 0.02025 0.022333333333333334
0 0.378 0.6831666666666667 0.0185 0.013666666666666667
0 0.425875 0.682 0.01675 0.013333333333333334
0 0.4815 0.7921666666666667 0.0135 0.01633333333333333
0 0.290875 0.7188333333333333 0.01675 0.012333333333333333
0 0.5287499999999999 0.7803333333333333 0.017 0.018666666666666668
0 0.316375 0.683 0.02075 0.014
0 0.346125 0.709 0.00925 0.010666666666666666
0 0.39499999999999996 0.7168333333333333 0.0125 0.021
0 0.3295 0.6861666666666667 0.02 0.014333333333333333
0 0.357625 0.6838333333333334 0.02575 0.013666666666666667
0 0.29724999999999996 0.7074999999999999 0.0135 0.017
0 0.575625 0.7135 0.01025 0.021666666666666667
0 0.568 0.756 0.0205 0.018
0 0.376 0.7021666666666667 0.0045 0.0036666666666666666
0 0.385625 0.7071666666666666 0.01725 0.018333333333333333
0 0.5203749999999999 0.763 0.01175 0.02
0 0.574875 0.7925 0.01825 0.013666666666666667
0 0.56625 0.7979999999999999 0.012 0.018666666666666668
0 0.31075 0.7131666666666666 0.027 0.025
0 0.5465 0.7598333333333332 0.0195 0.015
0 0.586375 0.794 0.00875 0.02
0 0.3685 0.7168333333333333 0.0095 0.024333333333333332
0 0.491625 0.781 0.00925 0.020666666666666667
0 0.48274999999999996 0.7626666666666667 0.0085 0.007333333333333333
0 0.45375 0.7216666666666667 0.011 0.016
0 0.45787500000000003 0.6873333333333334 0.01475 0.011333333333333334
0 0.503125 0.7448333333333332 0.01775 0.013
0 0.34217875 0.683625 0.008622500000000002 0.012916666666666667
0 0.34776999999999997 0.684125 0.007435000000000002 0.01125
0 0.33049125 0.7102083333333333 0.008497500000000002 0.011416666666666667
0 0.33929875 0.7073333333333334 0.0076225000000000025 0.011166666666666667
0 0.32974125 0.7192083333333333 0.008997500000000002 0.013416666666666667
0 0.33577 0.7211666666666666 0.010060000000000003 0.013
0 0.3408925 0.7221666666666667 0.010060000000000003 0.011833333333333333
0 0.34329875 0.7102083333333333 0.010247500000000003 0.01325
0 0.35283375 0.7208333333333333 0.015682500000000005 0.014166666666666666
0 0.35851875 0.7055833333333333 0.013307500000000005 0.011333333333333334
0 0.3518025 0.7162916666666667 0.013120000000000005 0.010916666666666667
0 0.36139250000000006 0.713 0.007685000000000003 0.014833333333333334
0 0.37339 0.70675 0.008185000000000003 0.0125
0 0.37629375000000004 0.7192500000000001 0.008497500000000002 0.017666666666666667
0 0.38226 0.7229383333333333 0.007090000000000032 0.014289999999999964
0 0.39007 0.724625 0.009654999999999973 0.014083333333333333
0 0.40241625 0.711125 0.010777500000000032 0.012416666666666666
0 0.40440125 0.7140833333333334 0.008372500000000001 0.011666666666666667
0 0.41319625000000004 0.7110216666666667 0.009527499999999975 0.01345666666666663
0 0.4037075 0.72675 0.007435000000000002 0.014333333333333333
0 0.40992375000000003 0.7235833333333334 0.007372500000000002 0.015166666666666667
0 0.41654625 0.7229166666666667 0.008247500000000003 0.014833333333333334
0 0.42086625 0.7145833333333333 0.006997500000000002 0.011666666666666667
0 0.42761375 0.7145 0.008247500000000003 0.01
0 0.42311375 0.7251666666666666 0.007497500000000002 0.012833333333333334
0 0.4302675 0.7095416666666667 0.007310000000000002 0.010416666666666666
0 0.43723500000000004 0.7094583333333333 0.007375 0.01075
0 0.42951875 0.7255416666666666 0.008807500000000005 0.015583333333333333
0 0.43508 0.7192083333333333 0.007810000000000003 0.009416666666666667
0 0.43754750000000003 0.72525 0.010120000000000004 0.015
0 0.4414525 0.7142083333333333 0.0056850000000000026 0.009083333333333334
0 0.4415775 0.706625 0.006435000000000002 0.007916666666666667
0 0.45126125000000006 0.7024583333333333 0.015057500000000005 0.011416666666666667
0 0.44801250000000004 0.7118333333333333 0.010310000000000001 0.012166666666666666
0 0.44676250000000006 0.72175 0.009310000000000002 0.016
0 0.4393325 0.685 0.009310000000000002 0.017166666666666667
0 0.4453925 0.68775 0.008310000000000001 0.014
0 0.45017250000000003 0.6875 0.00375 0.0085
0 0.459575 0.6780833333333334 0.011185000000000002 0.009166666666666667
0 0.46017375 0.7200416666666667 0.007247500000000002 0.014916666666666667
0 0.48502375 0.6750833333333334 0.007997500000000003 0.008166666666666666
0 0.47571625 0.6809366666666666 0.0068125 0.01220666666666663
0 0.471435 0.68271 0.008310000000000001 0.014166666666666666
0 0.48733499999999996 0.6831866666666666 0.011995000000000004 0.009039999999999963
0 0.49113625 0.6751033333333333 0.006777499999999975 0.010873333333333297
0 0.49717500000000003 0.6879583333333333 0.012120000000000004 0.01225
0 0.49024 0.6894583333333334 0.012370000000000004 0.012583333333333334
0 0.50964 0.6857083333333334 0.009434999999999945 0.00725
0 0.52271 0.6854583333333333 0.01293500000000006 0.013583333333333333
0 0.5150549999999999 0.6845416666666667 0.013745000000000004 0.007083333333333333
0 0.52067875 0.6775416666666666 0.005997500000000059 0.009916666666666667
0 0.5263012499999999 0.6765416666666666 0.0068724999999999455 0.009583333333333333
0 0.53211375 0.6788333333333334 0.005372499999999945 0.011666666666666667
0 0.53561125 0.6816666666666668 0.005997500000000059 0.0135
0 0.53002 0.6862083333333333 0.0068099999999999454 0.01175
0 0.52539625 0.6912499999999999 0.008932500000000005 0.012833333333333334
0 0.5345175 0.701125 0.008810000000000059 0.012583333333333334
0 0.48189875 0.719125 0.015807500000000006 0.01525
0 0.47293375 0.7159583333333333 0.006872500000000002 0.018083333333333333
0 0.481555 0.7104583333333333 0.012870000000000005 0.011083333333333334
0 0.49289499999999997 0.71375 0.010435000000000002 0.018
0 0.56879625 0.6905 0.008622499999999946 0.013666666666666667
0 0.56736125 0.7200833333333334 0.008747500000000059 0.017166666666666667
0 0.58436625 0.7031666666666666 0.00912250000000006 0.014833333333333334
0 0.5948325 0.7081666666666667 0.007309999999999945 0.0175
0 0.587865 0.7074583333333333 0.006375 0.015583333333333333
0 0.5849599999999999 0.7154999999999999 0.00918500000000006 0.016833333333333332
0 0.5915174999999999 0.71875 0.00918500000000006 0.016
0 0.59855375 0.6823750000000001 0.01312250000000006 0.014416666666666666
0 0.60970625 0.6787916666666667 0.011807500000000004 0.01075
0 0.6169525 0.6796666666666666 0.007934999999999946 0.012166666666666666
0 0.6243275 0.679 0.007934999999999946 0.013333333333333334
0 0.63961625 0.714 0.013997500000000059 0.010833333333333334
0 0.64345875 0.7090416666666667 0.012932500000000005 0.013583333333333333
0 0.648395 0.7084583333333333 0.008684999999999946 0.01725
0 0.65173625 0.7040416666666667 0.00912250000000006 0.01525
0 0.6605475 0.7118749999999999 0.013995000000000004 0.013583333333333333
0 0.6652637499999999 0.7106666666666667 0.013932500000000004 0.015166666666666667
0 0.6763612499999999 0.7172083333333333 0.00899750000000006 0.014583333333333334
0 0.6777987499999999 0.7094583333333333 0.012622500000000059 0.011083333333333334
0 0.685515 0.713 0.010309999999999946 0.016166666666666666
0 0.69644875 0.7120416666666667 0.016432500000000006 0.013083333333333334
0 0.70651875 0.7100000000000001 0.012182500000000004 0.015666666666666666
0 0.45817875 0.77775 0.014622500000000002 0.014166666666666666
0 0.46033375000000004 0.7696666666666667 0.015057500000000005 0.01
0 0.46536500000000003 0.7673749999999999 0.015745000000000006 0.01775
0 0.4699875 0.761875 0.013245000000000005 0.014916666666666667
0 0.473955 0.7575416666666667 0.012810000000000002 0.015583333333333333
0 0.48017125 0.751625 0.009622500000000003 0.018083333333333333
0 0.48435875000000006 0.7549166666666666 0.005497500000000002 0.013
0 0.47104999999999997 0.7794583333333334 0.014620000000000005 0.012583333333333334
0 0.48202125 0.7716666666666667 0.019432500000000005 0.009333333333333334
0 0.482865 0.7809583333333333 0.013745000000000004 0.01775
0 0.49161125 0.7649583333333334 0.010247500000000003 0.014583333333333334
0 0.50023375 0.76575 0.009497500000000002 0.011666666666666667
0 0.48902 0.7544583333333333 0.0075600000000000025 0.01375
0 0.4951125 0.7552916666666667 0.006125 0.013083333333333334
0 0.50204875 0.7558333333333334 0.007997500000000003 0.0135
0 0.50564 0.7615833333333334 0.005935000000000002 0.0155
0 0.5128874999999999 0.75975 0.010560000000000002 0.017166666666666667
0 0.5097637500000001 0.7504166666666667 0.008807500000000005 0.009166666666666667
0 0.5081425 0.77625 0.007935000000000003 0.016
0 0.51336125 0.7747499999999999 0.008247500000000003 0.014666666666666666
0 0.5145474999999999 0.7882083333333333 0.014619999999999947 0.012083333333333333
0 0.5183275 0.782125 0.008809999999999945 0.019916666666666666
0 0.5268875 0.7851666666666667 0.01318500000000006 0.016
0 0.5202049999999999 0.7463333333333333 0.008060000000000058 0.016
0 0.5298012499999999 0.7547083333333333 0.009247499999999945 0.012583333333333334
0 0.5363924999999999 0.7508750000000001 0.010060000000000058 0.01875
0 0.52552 0.7615416666666667 0.007184999999999946 0.01775
0 0.53358625 0.7718333333333334 0.015432500000000005 0.017666666666666667
0 0.5423637499999999 0.778125 0.012372499999999946 0.014083333333333333
0 0.54917375 0.769875 0.013747500000000058 0.010583333333333333
0 0.5353024999999999 0.7659166666666667 0.014120000000000004 0.0155
0 0.55648875 0.75375 0.008997499999999945 0.016
0 0.5546149999999999 0.7585 0.012120000000000004 0.014166666666666666
0 0.5706412499999999 0.7537083333333333 0.012682500000000005 0.01375
0 0.5768575 0.751375 0.011995000000000004 0.013416666666666667
0 0.58463625 0.749625 0.012432500000000004 0.00775
0 0.5772012500000001 0.763875 0.012807500000000005 0.011583333333333333
0 0.5842 0.7626666666666667 0.01093500000000006 0.015333333333333332
0 0.579925 0.7717916666666667 0.019370000000000005 0.009083333333333334
0 0.5928587499999999 0.7667083333333333 0.010872499999999945 0.01375
0 0.58848625 0.7580416666666667 0.006997500000000059 0.00875
0 0.59960625 0.764875 0.012372500000000059 0.017583333333333333
0 0.581925 0.784875 0.020245000000000006 0.008416666666666666
0 0.5839875 0.7782083333333334 0.017495000000000004 0.010416666666666666
0 0.5947012500000001 0.775875 0.012932500000000005 0.01675
0 0.5983299999999999 0.7525000000000001 0.01156000000000006 0.015333333333333332
0 0.59683125 0.7387916666666666 0.015807500000000006 0.01575
0 0.6339549999999999 0.785125 0.01855499999999995 0.014916666666666667
0 0.6481750000000001 0.7729166666666667 0.017495000000000004 0.016166666666666666
0 0.46731374999999997 0.717875 0.007872500000000003 0.020416666666666666
0 0.46614124999999995 0.6836033333333333 0.006277499999999975 0.01420666666666663
0 0.47859124999999997 0.6778116666666666 0.005497500000000002 0.01045666666666663
0 0.4806375 0.6859566666666667 0.007904999999999973 0.0135
0 0.49692250000000004 0.6771033333333333 0.005404999999999972 0.012126666666666702
0 0.50223375 0.6793133333333333 0.006092499999999973 0.01470666666666663
0 0.50790375 0.677125 0.008122500000000003 0.012583333333333334
0 0.5153074999999999 0.6755833333333333 0.009310000000000002 0.01008666666666674
0 0.5723137500000001 0.63925 0.006247499999999946 0.008
0 0.5839675 0.6355416666666667 0.007434999999999945 0.006083333333333333
0 0.5399362499999999 0.56825 0.0068724999999999455 0.0075
0 0.49664249999999993 0.7774166666666666 0.0055 0.01949333333333319
0 0.50308 0.7792916666666666 0.008125 0.020743333333333187
0 0.4586175 0.7092983333333333 0.015595000000000027 0.00775
0 0.5418925 0.6796399999999999 0.006125 0.01324666666666667
0 0.5486737500000001 0.6848033333333334 0.0096875 0.011246666666666745
0 0.55054875 0.6775566666666667 0.0110625 0.008413333333333337
0 0.55698625 0.6807233333333333 0.0125625 0.008580000000000003
0 0.55708 0.6860116666666667 0.0085 0.012330000000000079
0 0.5611425000000001 0.686345 0.008625 0.013996666666666746
0 0.5532362500000001 0.7110466666666667 0.0173125 0.011746666666666745
0 0.54583 0.7132133333333334 0.016 0.010913333333333412
0 0.5010175 0.7109216666666667 0.009375 0.013663333333333413
0 0.507205 0.7154216666666667 0.011500000000000057 0.014496666666666746
0 0.51136125 0.7109216666666668 0.010187500000000058 0.014496666666666746
0 0.51773625 0.707675 0.012562500000000056 0.012329999999999928
0 0.5238612500000001 0.705675 0.0099375 0.014329999999999928
0 0.52986125 0.7060916666666667 0.0115625 0.013496666666666594
0 0.5026425 0.727835 0.016625 0.008996666666666594
0 0.5127675 0.7312933333333334 0.010000000000000057 0.014079999999999928
0 0.5183925 0.7310016666666668 0.011625 0.015829999999999927
0 0.5228925000000001 0.734 0.011125 0.013993333333333188
0 0.49498624999999996 0.7398316666666667 0.0174375 0.014329999999999928
0 0.5855175 0.683675 0.00675 0.011330000000000003
0 0.5903612500000001 0.679675 0.0064375 0.013330000000000003
0 0.5966425 0.6767599999999999 0.009375 0.010833333333333334
0 0.57958 0.6817583333333334 0.00925 0.013163333333333336
0 0.5995375000000001 0.696255 0.009125 0.013830000000000078
0 0.60438125 0.692005 0.0065625 0.00933000000000008
0 0.608475 0.6963383333333334 0.008875 0.014330000000000079
0 0.6101 0.7017116666666667 0.007375 0.010916666666666667
0 0.6052875000000001 0.7094183333333334 0.006625 0.01416333333333326
0 0.5992875000000001 0.7073766666666668 0.0075 0.014746666666666594
0 0.61675625 0.6988383333333333 0.0083125 0.009996666666666746
0 0.622725 0.70038 0.012875 0.011913333333333413
0 0.61981875 0.7100850000000001 0.0123125 0.01416333333333326
0 0.62725625 0.70296 0.0103125 0.012079999999999928
0 0.63385 0.7054183333333334 0.008375 0.008829999999999926
0 0.61313125 0.7119183333333333 0.0108125 0.014829999999999927
0 0.571315 0.7762716666666667 0.015155000000000087 0.012123333333333297
0 0.5664087499999999 0.7812083333333333 0.016532499999999915 0.012663333333333261
0 0.56608 0.7690033333333334 0.01575 0.010413333333333412
0 0.55408125 0.7751466666666667 0.0160625 0.01111999999999989
0 0.547925 0.7871233333333333 0.019625 0.01649333333333334
0 0.55503375 0.7880599999999999 0.018842500000000085 0.013539999999999964
0 0.59656875 0.79333 0.0161875 0.019326666666666673
0 0.5999125000000001 0.7877066666666667 0.01875 0.017746666666666595
0 0.604225 0.7812916666666667 0.010125 0.018076666666666522
0 0.6086625 0.77925 0.008125 0.020159999999999855
0 0.60688125 0.7647133333333334 0.0074375 0.006746666666666745
0 0.5920375000000001 0.7510916666666667 0.00825 0.016163333333333262
0 0.584975 0.741845 0.009125 0.011996666666666746
0 0.5789125 0.7408033333333333 0.00825 0.01108000000000008
0 0.6101 0.7580016666666667 0.011 0.014663333333333261
0 0.6034750000000001 0.7562099999999999 0.0055 0.01441333333333326
0 0.61400625 0.7536266666666668 0.0090625 0.012913333333333261
0 0.6209125000000001 0.7600016666666668 0.009875 0.017829999999999926
0 0.6249750000000001 0.7577100000000001 0.01 0.015246666666666594
0 0.6290687500000001 0.7535433333333335 0.0121875 0.016579999999999928
0 0.634725 0.745005 0.01525 0.010496666666666746
0 0.6444124999999999 0.7445050000000001 0.009 0.01483000000000008
0 0.6546000000000001 0.7341333333333334 0.0155 0.013579999999999927
0 0.6656 0.7398383333333334 0.01725 0.013163333333333412
0 0.66875625 0.7458383333333334 0.0140625 0.012496666666666746
0 0.6551 0.7452133333333334 0.01525 0.01641333333333341
0 0.6562250000000001 0.7518783333333333 0.018 0.017576666666666674
0 0.6562875 0.7591683333333333 0.018875 0.020996666666666594
0 0.6400687500000001 0.7555433333333333 0.0118125 0.01191333333333326
0 0.646475 0.7566683333333334 0.0105 0.01016333333333326
0 0.64963125 0.7654983333333333 0.0178125 0.011496666666666594
0 0.6166312500000001 0.7850766666666665 0.0118125 0.022660000000000007
0 0.612225 0.768915 0.009375 0.009996666666666595
0 0.6194125 0.7809533333333334 0.013375 0.01958000000000008
0 0.62188125 0.7714566666666666 0.0116875 0.016079999999999928
0 0.6285375 0.77279 0.011625 0.012746666666666594
0 0.6327875000000001 0.7670816666666666 0.011875 0.009496666666666594
0 0.6411625 0.7780366666666666 0.015625 0.011913333333333413
0 0.6379125 0.7624183333333334 0.009125 0.012329999999999928
0 0.7130037499999999 0.6843916666666667 0.012342499999999973 0.013203333333333376
0 0.708035 0.6743733333333334 0.007470000000000027 0.010413333333333337
0 0.71587875 0.678665 0.010032500000000028 0.01416333333333326
0 0.72031625 0.6777683333333333 0.008217499999999973 0.013623333333333296
0 0.725285 0.6759566666666667 0.008845000000000026 0.009666666666666667
0 0.72919125 0.68633 0.011907500000000027 0.012913333333333412
0 0.7318475 0.678685 0.006595000000000027 0.013289999999999963
0 0.73719125 0.68135 0.006342499999999972 0.014620000000000043
0 0.74339375 0.6817883333333333 0.0075625 0.013163333333333412
0 0.74836125 0.6799966666666666 0.0099375 0.01308000000000008
0 0.75378125 0.6738083333333333 0.0130625 0.007123333333333297
0 0.7591399999999999 0.6786616666666667 0.016095000000000026 0.008250000000000075
0 0.7582650000000001 0.6859083333333333 0.017904999999999973 0.00866333333333326
0 0.70940125 0.7070283333333333 0.009282500000000027 0.012623333333333297
0 0.7164950000000001 0.7051550000000001 0.008220000000000028 0.015289999999999963
0 0.6243700000000001 0.6222316666666667 0.00625 0.007330000000000003
