0 0.408 0.6976666666666667 0.0105 0.03
0 0.27549999999999997 0.6143333333333333 0.0125 0.016
0 0.25075 0.6525000000000001 0.017 0.015666666666666666
0 0.25937499999999997 0.6915 0.01725 0.027
0 0.297 0.6481666666666667 0.0145 0.022333333333333334
0 0.5229999999999999 0.7018333333333333 0.021 0.019666666666666666
0 0.46525 0.6405000000000001 0.01 0.029666666666666668
0 0.541875 0.628 0.01075 0.022
0 0.232375 0.7008333333333333 0.01575 0.026333333333333334
0 0.230375 0.6473333333333334 0.02125 0.023333333333333334
0 0.50725 0.6463333333333333 0.016 0.014666666666666666
0 0.33437500000000003 0.5690000000000001 0.01375 0.016
0 0.4535 0.6980000000000001 0.018 0.023333333333333334
0 0.1815 0.6996666666666667 0.0165 0.03
0 0.26799999999999996 0.6941666666666667 0.0185 0.030333333333333334
0 0.27587500000000004 0.7025 0.01875 0.031
0 0.37312500000000004 0.7048333333333333 0.02875 0.012333333333333333
0 0.34075 0.6050000000000001 0.0115 0.025333333333333333
0 0.477 0.5538333333333334 0.0105 0.015666666666666666
0 0.210375 0.7498333333333332 0.01825 0.023
0 0.473375 0.6481666666666667 0.01225 0.033666666666666664
0 0.475125 0.5783333333333334 0.02425 0.012
0 0.27487500000000004 0.6313333333333334 0.02175 0.017333333333333333
0 0.432875 0.649 0.01025 0.025333333333333333
0 0.50344875 0.5616666666666666 0.02210250000000002 0.012
0 0.46849999999999997 0.5536666666666666 0.0115 0.016666666666666666
0 0.352625 0.6426666666666667 0.01275 0.025333333333333333
0 0.40700000000000003 0.6523333333333333 0.029 0.012666666666666666
0 0.35825 0.7693333333333334 0.017 0.015333333333333332
0 0.399375 0.7033333333333334 0.00925 0.024
0 0.570875 0.6388333333333333 0.01075 0.019
0 0.39937500000000004 0.5701666666666666 0.01075 0.019
0 0.31062500000000004 0.6881666666666667 0.02075 0.017666666666666667
0 0.24662499999999998 0.6998333333333333 0.01225 0.021666666666666667
0 0.585875 0.6366666666666666 0.02075 0.016666666666666666
0 0.34550000000000003 0.6960000000000001 0.011 0.027333333333333334
0 0.564 0.622 0.0125 0.02
0 0.31512500000000004 0.5876666666666667 0.01075 0.026
0 0.20550000000000002 0.6965 0.016 0.023666666666666666
0 0.257125 0.6416666666666667 0.01325 0.022
0 0.39 0.5771666666666667 0.02 0.013666666666666667
0 0.42625 0.6435 0.012 0.022333333333333334
0 0.3365 0.6343333333333333 0.013 0.028666666666666667
0 0.2773475 0.6560416666666667 0.015305000000000006 0.020583333333333332
0 0.42824999999999996 0.5533333333333333 0.0095 0.015333333333333332
0 0.28225 0.5586666666666666 0.0185 0.018666666666666668
0 0.290125 0.6346666666666667 0.01675 0.023333333333333334
0 0.35662499999999997 0.6074999999999999 0.02425 0.023
0 0.351 0.5993333333333333 0.0125 0.024666666666666667
0 0.366375 0.5673333333333334 0.00825 0.02266666666666667
0 0.48225 0.6316666666666667 0.008 0.028
0 0.39049999999999996 0.6393333333333334 0.0125 0.029333333333333333
0 0.305375 0.6363333333333333 0.01375 0.020666666666666667
0 0.4215 0.635 0.0185 0.016666666666666666
0 0.442125 0.6436666666666667 0.01025 0.026
0 0.37324999999999997 0.5856666666666667 0.0245 0.014666666666666666
0 0.399 0.625 0.015 0.014666666666666666
0 0.5273749999999999 0.6413333333333334 0.01775 0.017333333333333333
0 0.41525 0.5840000000000001 0.021 0.017333333333333333
0 0.437625 0.7058333333333333 0.01625 0.025666666666666667
0 0.35275 0.543 0.019 0.015333333333333332
0 0.350125 0.5861666666666666 0.02025 0.018333333333333333
0 0.5495 0.6166666666666667 0.0125 0.016
0 0.26756625 0.5862083333333333 0.013867500000000007 0.017083333333333332
0 0.50569875 0.5509583333333333 0.01460250000000002 0.013916666666666667
0 0.3365 0.7011666666666666 0.01 0.027
0 0.37675000000000003 0.5630000000000001 0.014 0.018
0 0.559625 0.6413333333333334 0.01675 0.017333333333333333
0 0.36912500000000004 0.5343333333333333 0.01375 0.012
0 0.337625 0.5371666666666666 0.01175 0.011
0 0.33587500000000003 0.6345 0.01275 0.029
0 0.3065 0.5738333333333333 0.017 0.013666666666666667
0 0.39137500000000003 0.5505 0.01675 0.014333333333333333
0 0.47825 0.7115 0.017 0.029666666666666668
0 0.42312500000000003 0.5548333333333333 0.01275 0.015
0 0.21777375 0.6461666666666667 0.014002499999999998 0.023
0 0.24040125 0.6046666666666667 0.020752499999999997 0.021333333333333333
0 0.24731875 0.5857083333333334 0.012627499999999998 0.018583333333333334
0 0.249225 0.6365000000000001 0.019065 0.021666666666666667
0 0.2284425 0.6228333333333333 0.016125 0.016
0 0.26610125 0.6543749999999999 0.0128125 0.02375
0 0.29100875 0.65575 0.020752499999999997 0.019666666666666666
0 0.311135 0.6476666666666667 0.012 0.029666666666666668
0 0.30172875 0.6272916666666667 0.0184375 0.021583333333333333
0 0.31532375 0.621375 0.010627499999999998 0.023083333333333334
0 0.32201125 0.6356666666666667 0.014377499999999998 0.024333333333333332
0 0.28357 0.5458333333333334 0.016625 0.019333333333333334
0 0.29348625 0.5454583333333333 0.01159250000000003 0.009916666666666667
0 0.29984625 0.5397716666666668 0.0094375 0.01495666666666663
0 0.31230125000000003 0.53323 0.01365749999999997 0.008126666666666704
0 0.29919 0.55375 0.016439999999999996 0.010666666666666666
0 0.309065 0.5407916666666666 0.012625 0.014083333333333333
0 0.32555125 0.5347083333333333 0.02040749999999997 0.00975
0 0.31777 0.5466666666666666 0.00809499999999997 0.014166666666666666
0 0.31710125 0.5603333333333333 0.0228125 0.013333333333333334
0 0.32332 0.5512916666666666 0.01575 0.009416666666666667
0 0.33341499999999996 0.542375 0.021564999999999997 0.010416666666666666
0 0.33979 0.5539583333333333 0.009439999999999997 0.01625
0 0.33266375 0.5503333333333333 0.0068125 0.012333333333333333
0 0.32522625 0.5609999999999999 0.0161875 0.012666666666666666
0 0.35485374999999997 0.553625 0.0166875 0.008583333333333333
0 0.35275999999999996 0.559625 0.0185 0.010916666666666667
0 0.32882124999999995 0.56425 0.0197525 0.0155
0 0.29497375 0.5747916666666666 0.0133125 0.016083333333333335
0 0.2880675 0.5824166666666667 0.012 0.015166666666666667
0 0.30069375 0.589125 0.016877499999999997 0.020583333333333332
0 0.30292500000000006 0.5927933333333333 0.014720000000000026 0.021
0 0.3088625 0.594105 0.010470000000000028 0.02004333333333337
0 0.32283375000000003 0.5738966666666666 0.018532500000000028 0.009539999999999963
0 0.32286375 0.58021 0.01040749999999997 0.011833333333333333
0 0.3438225 0.5677500000000001 0.01525 0.017166666666666667
0 0.35160375 0.5722916666666666 0.0090625 0.017916666666666668
0 0.35904125 0.5714166666666666 0.0078125 0.017
0 0.35304125000000003 0.5343333333333333 0.0189375 0.0105
0 0.36151124999999995 0.5455 0.017127499999999997 0.007833333333333333
0 0.36357375 0.5496249999999999 0.016502499999999996 0.00775
0 0.3778875 0.5275833333333333 0.009375 0.011833333333333333
0 0.37323 0.5390416666666666 0.009064999999999998 0.008916666666666666
0 0.3836375 0.535625 0.012375 0.01075
0 0.37973125 0.5437083333333333 0.0178125 0.01025
0 0.38013749999999996 0.547875 0.0185 0.00975
0 0.3858875 0.5616666666666666 0.015875 0.019
0 0.38816875 0.5651666666666667 0.0161875 0.017333333333333333
0 0.371855 0.5559166666666667 0.026815 0.011333333333333334
0 0.39916999999999997 0.5266666666666666 0.012314999999999998 0.010666666666666666
0 0.39398124999999995 0.538625 0.0120625 0.01125
0 0.40433625 0.5407283333333334 0.009532500000000027 0.013623333333333296
0 0.40964875 0.5386266666666667 0.007342499999999972 0.013
0 0.41686874999999995 0.5400833333333334 0.012782499999999971 0.012
0 0.40516375000000004 0.5505433333333334 0.018377499999999998 0.0095
0 0.4199 0.5470633333333333 0.01209499999999997 0.01779333333333337
0 0.4037025 0.5645416666666666 0.01075 0.013416666666666667
0 0.40517125 0.5572083333333333 0.0208125 0.00775
0 0.41192124999999996 0.5664583333333334 0.0093125 0.014916666666666667
0 0.42148499999999994 0.5667083333333334 0.011939999999999997 0.011416666666666667
0 0.42842375 0.5637916666666666 0.0135625 0.009916666666666667
0 0.43026749999999997 0.5403333333333333 0.0085 0.013166666666666667
0 0.43548625 0.5512499999999999 0.0091875 0.016833333333333332
0 0.45208125 0.541375 0.024252499999999996 0.00675
0 0.43854875 0.5438750000000001 0.0085625 0.010083333333333333
0 0.4478625 0.5505833333333333 0.012689999999999998 0.014166666666666666
0 0.45973749999999997 0.548875 0.019065 0.010416666666666666
0 0.4539875 0.5375833333333333 0.01869 0.006666666666666667
0 0.44604875 0.5540416666666667 0.0135625 0.011083333333333334
0 0.45405 0.5626249999999999 0.020439999999999996 0.009583333333333333
0 0.43354875 0.566125 0.0186875 0.021916666666666668
0 0.436955 0.568375 0.017375 0.017416666666666667
0 0.4112975 0.5802083333333333 0.024314999999999996 0.017416666666666667
0 0.4529875 0.5704166666666667 0.020064999999999996 0.010166666666666666
0 0.48749 0.5522083333333333 0.011689999999999997 0.015583333333333333
0 0.49139625 0.55675 0.015127499999999999 0.017
0 0.33041 0.6029166666666667 0.0135 0.025166666666666667
0 0.3277225 0.5930833333333333 0.019625 0.015833333333333335
0 0.33709875 0.5816666666666667 0.0231275 0.014
0 0.28628125 0.6051666666666666 0.017252500000000056 0.01633333333333333
0 0.2911575 0.59925 0.015 0.016833333333333332
0 0.34478625000000007 0.6398333333333334 0.010752499999999998 0.023666666666666666
0 0.35185 0.6259166666666667 0.009875 0.015833333333333335
0 0.36385000000000006 0.6098333333333333 0.011375 0.016666666666666666
0 0.3702375 0.6111666666666666 0.009564999999999997 0.019166666666666665
0 0.3626125 0.6222916666666667 0.014064999999999998 0.00925
0 0.3623625 0.6311666666666667 0.009814999999999997 0.021833333333333333
0 0.37442499999999995 0.6214583333333333 0.015314999999999997 0.019916666666666666
0 0.36776875 0.6379166666666667 0.013752499999999997 0.019333333333333334
0 0.37817625 0.6294583333333333 0.0131875 0.01975
0 0.36914375 0.6459583333333333 0.020127499999999996 0.01925
0 0.37655125 0.644625 0.0174375 0.021083333333333332
0 0.3996775 0.6399166666666667 0.012189999999999998 0.021833333333333333
0 0.41024125 0.6367083333333333 0.0174375 0.021916666666666668
0 0.414835 0.621125 0.013375 0.01625
0 0.38055124999999995 0.66175 0.0146875 0.036333333333333336
0 0.429805 0.6189166666666667 0.016564999999999996 0.019
0 0.43502375 0.6240833333333333 0.012502499999999998 0.0145
0 0.44330499999999995 0.6217083333333334 0.018564999999999998 0.022416666666666668
0 0.44317999999999996 0.630125 0.01944 0.014916666666666667
0 0.450275 0.640375 0.008 0.022583333333333334
0 0.4569 0.6202083333333333 0.0095 0.01775
0 0.45624375 0.6359166666666667 0.0101875 0.026833333333333334
0 0.46477625 0.6235833333333333 0.010252499999999998 0.0125
0 0.47327625 0.6255833333333334 0.014002499999999998 0.0175
0 0.47324499999999997 0.63125 0.010939999999999998 0.0185
0 0.39298874999999994 0.688375 0.0116875 0.025416666666666667
0 0.37476875 0.6865 0.026002499999999998 0.01633333333333333
0 0.37295625 0.6977916666666667 0.029252499999999997 0.013083333333333334
0 0.40120875 0.6813333333333333 0.008002499999999997 0.019333333333333334
0 0.42036749999999995 0.6719583333333333 0.028314999999999996 0.014583333333333334
0 0.41836625 0.6904166666666667 0.0148125 0.0345
0 0.43358625 0.6830833333333333 0.016627499999999996 0.025
0 0.44652499999999995 0.6840833333333333 0.013625 0.02666666666666667
0 0.42380375 0.705375 0.0166875 0.030083333333333333
0 0.42179500000000003 0.7451666666666668 0.01125 0.025333333333333333
0 0.30053750000000007 0.7595 0.01475 0.02266666666666667
0 0.2809725 0.7545833333333334 0.015375 0.011833333333333333
0 0.18607125 0.7924166666666667 0.013627499999999997 0.0135
0 0.28997625 0.6937916666666666 0.0171875 0.025916666666666668
0 0.30778999999999995 0.7008333333333333 0.022314999999999998 0.014833333333333334
0 0.3218225 0.7000833333333334 0.01925 0.03183333333333333
0 0.32704125 0.70575 0.0128125 0.027
0 0.49272375000000007 0.6224166666666666 0.014377499999999998 0.020833333333333332
0 0.49122375 0.63625 0.010877499999999998 0.014833333333333334
0 0.50235 0.6201666666666668 0.012375 0.027333333333333334
0 0.5099874999999999 0.6317916666666666 0.012064999999999998 0.022916666666666665
0 0.51577 0.6118750000000001 0.015375 0.020416666666666666
0 0.5179887499999999 0.6291249999999999 0.0128125 0.025416666666666667
0 0.52373875 0.6318750000000001 0.0160625 0.026416666666666668
0 0.5331775 0.6226666666666667 0.011940000000000055 0.027833333333333335
0 0.49255 0.6460416666666667 0.017064999999999997 0.02875
0 0.5528850000000001 0.63 0.018565000000000054 0.014920000000000072
0 0.5523225 0.6368533333333333 0.021875 0.018706666666666632
0 0.5851775 0.6259583333333333 0.028815000000000056 0.015583333333333333
