0 0.4495 0.29683333333333334 0.0255 0.039
0 0.5 0.4575 0.0235 0.034333333333333334
0 0.594 0.5936666666666667 0.025 0.06466666666666666
0 0.7337499999999999 0.4355 0.029 0.027
0 0.64875 0.5081666666666667 0.0275 0.03966666666666667
0 0.871875 0.43216666666666664 0.02575 0.034333333333333334
0 0.15537499999999999 0.5556666666666666 0.02625 0.056
0 0.6121249999999999 0.5975 0.02375 0.04033333333333333
0 0.726875 0.45983333333333337 0.02225 0.043
0 0.49624999999999997 0.43216666666666664 0.0295 0.041666666666666664
0 0.8624999999999999 0.4045 0.019 0.043
0 0.8450000000000001 0.4075 0.0235 0.036333333333333336
0 0.8943749999999999 0.4098333333333333 0.02575 0.033666666666666664
0 0.965625 0.5333333333333333 0.02775 0.046
0 0.830875 0.4555 0.02025 0.041
0 0.24025000000000002 0.5903333333333333 0.0215 0.059333333333333335
0 0.9395 0.39183333333333337 0.0205 0.037
0 0.04625 0.4905 0.038 0.044333333333333336
0 0.723 0.7949999999999999 0.029 0.043333333333333335
0 0.280375 0.5838333333333334 0.02325 0.06966666666666667
0 0.6935 0.35933333333333334 0.025 0.052
0 0.875625 0.5015000000000001 0.02475 0.03833333333333333
0 0.460625 0.5485 0.01375 0.041666666666666664
0 0.969 0.47916666666666663 0.027 0.05366666666666667
0 0.644875 0.5743333333333334 0.02925 0.05466666666666667
0 0.9505 0.7363333333333333 0.0255 0.048666666666666664
0 0.55775 0.5609999999999999 0.0245 0.05733333333333333
0 0.71 0.8298333333333333 0.026 0.05433333333333333
0 0.946875 0.46066666666666667 0.02475 0.032
0 0.184625 0.4821666666666667 0.02825 0.05633333333333333
0 0.4445 0.5411666666666667 0.0215 0.03233333333333333
0 0.695125 0.8036666666666666 0.01725 0.026
0 0.733375 0.7738333333333333 0.02425 0.051
0 0.675625 0.48833333333333334 0.03275 0.02
0 0.9313750000000001 0.41183333333333333 0.03075 0.039
0 0.544125 0.5186666666666667 0.03625 0.021333333333333333
0 0.3245 0.5860000000000001 0.019 0.04133333333333333
0 0.423 0.5526666666666666 0.014 0.03866666666666667
0 0.213125 0.47983333333333333 0.03425 0.044333333333333336
0 0.6786249999999999 0.4696666666666667 0.03775 0.02266666666666667
0 0.619 0.545 0.026 0.05266666666666667
0 0.470875 0.9243333333333333 0.03725 0.025333333333333333
0 0.674125 0.5976666666666667 0.02575 0.056666666666666664
0 0.851 0.5275 0.024 0.061
0 0.9866250000000001 0.39816666666666667 0.02425 0.034333333333333334
0 0.8575 0.46416666666666667 0.0275 0.033666666666666664
0 0.658625 0.5508333333333333 0.02175 0.061
0 0.8057500000000001 0.4291666666666667 0.0335 0.029
0 0.604875 0.43533333333333335 0.03525 0.042
0 0.623125 0.5973333333333333 0.01625 0.020666666666666667
0 0.7485 0.4816666666666667 0.0275 0.06
0 0.62225 0.4696666666666667 0.023 0.05733333333333333
0 0.9009999999999999 0.44783333333333336 0.027 0.047
0 0.77175 0.493 0.02 0.050666666666666665
0 0.336625 0.6138333333333333 0.02925 0.06233333333333333
0 0.328875 0.6795000000000001 0.02425 0.06766666666666667
0 0.5477500000000001 0.4728333333333333 0.0155 0.043
0 0.96125 0.4171666666666667 0.0335 0.027
0 0.9101250000000001 0.5315 0.02275 0.04033333333333333
0 0.977 0.4533333333333333 0.0245 0.050666666666666665
0 0.77425 0.43166666666666664 0.034 0.03933333333333333
0 0.80725 0.5201666666666667 0.0245 0.06166666666666667
0 0.55525 0.951 0.0295 0.06266666666666666
0 0.9179999999999999 0.3763333333333333 0.0165 0.021333333333333333
0 0.829 0.5095 0.026 0.067
0 0.51925 0.5135 0.028 0.029
0 0.43925 0.9403333333333334 0.0175 0.03266666666666666
0 0.99175 0.8150000000000001 0.016 0.042
0 0.5305 0.47600000000000003 0.0165 0.038
0 0.826 0.42333333333333334 0.031 0.027333333333333334
0 0.991 0.7306666666666667 0.0175 0.028666666666666667
0 0.53775 0.501 0.019 0.015333333333333332
0 0.06426375 0.507 0.032002499999999996 0.07
0 0.08726375 0.493 0.028002499999999996 0.06866666666666667
0 0.02501 0.5965 0.045005 0.07966666666666666
0 0.05113625 0.5945 0.03725250000000001 0.06833333333333333
0 0.06288750000000001 0.608 0.03225 0.07333333333333333
0 0.08301375 0.6033333333333333 0.024502499999999997 0.06533333333333333
0 0.10514124999999999 0.5958333333333334 0.0347525 0.07566666666666666
0 0.1318925 0.5866666666666667 0.027750000000000014 0.07733333333333334
0 0.16514500000000001 0.6101666666666666 0.055255 0.077
0 0.20277375 0.5981666666666666 0.039002499999999996 0.09966666666666667
0 0.229025 0.6023333333333334 0.028 0.086
0 0.24952625 0.5786666666666667 0.04350249999999997 0.08133333333333333
0 0.30390625 0.5876666666666667 0.03275250000000005 0.08466666666666667
0 0.29115375 0.6221666666666666 0.0402525 0.036333333333333336
0 0.29278000000000004 0.6431666666666667 0.05100500000000005 0.033666666666666664
0 0.2625525 0.7253333333333334 0.071005 0.052
0 0.28415124999999997 0.6843333333333332 0.037752499999999994 0.05533333333333333
0 0.32803 0.7136666666666667 0.06350500000000005 0.058
0 0.21239625 0.7649999999999999 0.031752499999999996 0.06733333333333333
0 0.1712675 0.7488333333333334 0.05800500000000002 0.07833333333333334
0 0.35453125 0.6178333333333333 0.029002500000000056 0.06766666666666667
0 0.38153375 0.5926666666666667 0.031502499999999996 0.07933333333333334
0 0.39290875000000003 0.632 0.0332525 0.042
0 0.36353250000000004 0.6575 0.056005000000000055 0.057
0 0.38453375 0.6885 0.045502499999999994 0.06433333333333334
0 0.41303500000000004 0.6651666666666667 0.021 0.049
0 0.407785 0.572 0.0265 0.08866666666666667
0 0.42591125 0.5848333333333333 0.021252499999999997 0.058333333333333334
0 0.44603750000000003 0.6090000000000001 0.04800499999999999 0.035333333333333335
0 0.44278750000000006 0.567 0.028 0.05266666666666667
0 0.46366375 0.5896666666666667 0.020752499999999997 0.04066666666666666
0 0.47779000000000005 0.5676666666666667 0.026 0.08266666666666667
0 0.43503625000000007 0.6413333333333333 0.0370025 0.048666666666666664
0 0.44903875000000004 0.6498333333333334 0.0355025 0.07033333333333333
0 0.42978625000000004 0.6786666666666666 0.0275025 0.06066666666666667
0 0.47679 0.6388333333333334 0.0265 0.058333333333333334
0 0.49754125 0.6136666666666667 0.0325025 0.08066666666666666
0 0.49379125 0.5531666666666667 0.020502499999999996 0.057666666666666665
0 0.5091675 0.5499999999999999 0.02275 0.04466666666666667
0 0.52691875 0.5356666666666666 0.02525249999999994 0.030666666666666665
0 0.51766875 0.6054999999999999 0.03925249999999994 0.083
0 0.542045 0.5688333333333334 0.0235 0.06566666666666666
0 0.5382937499999999 0.6351666666666667 0.03050249999999994 0.06233333333333333
0 0.5204187499999999 0.6473333333333333 0.03375249999999994 0.066
0 0.35590625 0.7383333333333333 0.034252500000000054 0.08666666666666667
0 0.38353375000000006 0.7308333333333333 0.025002499999999997 0.06833333333333333
0 0.409285 0.7391666666666667 0.027 0.08566666666666667
0 0.37615750000000003 0.7639999999999999 0.04575500000000005 0.051333333333333335
0 0.45091375000000006 0.7371666666666667 0.047252499999999996 0.08166666666666667
0 0.4442875 0.7683333333333333 0.044004999999999996 0.06
0 0.46328875 0.6881666666666667 0.0450025 0.052333333333333336
0 0.4972912500000001 0.6886666666666666 0.039002499999999996 0.074
0 0.49816625000000003 0.7396666666666667 0.0452525 0.044
0 0.5377937500000001 0.6941666666666667 0.03900249999999994 0.06233333333333333
0 0.5119175 0.7141666666666667 0.01775 0.051666666666666666
0 0.3706575 0.8035 0.05275500000000005 0.03766666666666667
0 0.42516125 0.7963333333333333 0.0587525 0.04466666666666667
0 0.40503500000000003 0.8271666666666667 0.047005 0.05633333333333333
0 0.38278375000000003 0.845 0.045502499999999994 0.051333333333333335
0 0.35665625 0.8438333333333333 0.04925250000000005 0.07233333333333333
0 0.47141375 0.8051666666666666 0.0347525 0.067
0 0.43003625 0.8273333333333334 0.031502499999999996 0.03266666666666666
0 0.46528875000000003 0.8378333333333334 0.0445025 0.07966666666666666
0 0.49966625000000003 0.7946666666666666 0.0452525 0.07466666666666667
0 0.402785 0.8798333333333334 0.04900499999999999 0.049666666666666665
0 0.42691125 0.8798333333333332 0.039252499999999996 0.08366666666666667
0 0.44316250000000007 0.9006666666666666 0.02875 0.06066666666666667
0 0.46003875000000005 0.8795000000000001 0.0310025 0.07366666666666667
0 0.38732875 0.9369166666666667 0.040127499999999997 0.07816666666666666
0 0.39651625 0.9625 0.0330025 0.06966666666666667
0 0.42170625 0.94025 0.0326275 0.06416666666666666
0 0.4640225 0.9566666666666667 0.052754999999999996 0.044
0 0.42251875 0.9804166666666667 0.045752499999999995 0.03983333333333333
0 0.45114625 0.9874166666666667 0.0270025 0.027833333333333335
0 0.49615 0.9722500000000001 0.055255000000000054 0.04416666666666667
0 0.52908875 0.9781666666666666 0.049877500000000054 0.044333333333333336
0 0.51265125 0.9424166666666667 0.043002500000000055 0.0365
0 0.53158875 0.92175 0.029627500000000053 0.0745
0 0.48871125 0.8981666666666667 0.0266275 0.056
0 0.5044625 0.8841666666666668 0.027875 0.08166666666666667
0 0.5254012499999999 0.8640833333333333 0.027502500000000055 0.06483333333333334
0 0.55477875 0.9025833333333334 0.03350249999999994 0.09816666666666667
0 0.58146875 0.9245833333333333 0.026377500000000054 0.057166666666666664
0 0.4969275 0.8316666666666667 0.03675499999999994 0.06133333333333333
0 0.59215875 0.8974166666666666 0.02800249999999994 0.07116666666666667
0 0.29178000000000004 0.8423333333333333 0.05000500000000005 0.04733333333333333
0 0.31006125 0.9443333333333332 0.0370025 0.08933333333333333
0 0.59245625 0.9771666666666667 0.04225249999999994 0.043666666666666666
0 0.58508125 0.9603333333333334 0.03750249999999994 0.029333333333333333
0 0.628335 0.9721666666666666 0.055505 0.057
0 0.55335375 0.7406666666666666 0.05437750000000006 0.049
0 0.52928875 0.7639166666666667 0.02825249999999994 0.0255
0 0.52185125 0.7920833333333334 0.04512749999999994 0.06783333333333333
0 0.5258324999999999 0.7202083333333333 0.020625 0.06141666666666667
0 0.47501875 0.7397083333333333 0.0265025 0.058083333333333334
0 0.54832875 0.8121666666666667 0.028002500000000055 0.05433333333333333
0 0.55095375 0.7709999999999999 0.03125250000000006 0.05333333333333334
0 0.56633 0.783 0.0185 0.03133333333333333
0 0.57783125 0.7443333333333334 0.02900249999999994 0.088
0 0.58620625 0.825 0.05275249999999994 0.07733333333333334
0 0.5909562500000001 0.7626666666666667 0.03275249999999994 0.09266666666666666
0 0.62358375 0.848 0.035502500000000055 0.09066666666666667
0 0.6019575 0.8714999999999999 0.02525 0.051
0 0.63021 0.7851666666666667 0.059254999999999995 0.06966666666666667
0 0.6634625000000001 0.8328333333333333 0.055255 0.041
0 0.6274587500000001 0.9425 0.051252500000000055 0.061
0 0.635585 0.9239999999999999 0.04850499999999999 0.05733333333333333
0 0.65508625 0.8898333333333334 0.06250249999999995 0.051666666666666666
0 0.6702125 0.8728333333333333 0.05625499999999999 0.050333333333333334
0 0.6713375 0.9563333333333334 0.039505 0.092
0 0.69371375 0.9591666666666667 0.037252500000000056 0.08366666666666667
0 0.71321625 0.9645 0.021752499999999942 0.069
0 0.7332162499999999 0.9676666666666666 0.03175249999999994 0.059333333333333335
0 0.7207337500000001 0.9043333333333333 0.05612750000000005 0.07866666666666666
0 0.7538437499999999 0.8638333333333333 0.04600250000000006 0.07833333333333334
0 0.75871875 0.95 0.023752500000000055 0.09333333333333334
0 0.78872125 0.9141666666666667 0.05725249999999994 0.057
0 0.77784625 0.9461666666666666 0.02850249999999994 0.039
0 0.81909875 0.956 0.07700749999999994 0.05733333333333333
0 0.8014724999999999 0.9835 0.060754999999999997 0.033666666666666664
0 0.8642275 0.9771666666666666 0.06375499999999999 0.043
0 0.8327249999999999 0.9176666666666666 0.060254999999999996 0.06666666666666667
0 0.8846037499999999 0.9881666666666666 0.04150250000000005 0.019
0 0.8133475 0.8766666666666667 0.07850499999999999 0.044
0 0.7603437500000001 0.7841666666666667 0.03200250000000005 0.11233333333333333
0 0.78534625 0.8063333333333333 0.029502499999999942 0.09
0 0.81784875 0.8146666666666667 0.043002500000000055 0.08533333333333333
0 0.8395999999999999 0.8296666666666667 0.051004999999999995 0.07866666666666666
0 0.85135125 0.871 0.03250249999999994 0.08333333333333333
0 0.8709749999999999 0.9329999999999999 0.05625499999999999 0.06733333333333333
0 0.8863512499999999 0.9116666666666666 0.04250249999999994 0.10066666666666667
0 0.471445 0.5096666666666667 0.02375 0.03933333333333333
0 0.51253625 0.4646666666666667 0.0330025 0.042
0 0.50872375 0.50425 0.039377499999999996 0.0395
0 0.56604125 0.47325 0.028002500000000055 0.07083333333333333
0 0.61079125 0.4979166666666667 0.034002500000000054 0.06783333333333333
0 0.5997287499999999 0.5257499999999999 0.026627500000000054 0.0735
0 0.58466375 0.51425 0.022002499999999942 0.07116666666666667
0 0.57537 0.5443333333333333 0.027414999999999964 0.06933333333333333
0 0.56770125 0.6083333333333334 0.03425249999999994 0.064
0 0.60907875 0.6291666666666667 0.031002500000000054 0.025666666666666667
0 0.550575 0.6678333333333334 0.017 0.04833333333333333
0 0.56595125 0.6846666666666666 0.02325249999999994 0.068
0 0.5904524999999999 0.6835 0.02375 0.06766666666666667
0 0.61257875 0.6966666666666667 0.03150250000000005 0.07333333333333333
0 0.6207050000000001 0.6778333333333333 0.03075 0.079
0 0.63970625 0.6253333333333333 0.043252499999999944 0.048666666666666664
0 0.6437062499999999 0.6888333333333333 0.029752499999999942 0.083
0 0.65658375 0.6905 0.03800250000000006 0.099
0 0.6703337500000001 0.6745 0.04050250000000005 0.08833333333333333
0 0.63370625 0.7381666666666667 0.04675249999999994 0.033666666666666664
0 0.6498312500000001 0.7773333333333333 0.03950249999999994 0.06066666666666667
0 0.67208375 0.7723333333333333 0.035502500000000055 0.08466666666666667
0 0.68396 0.7423333333333333 0.02125 0.06333333333333334
0 0.7044612499999999 0.7589999999999999 0.021752499999999942 0.05533333333333333
0 0.7149612500000001 0.7283333333333333 0.04225249999999994 0.058666666666666666
0 0.7153375000000001 0.6773333333333333 0.047005 0.05266666666666667
0 0.74046375 0.7291666666666667 0.044752500000000056 0.08633333333333333
0 0.6504562500000001 0.4663333333333333 0.03825249999999994 0.056666666666666664
0 0.6755837499999999 0.5378333333333333 0.019502500000000055 0.07633333333333334
0 0.691335 0.5296666666666667 0.0205 0.08066666666666666
0 0.70758625 0.5075 0.02350249999999994 0.063
0 0.72546375 0.5065 0.030252500000000054 0.08166666666666667
0 0.7515900000000001 0.5506666666666667 0.0255 0.084
0 0.77009125 0.569 0.03150249999999994 0.08333333333333333
0 0.78084125 0.5165 0.02900249999999994 0.08233333333333333
0 0.8037187499999999 0.4623333333333334 0.03225250000000005 0.06
0 0.7457137500000001 0.431 0.03125250000000006 0.04066666666666666
0 0.79571625 0.5681666666666667 0.02425249999999994 0.07566666666666666
0 0.82859375 0.5778333333333334 0.03200250000000005 0.08366666666666667
0 0.8063425 0.6 0.018 0.05533333333333333
0 0.70433625 0.5695 0.03650249999999994 0.06366666666666666
0 0.7288362500000001 0.5726666666666667 0.03100249999999994 0.07133333333333333
0 0.74883875 0.608 0.025502500000000053 0.084
0 0.711585 0.6168333333333333 0.05600499999999999 0.034333333333333334
0 0.69170875 0.6516666666666666 0.030752500000000054 0.06666666666666667
0 0.7553387500000001 0.6809999999999999 0.036502500000000056 0.07133333333333333
0 0.7154612499999999 0.6399999999999999 0.035752499999999944 0.03933333333333333
0 0.7652150000000001 0.6461666666666667 0.02625 0.08633333333333333
0 0.7892162500000001 0.6438333333333334 0.03475249999999994 0.083
0 0.8078437500000001 0.6546666666666666 0.034002500000000054 0.08333333333333333
0 0.8300937500000001 0.664 0.034002500000000054 0.08666666666666667
0 0.84709625 0.5874999999999999 0.03350249999999994 0.08766666666666667
0 0.8620975 0.6063333333333333 0.04900499999999999 0.07733333333333334
0 0.86272125 0.6775 0.03725249999999994 0.08633333333333333
0 0.88947375 0.6608333333333333 0.042752500000000054 0.087
0 0.9067262500000001 0.6361666666666667 0.04025249999999994 0.09566666666666666
0 0.89672375 0.5523333333333333 0.03775250000000006 0.07533333333333334
0 0.8025925 0.7203333333333333 0.044504999999999996 0.08133333333333333
0 0.78671625 0.7518333333333334 0.04025249999999994 0.09433333333333334
0 0.87847375 0.748 0.03325250000000005 0.07466666666666667
0 0.85597125 0.7498333333333334 0.03075249999999994 0.099
0 0.8320937500000001 0.7414999999999999 0.03250250000000005 0.09566666666666666
0 0.89034875 0.7106666666666667 0.028502500000000056 0.08466666666666667
0 0.91135125 0.7398333333333333 0.03050249999999994 0.103
0 0.9318525000000001 0.7703333333333333 0.046005 0.11466666666666667
0 0.8838487500000001 0.8131666666666667 0.036002500000000055 0.08233333333333333
0 0.95460375 0.8155 0.057502500000000054 0.05366666666666667
0 0.9598537500000001 0.7641666666666667 0.024502500000000055 0.073
0 0.9071 0.8251666666666666 0.0255 0.085
0 0.89897375 0.8803333333333334 0.03925250000000005 0.056
0 0.93547625 0.8756666666666667 0.04475249999999994 0.068
0 0.9562275 0.8906666666666667 0.045755 0.08
0 0.9728537500000001 0.8418333333333333 0.04650250000000006 0.041666666666666664
0 0.9892299999999999 0.8895 0.02375 0.07033333333333333
0 0.9286 0.9303333333333333 0.066005 0.068
0 0.9262262499999999 0.9733333333333333 0.043752499999999944 0.050666666666666665
0 0.9506024999999999 0.9803333333333334 0.0285 0.034
0 0.9711037499999999 0.9513333333333334 0.035002500000000054 0.09666666666666666
0 0.90259875 0.9801666666666666 0.018502500000000054 0.03833333333333333
0 0.986355 0.9751666666666666 0.029 0.052333333333333336
0 0.9487375 0.6333333333333334 0.066755 0.062
0 0.9542375 0.6629999999999999 0.062255 0.05533333333333333
0 0.9493649999999999 0.6865 0.067505 0.041666666666666664
0 0.9859924999999999 0.6406666666666666 0.02875 0.06866666666666667
0 0.9797399999999999 0.752 0.035754999999999995 0.09466666666666666
0 0.99161625 0.696 0.01650249999999994 0.04666666666666667
0 0.99324125 0.6076666666666667 0.01675249999999994 0.06466666666666666
0 0.96373875 0.578 0.03975250000000005 0.08666666666666667
0 0.9847412499999999 0.5621666666666666 0.02775249999999994 0.059
0 0.91923625 0.42233333333333334 0.03425249999999994 0.054
0 0.8934837499999999 0.471 0.03275250000000005 0.066
0 0.8802325000000001 0.47000000000000003 0.037254999999999996 0.05533333333333333
0 0.92798625 0.49733333333333335 0.043252499999999944 0.07866666666666666
0 0.93948625 0.4821666666666667 0.04075249999999994 0.06633333333333333
0 0.9897412499999999 0.4413333333333333 0.02375249999999994 0.06266666666666666
0 0.98899125 0.5011666666666666 0.02025249999999994 0.059
0 0.95511375 0.43266666666666664 0.024002500000000055 0.03133333333333333
0 0.86486625 0.5271666666666667 0.04487749999999994 0.10833333333333334
0 0.9332462499999999 0.56725 0.03212749999999994 0.07583333333333334
0 0.1754225 0.309 0.052505000000000024 0.043333333333333335
