0 0.44161184210526316 0.22930372807017546 0.021929824561403508 0.03618421052631579
0 0.5195540935672515 0.23464912280701755 0.014802631578947368 0.04358552631578947
0 0.34512061403508776 0.23382675438596492 0.021198830409356724 0.02768640350877193
0 0.35891812865497075 0.23122258771929824 0.0268640350877193 0.020833333333333332
0 0.34420687134502925 0.2524671052631579 0.025219298245614034 0.018914473684210526
0 0.3346125730994152 0.2630208333333333 0.0268640350877193 0.021929824561403508
0 0.3527960526315789 0.2680921052631579 0.03070175438596491 0.019462719298245616
0 0.5441337719298246 0.24205043859649122 0.01608187134502924 0.02987938596491228
0 0.4491045321637427 0.24945175438596492 0.0266812865497076 0.032072368421052634
0 0.39656432748538006 0.25411184210526316 0.013706140350877192 0.038651315789473686
0 0.6544225146198831 0.2552083333333333 0.015899122807017545 0.04194078947368421
0 0.42854532163742687 0.2641173245614035 0.014437134502923976 0.048793859649122806
0 0.3632127192982456 0.24972587719298245 0.023757309941520467 0.01781798245614035
0 0.6858552631578947 0.2637061403508772 0.01516812865497076 0.04468201754385965
0 0.6974597953216374 0.2695997807017544 0.015716374269005847 0.041666666666666664
0 0.6747989766081871 0.2912554824561403 0.021929824561403508 0.04111842105263158
0 0.7101608187134503 0.2631578947368421 0.012244152046783625 0.03974780701754386
0 0.6222587719298245 0.26206140350877194 0.020650584795321638 0.03481359649122807
0 0.617781432748538 0.2878289473684211 0.021929824561403508 0.03974780701754386
0 0.6233552631578948 0.3018092105263158 0.01882309941520468 0.04468201754385965
0 0.30774853801169594 0.26726973684210525 0.01699561403508772 0.04139254385964912
0 0.29175804093567254 0.2975603070175438 0.02850877192982456 0.03782894736842105
0 0.30665204678362573 0.2963267543859649 0.03307748538011696 0.027138157894736843
0 0.305281432748538 0.31277412280701755 0.033625730994152045 0.014528508771929825
0 0.2899305555555556 0.26329495614035087 0.02046783625730994 0.03289473684210526
0 0.4070723684210526 0.27124451754385964 0.011330409356725146 0.04824561403508772
0 0.509594298245614 0.2719298245614035 0.01425438596491228 0.04961622807017544
0 0.49552266081871343 0.2728892543859649 0.014985380116959063 0.046600877192982455
0 0.6696820175438597 0.26850328947368424 0.017543859649122806 0.04276315789473684
0 0.7708333333333334 0.26151315789473684 0.02722953216374269 0.02768640350877193
0 0.4542214912280702 0.26343201754385964 0.027777777777777776 0.03042763157894737
0 0.5508040935672514 0.27316337719298245 0.019554093567251463 0.05043859649122807
0 0.44106359649122806 0.292077850877193 0.0222953216374269 0.03179824561403509
0 0.4662828947368421 0.31469298245614036 0.025584795321637425 0.038651315789473686
0 0.3838633040935673 0.2722039473684211 0.012792397660818713 0.04084429824561404
0 0.3939144736842105 0.28426535087719296 0.01608187134502924 0.03755482456140351
0 0.36467470760233917 0.28495065789473684 0.0222953216374269 0.01918859649122807
0 0.3399122807017544 0.2911184210526316 0.029788011695906433 0.02987938596491228
0 0.5381030701754386 0.2743969298245614 0.011695906432748537 0.04632675438596491
0 0.5916940789473685 0.26398026315789475 0.01781798245614035 0.023300438596491228
0 0.5832419590643274 0.2897478070175438 0.013888888888888888 0.04194078947368421
0 0.57328216374269 0.296875 0.01516812865497076 0.04851973684210526
0 0.5810489766081871 0.32456140350877194 0.02010233918128655 0.04632675438596491
0 0.4180372807017544 0.2752192982456141 0.012792397660818713 0.04084429824561404
0 0.4133771929824561 0.3052357456140351 0.027595029239766082 0.023026315789473683
0 0.5263157894736842 0.27823464912280704 0.0133406432748538 0.04742324561403509
0 0.6405336257309941 0.27288925438596495 0.022112573099415205 0.02850877192982456
0 0.4571454678362573 0.27891995614035087 0.02046783625730994 0.03892543859649123
0 0.7244152046783626 0.27850877192982454 0.018092105263157895 0.03755482456140351
0 0.5730080409356725 0.2723410087719298 0.0222953216374269 0.023026315789473683
0 0.5534539473684211 0.29399671052631576 0.027046783625730993 0.03837719298245614
0 0.32648026315789475 0.27371162280701755 0.02448830409356725 0.023574561403508772
0 0.6064510233918128 0.2787828947368421 0.011695906432748537 0.030975877192982455
0 0.5959429824561403 0.2839912280701754 0.014071637426900584 0.038651315789473686
0 0.7574013157894737 0.2791940789473684 0.027777777777777776 0.0268640350877193
0 0.8030884502923976 0.2879660087719298 0.015716374269005847 0.042214912280701754
0 0.6403508771929824 0.28933662280701755 0.023574561403508772 0.0400219298245614
0 0.79203216374269 0.29276315789473684 0.016264619883040937 0.046875
0 0.4906798245614035 0.29372258771929827 0.02320906432748538 0.044956140350877194
0 0.5028326023391813 0.3246984649122807 0.027412280701754384 0.0268640350877193
0 0.6567982456140351 0.2898848684210526 0.0133406432748538 0.03728070175438596
0 0.754203216374269 0.2941337719298246 0.02942251461988304 0.04413377192982456
0 0.5146198830409358 0.2967379385964912 0.017726608187134504 0.046600877192982455
0 0.2689144736842105 0.29372258771929827 0.01864035087719298 0.0400219298245614
0 0.8547149122807017 0.29385964912280704 0.015899122807017545 0.03974780701754386
0 0.8620248538011697 0.33237390350877194 0.01882309941520468 0.044407894736842105
0 0.8188961988304093 0.2972861842105263 0.012975146198830409 0.04331140350877193
0 0.8278508771929824 0.30838815789473684 0.019554093567251463 0.04577850877192982
0 0.8114035087719298 0.31606359649122806 0.015533625730994151 0.04139254385964912
0 0.8436586257309941 0.30057565789473684 0.01644736842105263 0.041666666666666664
0 0.7047697368421052 0.2987938596491228 0.03033625730994152 0.02768640350877193
0 0.364766081871345 0.30496162280701755 0.030519005847953216 0.03289473684210526
0 0.34667397660818716 0.2996162280701754 0.0360014619883041 0.021655701754385966
0 0.640625 0.3097587719298246 0.017543859649122806 0.03700657894736842
0 0.597953216374269 0.3134594298245614 0.015899122807017545 0.03782894736842105
0 0.6071820175438596 0.3279879385964912 0.014985380116959063 0.048793859649122806
0 0.38103070175438597 0.3174342105263158 0.014071637426900584 0.04468201754385965
0 0.482547514619883 0.32401315789473684 0.013888888888888888 0.05455043859649123
0 0.4154331140350877 0.32195723684210525 0.03170687134502924 0.024671052631578948
0 0.40305190058479534 0.34457236842105265 0.019736842105263157 0.04303728070175439
0 0.4451754385964912 0.3374451754385965 0.03709795321637427 0.026589912280701754
0 0.5501251827485379 0.3140076754385965 0.03260782163742687 0.03070175438596491
0 0.5296966374269007 0.3430646929824562 0.017909356725146198 0.043859649122807015
0 0.730263157894737 0.3203125 0.01918859649122807 0.04331140350877193
0 0.7090643274853801 0.3231907894736842 0.01516812865497076 0.04194078947368421
0 0.7207602339181286 0.32387609649122806 0.014802631578947368 0.0400219298245614
0 0.7203947368421052 0.35430372807017546 0.03782894736842105 0.027960526315789474
0 0.6800073099415205 0.31606359649122806 0.01882309941520468 0.034265350877192985
0 0.7552997076023391 0.32058662280701755 0.019554093567251463 0.04276315789473684
0 0.7712902046783626 0.3469024122807018 0.04057017543859649 0.01644736842105263
0 0.3914473684210526 0.3218201754385965 0.017726608187134504 0.04358552631578947
0 0.39135599415204675 0.3458059210526316 0.0222953216374269 0.041666666666666664
0 0.6949926900584795 0.32839912280701755 0.015533625730994151 0.04303728070175439
0 0.3496893274853801 0.3237390350877193 0.029605263157894735 0.029331140350877194
0 0.6253654970760234 0.3268914473684211 0.023574561403508772 0.0356359649122807
0 0.6648391812865497 0.3282620614035088 0.02722953216374269 0.03782894736842105
0 0.6824588815789473 0.36101973684210525 0.025250365497076037 0.04413377192982456
0 0.8461257309941521 0.33264802631578944 0.024305555555555556 0.04550438596491228
0 0.340734649122807 0.32922149122807015 0.031067251461988302 0.0381030701754386
0 0.3253837719298246 0.33223684210526316 0.01608187134502924 0.04029605263157895
0 0.27037646198830406 0.3282620614035087 0.0222953216374269 0.03344298245614035
0 0.22322733918128654 0.3414199561403509 0.01864035087719298 0.052083333333333336
0 0.23199926900584797 0.381578947368421 0.03179824561403509 0.02549342105263158
0 0.80171783625731 0.3353892543859649 0.02722953216374269 0.03837719298245614
0 0.565515350877193 0.3399122807017544 0.02010233918128655 0.04632675438596491
0 0.2942251461988304 0.32675438596491224 0.034173976608187134 0.01836622807017544
0 0.36604532163742687 0.34100877192982454 0.018457602339181287 0.04577850877192982
0 0.1724232456140351 0.33881578947368424 0.027777777777777776 0.03919956140350877
0 0.7767726608187134 0.3308662280701754 0.029970760233918127 0.021655701754385966
0 0.3109466374269006 0.33566337719298245 0.015716374269005847 0.03070175438596491
0 0.47478070175438597 0.3478618421052631 0.02138157894736842 0.04906798245614035
0 0.47021198830409355 0.3665021929824561 0.019554093567251463 0.033168859649122806
0 0.23373538011695907 0.34731359649122806 0.02138157894736842 0.04577850877192982
0 0.20897295321637427 0.34608004385964913 0.017909356725146198 0.042214912280701754
0 0.8248355263157894 0.3463541666666667 0.02010233918128655 0.04331140350877193
0 0.5903691520467836 0.34676535087719296 0.017543859649122806 0.04303728070175439
0 0.8776498538011696 0.3493695175438597 0.021564327485380116 0.04111842105263158
0 0.6897843567251463 0.35115131578947373 0.017909356725146198 0.04413377192982456
0 0.5537280701754386 0.35704495614035087 0.023574561403508772 0.05482456140350877
0 0.6370614035087719 0.35512609649122806 0.02284356725146199 0.05043859649122807
0 0.25639619883040937 0.3525219298245614 0.012975146198830409 0.0424890350877193
0 0.27896564327485385 0.34662828947368424 0.03326023391812866 0.027412280701754384
0 0.24460891812865498 0.3612938596491228 0.012426900584795321 0.03042763157894737
0 0.8986659356725146 0.34676535087719296 0.02887426900584795 0.02987938596491228
0 0.4152046783625731 0.35526315789473684 0.027595029239766082 0.04413377192982456
0 0.8425621345029239 0.35265899122807015 0.019736842105263157 0.03837719298245614
0 0.2878289473684211 0.35320723684210525 0.030884502923976608 0.03508771929824561
0 0.5082236842105263 0.3597861842105263 0.02284356725146199 0.047697368421052634
0 0.5208333333333334 0.3597861842105263 0.016264619883040937 0.04824561403508772
0 0.3706140350877193 0.3581414473684211 0.021747076023391813 0.03892543859649123
0 0.349141081871345 0.3606085526315789 0.019371345029239765 0.042214912280701754
0 0.4336622807017544 0.3532072368421053 0.03271198830409357 0.025219298245614034
0 0.6469298245614035 0.3599232456140351 0.019919590643274854 0.038651315789473686
0 0.6319444444444444 0.36896929824561403 0.03234649122807018 0.05235745614035088
0 0.6327668128654971 0.3929550438596491 0.029605263157894735 0.03728070175438596
0 0.8061951754385964 0.36773574561403505 0.021929824561403508 0.049342105263157895
0 0.2939510233918129 0.3706140350877193 0.017543859649122806 0.046875
0 0.27860014619883045 0.39295504385964913 0.02046783625730994 0.044407894736842105
0 0.45760233918128657 0.37047697368421056 0.02320906432748538 0.044407894736842105
0 0.3157894736842105 0.3599232456140351 0.02942251461988304 0.02275219298245614
0 0.31853070175438597 0.3813048245614035 0.0268640350877193 0.03974780701754386
0 0.3264802631578947 0.38884320175438597 0.03728070175438596 0.07949561403508772
0 0.5743786549707602 0.3678728070175438 0.017361111111111112 0.03755482456140351
0 0.7288011695906432 0.3658168859649123 0.0360014619883041 0.03070175438596491
0 0.7730263157894737 0.36211622807017546 0.030519005847953216 0.021107456140350877
0 0.7555738304093567 0.3751370614035087 0.02887426900584795 0.03728070175438596
0 0.7446089181286549 0.38390899122807015 0.03070175438596491 0.025767543859649123
0 0.611750730994152 0.3774671052631579 0.013888888888888888 0.0512609649122807
0 0.5485197368421052 0.37856359649122806 0.021929824561403508 0.046875
0 0.4942434210526316 0.37911184210526316 0.019371345029239765 0.046875
0 0.8657711988304093 0.376233552631579 0.028143274853801168 0.04057017543859649
0 0.26096491228070173 0.38034539473684215 0.028326023391812866 0.0400219298245614
0 0.4348501461988304 0.38459429824561403 0.017909356725146198 0.046875
0 0.18000730994152048 0.375 0.02905701754385965 0.026589912280701754
0 0.20394736842105263 0.3815789473684211 0.021747076023391813 0.038651315789473686
0 0.797514619883041 0.3896655701754386 0.02540204678362573 0.05482456140350877
0 0.5371893274853801 0.3855537280701754 0.021564327485380116 0.044956140350877194
0 0.597953216374269 0.39364035087719296 0.02722953216374269 0.057839912280701754
0 0.41776315789473684 0.3865131578947369 0.027595029239766082 0.04084429824561404
0 0.38724415204678364 0.38527960526315785 0.023574561403508772 0.03728070175438596
0 0.36220760233918126 0.3818530701754386 0.02320906432748538 0.02823464912280702
0 0.37390350877192985 0.3965186403508772 0.020650584795321638 0.030153508771929825
0 0.45495248538011696 0.38500548245614036 0.023026315789473683 0.03453947368421053
0 0.3050986842105263 0.38103070175438597 0.025219298245614034 0.024945175438596492
0 0.8402777777777778 0.38966557017543857 0.030153508771929825 0.03782894736842105
0 0.6857638888888888 0.38884320175438597 0.03618421052631579 0.03289473684210526
0 0.7816154970760234 0.38692434210526316 0.02503654970760234 0.02850877192982456
0 0.8218201754385965 0.3918585526315789 0.02503654970760234 0.03837719298245614
0 0.7099780701754386 0.3925438596491228 0.017361111111111112 0.03919956140350877
0 0.7242324561403508 0.4076206140350877 0.019554093567251463 0.05838815789473684
0 0.4776133040935672 0.4003563596491228 0.014619883040935672 0.046052631578947366
0 0.5128837719298246 0.3910361842105263 0.027046783625730993 0.019736842105263157
0 0.34375 0.4067982456140351 0.018457602339181287 0.04797149122807018
0 0.6575292397660819 0.4121436403508772 0.015533625730994151 0.05756578947368421
0 0.6642909356725145 0.46450109649122806 0.019919590643274854 0.05921052631578947
0 0.17105263157894737 0.40254934210526316 0.017726608187134504 0.02631578947368421
0 0.2659904970760234 0.4072094298245614 0.01608187134502924 0.03508771929824561
0 0.2627010233918129 0.4388706140350877 0.03618421052631579 0.034265350877192985
0 0.5794956140350878 0.41310307017543857 0.015533625730994151 0.046875
0 0.5657894736842105 0.41885964912280704 0.014437134502923976 0.0556469298245614
0 0.2928545321637427 0.4055646929824561 0.0266812865497076 0.027412280701754384
0 0.6869517543859649 0.4159813596491228 0.020650584795321638 0.046052631578947366
0 0.7664473684210527 0.40309758771929827 0.033808479532163746 0.020833333333333332
0 0.7977887426900585 0.4216008771929825 0.021929824561403508 0.04468201754385965
0 0.7889254385964912 0.4495614035087719 0.025767543859649123 0.057291666666666664
0 0.7423245614035088 0.41488486842105265 0.01699561403508772 0.04276315789473684
0 0.46390716374269003 0.40720942982456143 0.023391812865497075 0.02412280701754386
0 0.23766447368421054 0.41570723684210525 0.01644736842105263 0.03837719298245614
0 0.6152229532163743 0.4185855263157895 0.025219298245614034 0.0424890350877193
0 0.8571820175438597 0.42283442982456143 0.019371345029239765 0.05263157894736842
0 0.8424707602339182 0.4225603070175439 0.01882309941520468 0.046600877192982455
0 0.8280336257309941 0.4409265350877193 0.017726608187134504 0.044956140350877194
0 0.8472222222222222 0.45476973684210525 0.033808479532163746 0.02549342105263158
0 0.32684576023391815 0.4198190789473684 0.019736842105263157 0.04550438596491228
0 0.5074013157894737 0.41269188596491224 0.043859649122807015 0.029605263157894735
0 0.415296052631579 0.41885964912280704 0.02046783625730994 0.04084429824561404
0 0.5532711988304093 0.42680921052631576 0.014619883040935672 0.04961622807017544
0 0.4486476608187135 0.42406798245614036 0.02101608187134503 0.04194078947368421
0 0.3871527777777778 0.4168037280701754 0.03508771929824561 0.023026315789473683
0 0.4278143274853801 0.4225603070175439 0.023940058479532164 0.03179824561403509
0 0.539656432748538 0.4303728070175439 0.015533625730994151 0.04358552631578947
0 0.5233918128654971 0.44065241228070173 0.018457602339181287 0.049890350877192985
0 0.5358187134502924 0.4551809210526316 0.01663011695906433 0.042214912280701754
0 0.7513706140350878 0.43146929824561403 0.02412280701754386 0.04194078947368421
0 0.3621162280701754 0.43585526315789475 0.025950292397660817 0.04577850877192982
0 0.6306652046783626 0.4322916666666667 0.03125 0.03919956140350877
0 0.7086988304093567 0.4347587719298246 0.02138157894736842 0.04413377192982456
0 0.7002923976608187 0.46696820175438597 0.023940058479532164 0.05482456140350877
0 0.7625182748538012 0.43571820175438597 0.01644736842105263 0.046052631578947366
0 0.2856359649122807 0.43393640350877194 0.024671052631578948 0.024396929824561403
0 0.5079495614035088 0.44942434210526316 0.017543859649122806 0.047149122807017545
0 0.5025584795321637 0.4699835526315789 0.025767543859649123 0.03728070175438596
0 0.8127741228070176 0.45394736842105265 0.013888888888888888 0.05619517543859649
0 0.8061951754385964 0.47491776315789475 0.021929824561403508 0.05482456140350877
0 0.5882675438596491 0.4418859649122807 0.031615497076023395 0.023848684210526317
0 0.7155519005847953 0.45997807017543857 0.013888888888888888 0.04577850877192982
0 0.7372076023391813 0.45915570175438597 0.030884502923976608 0.04303728070175439
0 0.4336622807017544 0.4645010964912281 0.024671052631578948 0.04824561403508772
0 0.4497441520467836 0.46902412280701755 0.017726608187134504 0.055098684210526314
0 0.5637792397660818 0.4742324561403509 0.02101608187134503 0.060032894736842105
0 0.7540204678362573 0.4669682017543859 0.01699561403508772 0.044956140350877194
0 0.641812865497076 0.4731359649122807 0.02101608187134503 0.0556469298245614
0 0.6268274853801169 0.4721765350877193 0.020285087719298246 0.05098684210526316
0 0.303453947368421 0.4720394736842105 0.01864035087719298 0.05016447368421053
0 0.6043494152046784 0.4725877192982456 0.018457602339181287 0.0512609649122807
0 0.3662280701754386 0.4760142543859649 0.012975146198830409 0.04331140350877193
0 0.8456688596491228 0.4739583333333333 0.036915204678362575 0.03536184210526316
0 0.6862207602339182 0.4817708333333333 0.01882309941520468 0.046052631578947366
0 0.15524488304093567 0.4943804824561403 0.025219298245614034 0.06853070175438597
0 0.1749817251461988 0.4906798245614035 0.01864035087719298 0.0512609649122807
0 0.16173245614035087 0.5519462719298246 0.023574561403508772 0.06414473684210527
0 0.14108187134502925 0.5822368421052632 0.034173976608187134 0.01836622807017544
0 0.22176535087719298 0.4831414473684211 0.014985380116959063 0.04331140350877193
0 0.1910635964912281 0.48684210526315785 0.02010233918128655 0.04961622807017544
0 0.836531432748538 0.4854714912280702 0.03326023391812866 0.04742324561403509
0 0.8263888888888888 0.5029468201754386 0.028326023391812866 0.03056469298245614
0 0.2612390350877193 0.4858826754385965 0.023757309941520467 0.046600877192982455
0 0.20705409356725146 0.4808963815789473 0.016264619883040937 0.033338815789473654
0 0.203125 0.5160361842105263 0.017909356725146198 0.05701754385964912
0 0.6537828947368421 0.48944627192982454 0.01644736842105263 0.046600877192982455
0 0.7687317251461988 0.48547149122807015 0.017543859649122806 0.03755482456140351
0 0.0847953216374269 0.48999451754385964 0.02138157894736842 0.044407894736842105
0 0.3739035087719298 0.49054276315789475 0.01516812865497076 0.043859649122807015
0 0.3676900584795321 0.5176809210526316 0.033808479532163746 0.03289473684210526
0 0.5720029239766082 0.4976699561403509 0.01663011695906433 0.05592105263157895
0 0.5573830409356725 0.5245339912280701 0.030153508771929825 0.05098684210526316
0 0.5791301169590642 0.533717105263158 0.02101608187134503 0.04303728070175439
0 0.6986476608187134 0.49451754385964913 0.010416666666666666 0.04468201754385965
0 0.41118421052631576 0.49575109649122806 0.017726608187134504 0.03892543859649123
0 0.12828947368421054 0.5039747807017544 0.014437134502923976 0.05482456140350877
0 0.11769005847953216 0.5383771929824561 0.021747076023391813 0.059484649122807015
0 0.5291483918128655 0.5060307017543859 0.019005847953216373 0.05893640350877193
0 0.31451023391812866 0.49821820175438597 0.02138157894736842 0.04057017543859649
0 0.3192616959064327 0.5104166666666666 0.018092105263157895 0.033717105263157895
0 0.39546783625730997 0.49780701754385964 0.028326023391812866 0.04029605263157895
0 0.7151864035087719 0.49972587719298245 0.023757309941520467 0.033717105263157895
0 0.4906798245614035 0.5054824561403509 0.020285087719298246 0.04468201754385965
0 0.7320906432748538 0.5128837719298246 0.023574561403508772 0.05674342105263158
0 0.45476973684210525 0.5058936403508771 0.03252923976608187 0.04057017543859649
0 0.5921966374269007 0.5117872807017544 0.01864035087719298 0.05235745614035088
0 0.5934758771929824 0.5635964912280702 0.023757309941520467 0.055098684210526314
0 0.13783808479532164 0.5043859649122807 0.009959795321637427 0.036458333333333336
0 0.43357090643274854 0.5082236842105263 0.015350877192982455 0.04358552631578947
0 0.4701206140350877 0.5089089912280702 0.023757309941520467 0.04111842105263158
0 0.7891081871345029 0.5142543859649124 0.022478070175438597 0.05016447368421053
0 0.7714729532163742 0.520422149122807 0.03874269005847953 0.03234649122807018
0 0.6314875730994152 0.5190515350877193 0.029605263157894735 0.052083333333333336
0 0.5108735380116959 0.5268640350877193 0.017543859649122806 0.0644188596491228
0 0.09767909356725146 0.5183662280701754 0.029970760233918127 0.04577850877192982
0 0.3485014619883041 0.520970394736842 0.017361111111111112 0.05098684210526316
0 0.3420138888888889 0.5641447368421053 0.034722222222222224 0.03974780701754386
0 0.4182200292397661 0.5212445175438597 0.01425438596491228 0.04550438596491228
0 0.21160544590643277 0.5579769736842106 0.03194627192982455 0.01918859649122807
0 0.2071454678362573 0.5799067982456141 0.033625730994152045 0.03508771929824561
0 0.6207054093567251 0.5272752192982456 0.021929824561403508 0.054276315789473686
0 0.6116593567251463 0.5294682017543859 0.02503654970760234 0.052083333333333336
0 0.04861111111111111 0.5248081140350878 0.022112573099415205 0.047697368421052634
0 0.03819444444444445 0.5575657894736842 0.01882309941520468 0.04413377192982456
0 0.0539108187134503 0.5566063596491229 0.026133040935672515 0.039473684210526314
0 0.04856542397660819 0.5810032894736843 0.03737207602339181 0.03344298245614035
0 0.016355994152046784 0.6019736842105263 0.02412280701754386 0.031524122807017545
0 0.08934210526315789 0.6110197368421053 0.02060672514619883 0.04961622807017544
0 0.06405336257309942 0.5985992324561404 0.03289473684210526 0.014698464912280673
0 0.030519005847953216 0.6185581140350878 0.03271198830409357 0.02412280701754386
0 0.013249269005847952 0.6388432017543859 0.02631578947368421 0.02850877192982456
0 0.28709795321637427 0.5308388157894737 0.01699561403508772 0.05263157894736842
0 0.6752558479532164 0.5250822368421053 0.022112573099415205 0.0400219298245614
0 0.6507675438596491 0.530701754385965 0.02942251461988304 0.05016447368421053
0 0.06853070175438597 0.5298793859649122 0.022112573099415205 0.04523026315789474
0 0.23273026315789475 0.5338541666666666 0.02010233918128655 0.05098684210526316
0 0.18841374269005848 0.5385142543859649 0.018092105263157895 0.05263157894736842
0 0.7047697368421052 0.5245339912280702 0.03618421052631579 0.022478070175438597
0 0.25995979532163743 0.5433114035087719 0.025219298245614034 0.05619517543859649
0 0.2646198830409357 0.5601699561403509 0.023574561403508772 0.05043859649122807
0 0.828764619883041 0.5272752192982456 0.03673245614035088 0.02412280701754386
0 0.30235745614035087 0.5463267543859649 0.01827485380116959 0.057291666666666664
0 0.3154239766081871 0.5482456140350878 0.018092105263157895 0.057839912280701754
0 0.40250365497076024 0.548656798245614 0.017909356725146198 0.06030701754385965
0 0.5410270467836258 0.5452302631578947 0.015716374269005847 0.05400219298245614
0 0.5251279239766081 0.5519462719298246 0.019736842105263157 0.041666666666666664
0 0.14126461988304093 0.5470120614035088 0.02138157894736842 0.05537280701754386
0 0.49661915204678364 0.5501644736842105 0.017543859649122806 0.060032894736842105
0 0.33826754385964913 0.5381030701754386 0.01663011695906433 0.03536184210526316
0 0.3658168859649123 0.5324835526315789 0.02275219298245614 0.020833333333333332
0 0.38203581871345027 0.5571546052631579 0.015350877192982455 0.054276315789473686
0 0.740405701754386 0.5497532894736842 0.01644736842105263 0.0537280701754386
0 0.43201754385964913 0.5496162280701755 0.02138157894736842 0.0424890350877193
0 0.46153143274853803 0.5503015350877194 0.02010233918128655 0.042214912280701754
0 0.7671783625730995 0.5501644736842106 0.024671052631578948 0.04194078947368421
0 0.5544590643274854 0.5561951754385965 0.017361111111111112 0.04851973684210526
0 0.36796418128654973 0.5644188596491229 0.015350877192982455 0.04961622807017544
0 0.02183845029239766 0.5601699561403509 0.013523391812865496 0.03399122807017544
0 0.6970942982456141 0.5766173245614035 0.01864035087719298 0.06743421052631579
0 0.41264619883040937 0.5719572368421053 0.015899122807017545 0.05482456140350877
0 0.7238669590643275 0.5641447368421053 0.018092105263157895 0.03919956140350877
0 0.4810855263157895 0.5638706140350878 0.019736842105263157 0.033717105263157895
0 0.6104714912280702 0.5796326754385965 0.014619883040935672 0.0581140350877193
0 0.5873538011695906 0.6032072368421052 0.0360014619883041 0.030153508771929825
0 0.596217105263158 0.6199287280701754 0.033625730994152045 0.030153508771929825
0 0.5711805555555556 0.6385690789473685 0.019005847953216373 0.049890350877192985
0 0.16968201754385964 0.5771655701754386 0.021564327485380116 0.05098684210526316
0 0.42507309941520466 0.5794956140350878 0.018457602339181287 0.055098684210526314
0 0.6277412280701754 0.5778508771929824 0.023940058479532164 0.04851973684210526
0 0.6537828947368421 0.5808662280701754 0.01864035087719298 0.055098684210526314
0 0.5632309941520468 0.5734649122807018 0.033808479532163746 0.034265350877192985
0 0.6801900584795322 0.5803179824561404 0.019554093567251463 0.04742324561403509
0 0.507218567251462 0.5812774122807017 0.025219298245614034 0.048793859649122806
0 0.34777046783625726 0.5818256578947368 0.02942251461988304 0.041666666666666664
0 0.4382309941520468 0.5895010964912281 0.016264619883040937 0.039473684210526314
0 0.4859283625730994 0.5981359649122807 0.017726608187134504 0.055098684210526314
0 0.10626827485380116 0.5831962719298246 0.033625730994152045 0.024671052631578948
0 0.5231176900584795 0.5896381578947368 0.03252923976608187 0.035910087719298246
0 0.668859649122807 0.5892269736842106 0.018457602339181287 0.03453947368421053
0 0.667671783625731 0.6223958333333334 0.01864035087719298 0.03892543859649123
0 0.7477156432748537 0.6067708333333333 0.019736842105263157 0.06853070175438597
0 0.7869152046783626 0.6012883771929824 0.015533625730994151 0.05592105263157895
0 0.17973318713450293 0.599095394736842 0.017909356725146198 0.043859649122807015
0 0.3915387426900585 0.5997807017543859 0.027412280701754384 0.04577850877192982
0 0.46920687134502925 0.5936129385964912 0.01644736842105263 0.03289473684210526
0 0.4618969298245614 0.6011513157894738 0.03399122807017544 0.0424890350877193
0 0.3204495614035088 0.5940241228070176 0.023026315789473683 0.03262061403508772
0 0.3866045321637427 0.5908717105263158 0.02010233918128655 0.025767543859649123
0 0.29449926900584794 0.5955317982456141 0.031432748538011694 0.025767543859649123
0 0.7733918128654971 0.6074561403508772 0.020285087719298246 0.05674342105263158
0 0.19325657894736842 0.6086896929824561 0.021198830409356724 0.05646929824561404
0 0.23538011695906433 0.5996436403508771 0.02101608187134503 0.03837719298245614
0 0.3526133040935673 0.6062225877192983 0.021198830409356724 0.047149122807017545
0 0.363578216374269 0.6185581140350878 0.034722222222222224 0.03070175438596491
0 0.3663194444444445 0.5995065789473685 0.025219298245614034 0.03262061403508772
0 0.5619517543859649 0.5975877192982456 0.0360014619883041 0.02768640350877193
0 0.0029696637426900583 0.6080043859649122 0.005939327485380117 0.04797149122807018
0 0.7286184210526316 0.606907894736842 0.016264619883040937 0.04413377192982456
0 0.7203947368421053 0.6296600877192982 0.01882309941520468 0.04303728070175439
0 0.7425073099415205 0.6680372807017544 0.021747076023391813 0.04632675438596491
0 0.7136330409356725 0.6694078947368421 0.047697368421052634 0.04797149122807018
0 0.6874086257309941 0.6828399122807017 0.023757309941520467 0.04358552631578947
0 0.6723318713450291 0.6876370614035088 0.027595029239766082 0.046600877192982455
0 0.7240497076023391 0.6787280701754386 0.028326023391812866 0.0200109649122807
0 0.7287097953216375 0.7069627192982456 0.0266812865497076 0.060032894736842105
0 0.7432383040935673 0.7109375 0.022112573099415205 0.054276315789473686
0 0.6664839181286549 0.7091557017543859 0.01516812865497076 0.03042763157894737
0 0.6903326023391814 0.7098410087719298 0.025584795321637425 0.022478070175438597
0 0.6803728070175438 0.7305372807017544 0.027960526315789474 0.031524122807017545
0 0.7141812865497076 0.7350603070175439 0.022112573099415205 0.03728070175438596
0 0.6337719298245613 0.6140350877192982 0.019919590643274854 0.05180921052631579
0 0.5394736842105263 0.6070970394736842 0.026498538011695907 0.03738486842105266
0 0.5598501461988304 0.6214364035087719 0.017909356725146198 0.030975877192982455
0 0.14437134502923976 0.6010142543859649 0.039656432748538015 0.023026315789473683
0 0.7083333333333333 0.612390350877193 0.02138157894736842 0.04413377192982456
0 0.21144005847953215 0.610608552631579 0.03673245614035088 0.03782894736842105
0 0.21573464912280702 0.6207510964912281 0.034722222222222224 0.01699561403508772
0 0.23086896929824563 0.6360855263157895 0.013956505847953197 0.03615131578947371
0 0.21911549707602337 0.6526864035087719 0.020650584795321638 0.060581140350877194
0 0.22706688596491229 0.6653810307017544 0.013161549707602336 0.014906798245614064
0 0.40268640350877194 0.6069078947368421 0.023391812865497075 0.024396929824561403
0 0.7384868421052632 0.6233552631578947 0.017361111111111112 0.0512609649122807
0 0.2901133040935673 0.6215734649122807 0.013157894736842105 0.04550438596491228
0 0.2777777777777778 0.6200657894736843 0.015899122807017545 0.03481359649122807
0 0.25639619883040937 0.6266447368421053 0.016264619883040937 0.033717105263157895
0 0.28088450292397665 0.6635142543859649 0.017361111111111112 0.048793859649122806
0 0.10279605263157895 0.6219846491228069 0.03033625730994152 0.04468201754385965
0 0.12325657894736843 0.6171162280701754 0.03490497076023392 0.0268640350877193
0 0.13687317251461986 0.6253152412280703 0.0224451754385965 0.03125
0 0.13349780701754385 0.6452850877192983 0.016812865497076022 0.030975877192982455
0 0.09993238304093566 0.6667872807017544 0.017796052631578945 0.05424342105263161
0 0.14016812865497075 0.6732456140350878 0.01918859649122807 0.04797149122807018
0 0.1583516081871345 0.6746162280701754 0.017178362573099414 0.04413377192982456
0 0.11896929824561403 0.6822916666666667 0.023940058479532164 0.05674342105263158
0 0.14948830409356725 0.7223135964912281 0.02320906432748538 0.04961622807017544
0 0.13116776315789475 0.7236842105263158 0.01836622807017544 0.04797149122807018
0 0.31487573099415206 0.6133497807017544 0.02284356725146199 0.025219298245614034
0 0.33707967836257313 0.6282894736842105 0.016812865497076022 0.05180921052631579
0 0.3177083333333333 0.6298656798245614 0.027046783625730993 0.031661184210526314
0 0.6504020467836258 0.623766447368421 0.023574561403508772 0.03892543859649123
0 0.5004385964912281 0.6262856359649123 0.02481725146198834 0.04177083333333336
0 0.529513888888889 0.6484375 0.01608187134502924 0.05701754385964912
0 0.5183662280701754 0.6539199561403509 0.014985380116959063 0.041666666666666664
0 0.49497441520467833 0.6725603070175439 0.01827485380116959 0.06633771929824561
0 0.5092288011695907 0.6777686403508771 0.017178362573099414 0.0625
0 0.5300621345029239 0.7025767543859649 0.03033625730994152 0.04742324561403509
0 0.4018640350877193 0.6308936403508771 0.030519005847953216 0.044956140350877194
0 0.1536001461988304 0.6303453947368421 0.02631578947368421 0.04276315789473684
0 0.1514985380116959 0.6613212719298245 0.02101608187134503 0.051535087719298246
0 0.2966008771929825 0.6318530701754386 0.017361111111111112 0.04632675438596491
0 0.2949561403508772 0.6705043859649122 0.010416666666666666 0.03536184210526316
0 0.43238304093567254 0.620202850877193 0.0447733918128655 0.022478070175438597
0 0.4112755847953216 0.6432291666666666 0.014619883040935672 0.043859649122807015
0 0.3782894736842105 0.6799616228070176 0.016264619883040937 0.05537280701754386
0 0.6776315789473684 0.6325383771929824 0.02320906432748538 0.046052631578947366
0 0.6896016081871346 0.6362390350877194 0.01608187134502924 0.05071271929824561
0 0.6154970760233919 0.6314418859649124 0.018092105263157895 0.04276315789473684
0 0.6030701754385964 0.6736567982456141 0.028326023391812866 0.04824561403508772
0 0.24762426900584797 0.6370614035087719 0.018457602339181287 0.04523026315789474
0 0.4670138888888889 0.6461074561403509 0.023026315789473683 0.05838815789473684
0 0.4721308479532164 0.6648848684210527 0.02448830409356725 0.05701754385964912
0 0.42799707602339176 0.6668037280701754 0.03344298245614035 0.047149122807017545
0 0.4339364035087719 0.6776315789473684 0.029605263157894735 0.04468201754385965
0 0.4066154970760234 0.6716008771929824 0.014437134502923976 0.02549342105263158
0 0.1711440058479532 0.6319901315789473 0.02448830409356725 0.027412280701754384
0 0.7605994152046783 0.6415844298245614 0.02320906432748538 0.04550438596491228
0 0.7945906432748537 0.6341831140350876 0.036366959064327485 0.029605263157894735
0 0.06770833333333333 0.6374725877192983 0.03545321637426901 0.021929824561403508
0 0.5800438596491228 0.6565241228070176 0.02320906432748538 0.04358552631578947
0 0.5867141812865497 0.7010690789473684 0.021198830409356724 0.06195175438596491
0 0.5642361111111112 0.6939418859649124 0.025219298245614034 0.04111842105263158
0 0.7009320175438597 0.6445997807017543 0.023391812865497075 0.03508771929824561
0 0.20257675438596492 0.637609649122807 0.025584795321637425 0.01836622807017544
0 0.358406432748538 0.6411732456140351 0.03461257309941522 0.023848684210526317
0 0.23763614766081873 0.6593338815789473 0.02730811403508769 0.05084978070175439
0 0.256140350877193 0.6635142543859649 0.02152777777777777 0.04331140350877193
0 0.624360380116959 0.6461074561403509 0.020833333333333332 0.02275219298245614
0 0.6483004385964912 0.6703673245614035 0.027412280701754384 0.03892543859649123
0 0.6635599415204678 0.6559758771929824 0.030153508771929825 0.04303728070175439
0 0.5593019005847952 0.6561129385964912 0.020833333333333332 0.041666666666666664
0 0.6410818713450291 0.6485745614035088 0.020285087719298246 0.023848684210526317
0 0.19563230994152048 0.6577576754385965 0.025584795321637425 0.03837719298245614
0 0.1769919590643275 0.651452850877193 0.019736842105263157 0.019736842105263157
0 0.31798245614035087 0.6594024122807017 0.020285087719298246 0.0400219298245614
0 0.3084795321637427 0.6695449561403509 0.021747076023391813 0.04824561403508772
0 0.47934941520467833 0.6787280701754387 0.017726608187134504 0.06606359649122807
0 0.7927631578947368 0.6584429824561403 0.026133040935672515 0.023300438596491228
0 0.7958698830409356 0.6770833333333334 0.02101608187134503 0.04084429824561404
0 0.8111293859649122 0.7239583333333333 0.027412280701754384 0.059484649122807015
0 0.7730263157894737 0.6803728070175439 0.014071637426900584 0.06332236842105263
0 0.7609649122807017 0.6825657894736843 0.014802631578947368 0.057839912280701754
0 0.7898391812865496 0.6969572368421052 0.02101608187134503 0.05317982456140351
0 0.7654422514619883 0.7330043859649122 0.015716374269005847 0.062225877192982455
0 0.753015350877193 0.7323190789473684 0.017543859649122806 0.05263157894736842
0 0.790296052631579 0.7304002192982456 0.03837719298245614 0.03782894736842105
0 0.020924707602339183 0.6639254385964912 0.04203216374269006 0.02768640350877193
0 0.3530701754385965 0.6594024122807018 0.02722953216374269 0.01918859649122807
0 0.37125365497076024 0.6837993421052632 0.01206140350877193 0.043859649122807015
0 0.6150402046783626 0.674890350877193 0.0266812865497076 0.04358552631578947
0 0.6176443713450293 0.7190241228070176 0.028782894736842105 0.05071271929824561
0 0.3326937134502924 0.6829769736842105 0.01608187134502924 0.05646929824561404
0 0.1962719298245614 0.6780427631578947 0.018092105263157895 0.044956140350877194
0 0.17863669590643275 0.6881853070175439 0.027412280701754384 0.06195175438596491
0 0.18521564327485382 0.6799616228070176 0.01608187134502924 0.03673245614035088
0 0.6269188596491228 0.6842105263157894 0.015350877192982455 0.0512609649122807
0 0.6385233918128654 0.6972313596491228 0.021747076023391813 0.043859649122807015
0 0.6493055555555556 0.7124451754385965 0.023940058479532164 0.04742324561403509
0 0.3453033625730994 0.6836622807017544 0.013888888888888888 0.04797149122807018
0 0.8321454678362573 0.6877741228070176 0.025950292397660817 0.04468201754385965
0 0.8500548245614036 0.6976425438596491 0.016812865497076022 0.05180921052631579
0 0.8174342105263158 0.7060032894736842 0.025767543859649123 0.0537280701754386
0 0.3571820175438597 0.6944901315789475 0.017178362573099414 0.05701754385964912
0 0.40131578947368424 0.6853070175438597 0.03271198830409357 0.03481359649122807
0 0.5566520467836257 0.7042214912280702 0.020650584795321638 0.057839912280701754
0 0.27869152046783624 0.6966831140350878 0.023574561403508772 0.04057017543859649
0 0.453125 0.6992872807017544 0.03289473684210526 0.038651315789473686
0 0.2986111111111111 0.7125822368421053 0.019554093567251463 0.06195175438596491
0 0.7080592105263158 0.6939418859649124 0.033625730994152045 0.01864035087719298
0 0.1267361111111111 0.7069627192982456 0.019736842105263157 0.04029605263157895
0 0.2310855263157895 0.705592105263158 0.03983918128654971 0.03262061403508772
0 0.6038011695906433 0.7153234649122806 0.024305555555555556 0.043859649122807015
0 0.1681286549707602 0.7149122807017544 0.030519005847953216 0.0424890350877193
0 0.2791483918128655 0.7216282894736842 0.021929824561403508 0.054276315789473686
0 0.07191154970760234 0.7161458333333334 0.03728070175438596 0.03399122807017544
0 0.03298611111111111 0.7276589912280702 0.023026315789473683 0.05537280701754386
0 0.706140350877193 0.7199835526315789 0.027960526315789474 0.0356359649122807
0 0.4303728070175439 0.7179276315789473 0.03490497076023392 0.02823464912280702
0 0.194718567251462 0.7254660087719298 0.017543859649122806 0.03892543859649123
0 0.8541666666666667 0.7336896929824561 0.02540204678362573 0.044956140350877194
0 0.23720760233918128 0.7338267543859649 0.03892543859649123 0.029331140350877194
0 0.36796418128654973 0.7425986842105263 0.015716374269005847 0.04413377192982456
0 0.35699926900584794 0.7509594298245613 0.01827485380116959 0.043859649122807015
0 0.5814144736842105 0.7617872807017544 0.02412280701754386 0.07209429824561403
0 0.5994152046783626 0.7542489035087719 0.017726608187134504 0.05592105263157895
0 0.20778508771929824 0.7510964912280702 0.015899122807017545 0.04523026315789474
0 0.24351242690058478 0.7702850877192983 0.023026315789473683 0.04632675438596491
0 0.22587719298245615 0.7815241228070176 0.031980994152046784 0.05071271929824561
0 0.7894736842105263 0.7515076754385964 0.031980994152046784 0.044956140350877194
0 0.5465095029239766 0.7568530701754387 0.017178362573099414 0.05016447368421053
0 0.31688596491228066 0.7630208333333333 0.026133040935672515 0.05921052631578947
0 0.2895650584795321 0.7472587719298245 0.029605263157894735 0.02768640350877193
0 0.1800986842105263 0.762609649122807 0.023026315789473683 0.05455043859649123
0 0.1950840643274854 0.771655701754386 0.02412280701754386 0.057839912280701754
0 0.05052997076023392 0.7645285087719299 0.02046783625730994 0.057291666666666664
0 0.448921783625731 0.7538377192982456 0.031432748538011694 0.031524122807017545
0 0.522843567251462 0.7590460526315789 0.019554093567251463 0.036458333333333336
0 0.6041666666666666 0.7770696271929824 0.022478070175438597 0.0634594298245614
0 0.4925073099415205 0.7690515350877193 0.017361111111111112 0.047149122807017545
0 0.3730811403508772 0.7690515350877193 0.016812865497076022 0.046052631578947366
0 0.14766081871345027 0.7687774122807017 0.026498538011695907 0.04111842105263158
0 0.01023391812865497 0.7754934210526316 0.020285087719298246 0.04906798245614035
0 0.03600146198830409 0.7811129385964912 0.022478070175438597 0.0581140350877193
0 0.13130482456140352 0.7794682017543859 0.02010233918128655 0.0537280701754386
0 0.17114400584795322 0.7771381578947368 0.02412280701754386 0.04851973684210526
0 0.6440058479532164 0.7835800438596491 0.026133040935672515 0.05921052631578947
0 0.6643823099415205 0.7841282894736842 0.01644736842105263 0.05263157894736842
0 0.08781067251461988 0.7849506578947368 0.021564327485380116 0.05921052631578947
0 0.41228070175438597 0.7770010964912281 0.03490497076023392 0.03782894736842105
0 0.07396747076023392 0.7875548245614035 0.020741959064327485 0.05290570175438596
0 0.560124269005848 0.7708333333333334 0.023574561403508772 0.022203947368421052
0 0.6244517543859649 0.7966008771929824 0.017361111111111112 0.06825657894736842
0 0.4317434210526316 0.7957785087719298 0.03033625730994152 0.059484649122807015
0 0.4589729532163742 0.7833059210526316 0.029239766081871343 0.025767543859649123
0 0.15634137426900582 0.7871436403508772 0.01864035087719298 0.04057017543859649
0 0.5279605263157895 0.788514254385965 0.015899122807017545 0.042214912280701754
0 0.7546600877192983 0.7989309210526315 0.025950292397660817 0.05921052631578947
0 0.3858406432748538 0.805235745614035 0.020899122807017566 0.06743421052631579
0 0.4768823099415205 0.7961896929824561 0.029970760233918127 0.04331140350877193
0 0.06542397660818713 0.8120888157894737 0.024305555555555556 0.07072368421052631
0 0.5514437134502924 0.796875 0.024853801169590642 0.03700657894736842
0 0.610014619883041 0.8082510964912281 0.01918859649122807 0.05646929824561404
0 0.6859466374269007 0.805921052631579 0.01864035087719298 0.04303728070175439
0 0.4538559941520468 0.8015350877192982 0.02010233918128655 0.028782894736842105
0 0.8424707602339182 0.8172971491228069 0.018457602339181287 0.05975877192982456
0 0.6957236842105263 0.8155153508771931 0.02138157894736842 0.04303728070175439
0 0.7086074561403509 0.8183936403508771 0.03070175438596491 0.044407894736842105
0 0.6454678362573099 0.8163377192982456 0.02905701754385965 0.026589912280701754
0 0.5364583333333334 0.8617050438596491 0.03252923976608187 0.06140350877192982
0 0.13495979532163743 0.8987116228070176 0.017909356725146198 0.05975877192982456
0 0.31350511695906436 0.9265350877192983 0.013523391812865496 0.03481359649122807
0 0.5754751461988304 0.9535361842105262 0.03344298245614035 0.027960526315789474
0 0.8153326023391813 0.9766995614035088 0.02887426900584795 0.04303728070175439
0 0.052164656432748535 0.6282894736842105 0.01606176900584795 0.038651315789473686
0 0.06675986842105264 0.657061403508772 0.042072368421052636 0.02932565789473685
0 0.08913194444444444 0.6593681469298245 0.03597222222222222 0.05530427631578947
0 0.10796692251461987 0.6624177631578948 0.02522112573099415 0.04893092105263158
0 0.11966191520467837 0.633061951754386 0.02600511695906434 0.04140899122807016
0 0.29285910087719297 0.9710115131578947 0.03162097953216374 0.03686951754385965
0 0.3017233187134503 0.9738212719298245 0.027415935672514616 0.035910087719298246
0 0.035651498538011694 0.6317845394736843 0.030542763157894736 0.040981359649122806
0 0.06416301169590644 0.6166680372807017 0.038614766081871345 0.029503837719298275
0 0.03142909356725146 0.5925534539473685 0.024714912280701756 0.03227796052631579
0 0.2144124634502924 0.5269873903508773 0.019647295321637424 0.0581140350877193
0 0.06334155701754386 0.5856428179824562 0.03957054093567251 0.022305372807017637
0 0.2643375365497076 0.6754043311403508 0.03132127192982458 0.04954769736842105
0 0.8246975511695906 0.7018338815789474 0.034844663742690074 0.06088815789473681
0 0.37567525584795325 0.2652083333333333 0.027425073099415193 0.03519188596491231
0 0.43600968567251464 0.31262061403508773 0.02858735380116956 0.02875000000000003
0 0.6787426900584795 0.46731085526315785 0.0172002923976608 0.057154605263157895
0 0.6742233187134503 0.4161677631578947 0.01969298245614039 0.05756578947368421
0 0.7387892909356725 0.3101356907894737 0.022892909356725142 0.0463952850877193
0 0.7347112573099415 0.28358004385964913 0.017653508771929807 0.02823464912280702
0 0.3760964912280702 0.24739583333333331 0.02101608187134503 0.0400219298245614
0 0.3552266081871345 0.4100877192982456 0.016725146198830407 0.03179824561403509
0 0.34942342836257306 0.43321683114035087 0.014256213450292396 0.03378563596491228
0 0.47616045321637424 0.26731633771929825 0.01791301169590643 0.03737390350877191
0 0.4636056286549708 0.3006359649122807 0.02742690058479531 0.05179276315789475
0 0.38619700292397663 0.45411869517543857 0.033263888888888926 0.031181469298245616
0 0.4066328581871345 0.46365268640350876 0.028495979532163714 0.05501370614035089
0 0.5367690058479532 0.31856496710526316 0.019784356725146154 0.04022752192982456
0 0.5690588450292398 0.24633223684210526 0.033808479532163746 0.026606359649122793
0 0.5828910818713451 0.25084155701754385 0.03858918128654968 0.02717105263157895
0 0.651266447368421 0.35200657894736836 0.02692982456140345 0.04632675438596491
0 0.6581697733918128 0.34435855263157894 0.024289108187134475 0.03959429824561405
0 0.7833680555555556 0.43897066885964914 0.013757309941520421 0.0473547149122807
0 0.7747514619883041 0.4311389802631579 0.017021198830409416 0.04944353070175442
0 0.5972578581871345 0.6502933114035088 0.023163377192982455 0.049468201754385974
0 0.5327101608187135 0.692312225877193 0.029543128654970816 0.04420230263157895
0 0.5433808479532164 0.6511732456140351 0.015471491228070148 0.06248903508771931
0 0.5236019736842106 0.6214967105263157 0.04099780701754389 0.024396929824561403
0 0.45081140350877197 0.6546011513157894 0.012975146198830409 0.04749177631578947
0 0.4358607456140351 0.6437774122807017 0.03966008771929824 0.035910087719298246
0 0.39529422514619883 0.6549821820175439 0.029334795321637422 0.026384320175438597
0 0.3792288011695907 0.6383881578947368 0.027463450292397697 0.0461732456140351
0 0.26914565058479534 0.6312362938596491 0.023119517543859647 0.04673793859649123
