0 0.7443347953216375 0.6156798245614035 0.019005847953216373 0.023574561403508772
0 0.8075657894736842 0.5952576754385964 0.016812865497076022 0.0200109649122807
0 0.49972587719298245 0.6044407894736843 0.01516812865497076 0.01918859649122807
0 0.8921783625730995 0.6444627192982456 0.017909356725146198 0.02631578947368421
0 0.7832602339181287 0.6903782894736843 0.01864035087719298 0.033168859649122806
0 0.12472587719298246 0.6498081140350876 0.012975146198830409 0.02768640350877193
0 0.7044956140350878 0.6328125 0.009502923976608187 0.02549342105263158
0 0.10773026315789473 0.6114309210526315 0.012609649122807017 0.029331140350877194
0 0.14071637426900585 0.6526864035087719 0.011695906432748537 0.03179824561403509
0 0.2050438596491228 0.6251370614035088 0.013888888888888888 0.021655701754385966
0 0.8526133040935672 0.5884046052631579 0.020285087719298246 0.02275219298245614
0 0.6508589181286549 0.5984100877192983 0.020650584795321638 0.017543859649122806
0 0.5456871345029239 0.640625 0.014985380116959063 0.03289473684210526
0 0.4124634502923976 0.7038103070175439 0.013888888888888888 0.03974780701754386
0 0.5635051169590644 0.623766447368421 0.01699561403508772 0.021107456140350877
0 0.2431469298245614 0.7745339912280702 0.02101608187134503 0.033717105263157895
0 0.551078216374269 0.6112938596491228 0.010051169590643274 0.02850877192982456
0 0.30948464912280704 0.6728344298245614 0.019919590643274854 0.023300438596491228
0 0.8695175438596492 0.5888157894736842 0.016812865497076022 0.021929824561403508
0 0.1181469298245614 0.7169065241228071 0.016264619883040937 0.03359375000000005
0 0.1667580409356725 0.6613212719298246 0.015899122807017545 0.027138157894736843
0 0.4418859649122807 0.5855263157894737 0.01206140350877193 0.01425438596491228
0 0.8987573099415204 0.6171875 0.02010233918128655 0.0200109649122807
0 0.8209978070175438 0.6262335526315789 0.012244152046783625 0.021655701754385966
0 0.45933845029239767 0.5897752192982456 0.01516812865497076 0.024945175438596492
0 0.8499634502923977 0.6271929824561404 0.01644736842105263 0.01864035087719298
0 0.2874634502923976 0.6361019736842106 0.017909356725146198 0.018914473684210526
0 0.37033991228070173 0.6481633771929824 0.008223684210526315 0.022203947368421052
0 0.6255482456140351 0.6266447368421052 0.010599415204678362 0.020285087719298246
0 0.7692799707602339 0.5786732456140351 0.0133406432748538 0.022478070175438597
0 0.3667763157894737 0.5921052631578948 0.010599415204678362 0.025219298245614034
0 0.2567616959064328 0.6800986842105263 0.02046783625730994 0.02905701754385965
0 0.8065606725146199 0.6558388157894737 0.015899122807017545 0.028782894736842105
0 0.05290570175438597 0.6722861842105263 0.014802631578947368 0.03262061403508772
0 0.8613852339181286 0.6459703947368421 0.011878654970760233 0.026041666666666668
0 0.9311951754385965 0.6191063596491229 0.023574561403508772 0.01836622807017544
0 0.23291301169590642 0.753015350877193 0.020650584795321638 0.020285087719298246
0 0.37737573099415206 0.571546052631579 0.010964912280701754 0.02631578947368421
0 0.6506761695906432 0.6746162280701754 0.015899122807017545 0.012609649122807017
0 0.11449195906432749 0.6407620614035088 0.01663011695906433 0.015625
0 0.11960891812865497 0.5929276315789473 0.009685672514619883 0.01699561403508772
0 0.9262609649122807 0.5834703947368421 0.018457602339181287 0.024396929824561403
0 0.7696454678362573 0.6487116228070176 0.012244152046783625 0.017269736842105265
0 0.6433662280701755 0.7035361842105263 0.017361111111111112 0.022203947368421052
0 0.48236476608187134 0.6488486842105263 0.010051169590643274 0.025767543859649123
0 0.543859649122807 0.7051809210526315 0.0222953216374269 0.015076754385964912
0 0.16054459064327486 0.608141447368421 0.014071637426900584 0.021107456140350877
0 0.1842105263157895 0.5812774122807017 0.012426900584795321 0.01781798245614035
0 0.302266081871345 0.6541940789473684 0.015716374269005847 0.021655701754385966
0 0.25977704678362573 0.5767543859649122 0.01663011695906433 0.02412280701754386
0 0.7204861111111112 0.6415844298245614 0.01663011695906433 0.021655701754385966
0 0.46820175438596495 0.6918859649122807 0.012792397660818713 0.02905701754385965
0 0.3172514619883041 0.5757949561403508 0.01206140350877193 0.022203947368421052
0 0.3435672514619883 0.6292489035087719 0.014985380116959063 0.022203947368421052
0 0.48775584795321636 0.6222587719298246 0.005847953216374269 0.014802631578947368
0 0.3456688596491228 0.6038925438596491 0.015533625730994151 0.021929824561403508
0 0.6097404970760234 0.6631030701754386 0.012609649122807017 0.021929824561403508
0 0.6218932748538012 0.6469298245614036 0.01023391812865497 0.018092105263157895
0 0.2875548245614035 0.4851973684210526 0.007492690058479532 0.018092105263157895
0 0.2515533625730994 0.5977247807017544 0.014437134502923976 0.026041666666666668
0 0.5402960526315789 0.6221217105263158 0.013706140350877192 0.019462719298245616
0 0.47423245614035087 0.5999177631578947 0.015350877192982455 0.02275219298245614
0 0.3845029239766082 0.6707785087719298 0.007675438596491228 0.03234649122807018
0 0.2751279239766082 0.6916118421052632 0.014437134502923976 0.01699561403508772
0 0.27074195906432746 0.6380208333333333 0.01516812865497076 0.012335526315789474
0 0.323921783625731 0.6890076754385965 0.01918859649122807 0.030975877192982455
0 0.37838084795321636 0.6759868421052632 0.010782163742690058 0.03234649122807018
0 0.4913194444444445 0.6004660087719298 0.012975146198830409 0.021655701754385966
0 0.2780519005847953 0.5742872807017544 0.010416666666666666 0.023026315789473683
0 0.29769736842105265 0.5868969298245614 0.015350877192982455 0.02412280701754386
0 0.3051900584795321 0.5529057017543859 0.014619883040935672 0.013157894736842105
0 0.33205409356725146 0.5818256578947368 0.011330409356725146 0.02275219298245614
0 0.39126461988304095 0.5693530701754386 0.012426900584795321 0.020285087719298246
0 0.8820358187134503 0.6122532894736842 0.020285087719298246 0.023300438596491228
0 0.7560307017543859 0.5700383771929824 0.013888888888888888 0.02823464912280702
0 0.7635233918128654 0.598547149122807 0.02046783625730994 0.029331140350877194
0 0.12764985380116958 0.5969024122807017 0.010051169590643274 0.021655701754385966
0 0.04888523391812866 0.5015076754385965 0.012609649122807017 0.015625
0 0.2567616959064328 0.6392543859649122 0.019005847953216373 0.014802631578947368
0 0.3050073099415205 0.5682565789473685 0.013157894736842105 0.01864035087719298
0 0.28243786549707606 0.614172149122807 0.012609649122807017 0.033168859649122806
0 0.37764985380116955 0.5903234649122806 0.017726608187134504 0.012335526315789474
0 0.8306186038011696 0.6914747807017544 0.023810307017543855 0.014528508771929825
0 0.08351608187134503 0.5175438596491228 0.010599415204678362 0.01425438596491228
0 0.26297514619883045 0.600328947368421 0.009137426900584795 0.024671052631578948
0 0.5187317251461988 0.5870339912280702 0.012975146198830409 0.015625
0 0.30491593567251457 0.6898300438596491 0.014071637426900584 0.01617324561403509
0 0.38130482456140347 0.6370614035087719 0.014437134502923976 0.02138157894736842
0 0.2737573099415205 0.5838815789473684 0.012426900584795321 0.015350877192982455
0 0.8769188596491228 0.6415844298245614 0.02284356725146199 0.013980263157894737
0 0.3110380116959064 0.610608552631579 0.010599415204678362 0.023848684210526317
0 0.24250730994152045 0.5830592105263157 0.019005847953216373 0.013706140350877192
0 0.6474780701754387 0.6347313596491229 0.011330409356725146 0.034265350877192985
0 0.6879568713450293 0.5744243421052632 0.017361111111111112 0.015076754385964912
0 0.49451754385964913 0.625 0.007309941520467836 0.023574561403508772
0 0.04550438596491228 0.3510142543859649 0.012426900584795321 0.012335526315789474
0 0.3374451754385965 0.5701754385964912 0.010051169590643274 0.023574561403508772
0 0.23894371345029242 0.6657072368421052 0.012244152046783625 0.02823464912280702
0 0.4357638888888889 0.5982730263157895 0.007858187134502924 0.026589912280701754
0 0.31122076023391815 0.5667489035087719 0.012792397660818713 0.019462719298245616
0 0.25529970760233917 0.6526864035087718 0.013888888888888888 0.019736842105263157
0 0.5909173976608187 0.6536458333333334 0.011513157894736841 0.023848684210526317
0 0.37796144005847954 0.6034566885964913 0.013232821637426874 0.0194133771929825
0 0.3253837719298246 0.6044407894736843 0.008589181286549707 0.03508771929824561
0 0.29221491228070173 0.6961348684210527 0.01425438596491228 0.03262061403508772
0 0.46719663742690054 0.5923793859649122 0.013706140350877192 0.01644736842105263
0 0.22395833333333331 0.5948464912280701 0.008954678362573099 0.019736842105263157
0 0.6193347953216374 0.6182839912280702 0.01206140350877193 0.017269736842105265
0 0.5157163742690059 0.6347313596491229 0.009137426900584795 0.026589912280701754
0 0.48656798245614036 0.7229989035087719 0.01663011695906433 0.026589912280701754
0 0.25374634502923976 0.7737116228070176 0.019554093567251463 0.033168859649122806
0 0.6203399122807017 0.6661184210526316 0.00932017543859649 0.025219298245614034
0 0.42580409356725146 0.6602247807017544 0.013157894736842105 0.021655701754385966
0 0.7414108187134503 0.7164884868421053 0.027412280701754384 0.0234375
0 0.704952485380117 0.4472313596491228 0.018457602339181287 0.016721491228070175
0 0.6675804093567251 0.6025219298245614 0.016812865497076022 0.01699561403508772
0 0.60453216374269 0.6218475877192983 0.012426900584795321 0.015625
0 0.3177083333333333 0.6001918859649122 0.013706140350877192 0.03536184210526316
0 0.6345029239766081 0.678453947368421 0.01425438596491228 0.03125
0 0.2883771929824561 0.6158168859649124 0.01023391812865497 0.026041666666666668
0 0.29577850877192985 0.613075657894737 0.007858187134502924 0.027138157894736843
0 0.5020102339181286 0.7153234649122807 0.017178362573099414 0.026041666666666668
0 0.3168859649122807 0.5927905701754387 0.016812865497076022 0.018914473684210526
0 0.5492507309941521 0.6879111842105263 0.018092105263157895 0.023848684210526317
0 0.7627923976608186 0.6924342105263158 0.013157894736842105 0.02631578947368421
0 0.6477521929824562 0.6611842105263158 0.011513157894736841 0.023026315789473683
0 0.40880847953216376 0.6559745065789473 0.021198830409356724 0.01809484649122813
0 0.24424342105263158 0.5918311403508772 0.012975146198830409 0.01644736842105263
0 0.9239766081871346 0.5703125 0.017909356725146198 0.015625
0 0.26708698830409355 0.6999725877192982 0.018457602339181287 0.02768640350877193
0 0.4841922514619883 0.5993695175438596 0.010782163742690058 0.022203947368421052
0 0.05449561403508772 0.6551535087719299 0.02384137426900585 0.02549342105263158
0 0.06897295321637427 0.6538514254385965 0.019181286549707598 0.03193530701754386
0 0.06801352339181287 0.6348684210526315 0.01379385964912281 0.02275219298245614
0 0.07934119152046784 0.6297286184210527 0.017629751461988297 0.024533991228070175
0 0.0830857090643275 0.6236979166666666 0.014705774853801165 0.023711622807017545
0 0.10003654970760234 0.6034128289473684 0.02046052631578947 0.030016447368421052
0 0.11566337719298246 0.6119106359649122 0.012423245614035091 0.02288925438596491
0 0.11583059210526317 0.6261307565789473 0.009910453216374272 0.01665296052631579
0 0.12403143274853802 0.6246916118421052 0.01023026315789474 0.02432839912280702
0 0.13234375 0.6196203399122806 0.01351790935672513 0.0161047149122807
0 0.13270924707602338 0.6318188048245614 0.01625913742690057 0.012952302631578948
0 0.1333059210526316 0.6504934210526316 0.011235380116959067 0.027275219298245616
0 0.15203673245614036 0.6603618421052632 0.017172880116959048 0.017955043859649123
0 0.15441246345029241 0.6382949561403509 0.015985014619883026 0.02275219298245614
0 0.164828216374269 0.6422012061403509 0.024115497076023378 0.015762061403508772
0 0.15258497807017543 0.6521724232456141 0.0170815058479532 0.013363486842105263
0 0.15870522660818712 0.6597108004385965 0.01616776315789472 0.027754934210526317
0 0.16124360380116962 0.6806469298245614 0.011737938596491231 0.023300438596491228
0 0.1769828216374269 0.6627604166666666 0.011509502923976612 0.029468201754385966
0 0.15062043128654973 0.6303453947368421 0.019457236842105246 0.017955043859649123
0 0.12127010233918128 0.612047697368421 0.013011695906432757 0.015076754385964912
0 0.13547605994152048 0.6060512609649122 0.013474049707602343 0.027617872807017545
0 0.15448099415204677 0.6204427083333333 0.01648757309941519 0.01021107456140351
0 0.14351882309941522 0.6123560855263158 0.008905336257309944 0.0307702850877193
0 0.15050621345029241 0.6062568530701755 0.006805555555555557 0.021175986842105265
0 0.14480994152046783 0.5760005482456141 0.025029239766081877 0.018229166666666668
0 0.13874269005847956 0.5970394736842105 0.011326754385964916 0.019736842105263157
0 0.1456670321637427 0.5890556469298246 0.015665204678362576 0.020490679824561403
0 0.1522450657894737 0.5803522478070176 0.01137244152046784 0.017064144736842105
0 0.15953033625730995 0.5843955592105263 0.014890350877192985 0.02597313596491228
0 0.15569809941520468 0.5993009868421053 0.006392543859649126 0.009046052631578948
0 0.1661988304093567 0.5646587171052632 0.020643274853801154 0.01747532894736842
0 0.17147752192982457 0.5725397478070176 0.009910453216374272 0.019257127192982455
0 0.16789290935672516 0.5915570175438596 0.011326754385964916 0.019736842105263157
0 0.1791968201754386 0.5896381578947368 0.01402229532163741 0.009731359649122808
0 0.17832876461988303 0.5825109649122807 0.008722587719298229 0.009731359649122808
0 0.1763669590643275 0.6008086622807017 0.016213450292397666 0.012335526315789474
0 0.17223318713450295 0.6117050438596492 0.009316520467836261 0.017269736842105265
0 0.17968019005847952 0.5644188596491228 0.010138888888888892 0.015076754385964912
0 0.18812865497076026 0.5647615131578948 0.022927631578947377 0.018092105263157895
0 0.20631122076023395 0.5528714364035088 0.018634868421052636 0.012129934210526315
0 0.196421783625731 0.5641790021929824 0.019411549707602345 0.022820723684210526
0 0.20573830409356728 0.5662691885964912 0.016213450292397666 0.01864035087719298
0 0.1944124634502924 0.5811060855263158 0.00908808479532164 0.025561951754385966
0 0.20331779970760236 0.5814144736842105 0.009727704678362576 0.022341008771929825
0 0.21074470029239767 0.5780907346491229 0.007947733918128657 0.023231907894736843
0 0.22074926900584796 0.563219572368421 0.013428362573099418 0.02035361842105263
0 0.23310763888888889 0.5571203399122807 0.02333881578947369 0.019394188596491228
0 0.16925529970760234 0.6243146929824561 0.01836074561403509 0.01425438596491228
0 0.18519554093567253 0.6149945175438597 0.011509502923976633 0.024396929824561403
0 0.17998812134502923 0.6347313596491228 0.009866593567251464 0.02768640350877193
0 0.18724963450292395 0.6477686403508771 0.013976608187134485 0.03923245614035085
0 0.16889619883040935 0.6337376644736842 0.014616228070175442 0.012266995614035088
0 0.1916027046783626 0.5988555372807018 0.009682017543859653 0.015008223684210526
0 0.20265625 0.5975191885964912 0.018452119883040942 0.01617324561403509
0 0.18705957602339182 0.5993695175438596 0.006257309941520469 0.012609649122807017
0 0.17742141812865497 0.6139665570175439 0.006988304093567253 0.015076754385964912
0 0.19535087719298244 0.6164336622807017 0.008494152046783629 0.02042214912280702
0 0.20069444444444445 0.613452576754386 0.010321637426900588 0.021313048245614034
0 0.21090277777777777 0.6080386513157895 0.024250730994152054 0.013637609649122808
0 0.21639802631578947 0.5844298245614035 0.011783625730994113 0.023026315789473683
0 0.21552997076023392 0.5999177631578947 0.010413011695906395 0.01343201754385965
0 0.20817708333333335 0.6009457236842105 0.008130482456140353 0.017955043859649123
0 0.22952211257309943 0.5818256578947368 0.013517909356725151 0.025082236842105265
0 0.23612207602339183 0.573327850877193 0.017949561403508778 0.013020833333333334
0 0.23237573099415207 0.5955660635964912 0.01648757309941521 0.02378015350877193
0 0.23788011695906433 0.6076617324561403 0.018633040935672522 0.013843201754385965
0 0.22241959064327485 0.6136924342105262 0.017035818713450297 0.01206140350877193
0 0.2105391081871345 0.625719572368421 0.014751461988304099 0.02515076754385965
0 0.19381944444444446 0.6360334429824561 0.008815789473684213 0.018092105263157895
0 0.1969700292397661 0.6457305372807018 0.01110014619883041 0.021998355263157895
0 0.20516264619883043 0.6563870614035088 0.013976608187134506 0.03344298245614035
0 0.19625639619883042 0.6637198464912281 0.012969663742690063 0.02617872807017544
0 0.21347587719298244 0.6711211622807017 0.022379385964912245 0.02398574561403509
0 0.21438870614035088 0.6524808114035087 0.014340277777777742 0.027549342105263157
0 0.23060215643274853 0.6547423245614036 0.01973135964912281 0.017543859649122806
0 0.23014619883040935 0.6714638157894737 0.010961257309941524 0.032072368421052634
0 0.19986293859649124 0.705249451754386 0.014159356725146201 0.03495065789473684
0 0.20785727339181287 0.7056606359649124 0.008404605263157896 0.02700109649122807
0 0.2179495614035088 0.6987390350877193 0.0123318713450292 0.033168859649122806
0 0.22237938596491225 0.6788651315789473 0.010595760233918132 0.024945175438596492
0 0.22233187134502924 0.5745614035087719 0.00534356725146199 0.017406798245614034
0 0.23808936403508774 0.5695243969298246 0.018130482456140358 0.01528234649122807
0 0.2388203581871345 0.5603412828947368 0.020780336257309948 0.012678179824561403
0 0.22701297514619884 0.5660293311403508 0.0063943713450292415 0.00884046052631579
0 0.25060855263157894 0.5722998903508771 0.008176169590643276 0.027549342105263157
0 0.25761970029239767 0.559484649122807 0.013609283625731 0.018092105263157895
0 0.2667086988304094 0.5621573464912282 0.010138888888888892 0.019325657894736843
0 0.2739281798245614 0.5619174890350878 0.01534539473684211 0.0307702850877193
0 0.21070266812865496 0.6374040570175439 0.018634868421052636 0.01411732456140351
0 0.22159539473684212 0.6344915021929824 0.008815789473684213 0.02665844298245614
0 0.22394828216374268 0.6536800986842105 0.020919225146198834 0.01651589912280702
0 0.2281277412280702 0.6356222587719298 0.012012061403508776 0.02480811403508772
0 0.2377229532163743 0.6285635964912282 0.010734649122807019 0.02700109649122807
0 0.23036915204678363 0.6208881578947368 0.017492690058479535 0.014391447368421052
0 0.24124177631578947 0.6423382675438597 0.014570540935672519 0.016721491228070175
0 0.2471948099415205 0.6675575657894737 0.011783625730994155 0.038240131578947366
0 0.2548675073099415 0.670435855263158 0.016350511695906397 0.01768092105263158
0 0.2668347953216374 0.6648848684210527 0.009773391812865458 0.033717105263157895
0 0.2690268640350877 0.6476151315789473 0.019457236842105225 0.01206140350877193
0 0.2811293859649122 0.653577302631579 0.020643274853801175 0.01631030701754386
0 0.28039930555555553 0.6608415570175438 0.01717288011695907 0.012198464912280702
0 0.2784347587719298 0.6721491228070176 0.017264254385964916 0.01343201754385965
0 0.28049342105263153 0.68359375 0.023019005847953182 0.02042214912280702
0 0.29474323830409355 0.6726973684210527 0.01753837719298246 0.018092105263157895
0 0.29085800438596493 0.6564555921052632 0.01356542397660819 0.03056469298245614
0 0.30152503654970764 0.6525836074561403 0.014979897660818718 0.019942434210526317
0 0.3105025584795322 0.6586485745614035 0.014751461988304099 0.015625
0 0.3254851973684211 0.6697505482456141 0.012103435672514623 0.02700109649122807
0 0.3160544590643275 0.6823259320175439 0.009407894736842108 0.026932565789473683
0 0.269891264619883 0.6016995614035088 0.007673611111111113 0.025219298245614034
0 0.27637701023391814 0.6043037280701755 0.008952850877192985 0.026589912280701754
0 0.2448720760233918 0.6272615131578947 0.012240497076023395 0.021518640350877194
0 0.25298611111111113 0.6122875548245613 0.013380847953216379 0.01679002192982456
0 0.2544480994152047 0.6220874451754386 0.016578947368421058 0.01884594298245614
0 0.2646783625730994 0.6218475877192983 0.011282894736842106 0.02549342105263158
0 0.27385873538011696 0.6240063048245614 0.011737938596491231 0.019805372807017545
0 0.30064875730994156 0.6275356359649124 0.010504385964912284 0.02617872807017544
0 0.3058095760233918 0.6282209429824561 0.012423245614035091 0.016036184210526317
0 0.3058552631578947 0.6393229166666666 0.019272660818713417 0.013843201754385965
0 0.31645102339181286 0.6300712719298246 0.008859649122806979 0.01864035087719298
0 0.324078947368421 0.6252055921052632 0.011875000000000004 0.020970394736842105
0 0.31800347222222225 0.6446683114035088 0.017812499999999964 0.021792763157894735
0 0.3210188230994152 0.6507675438596492 0.009226973684210528 0.024945175438596492
0 0.32946820175438596 0.6440515350877193 0.012605994152046787 0.02987938596491228
0 0.2813358918128655 0.5592105263157895 0.010778508771929828 0.011101973684210526
0 0.2888267543859649 0.5653782894736842 0.012514619883040938 0.024396929824561403
0 0.2965442251461988 0.5630825109649122 0.0097733918128655 0.02597313596491228
0 0.2888477704678363 0.5803179824561403 0.013108552631578951 0.013020833333333334
0 0.28583241959064326 0.5911458333333333 0.012012061403508776 0.020285087719298246
0 0.30803545321637427 0.5865200109649124 0.009546783625730996 0.02254660087719298
0 0.3004303728070175 0.5973135964912281 0.007308114035087721 0.012198464912280702
0 0.3039482821637427 0.6122875548245613 0.009683845029239769 0.024054276315789474
0 0.3139309210526316 0.6238007127192983 0.00845029239766082 0.014734100877192983
0 0.32413468567251463 0.5771655701754387 0.005937500000000002 0.018092105263157895
0 0.33112207602339183 0.5990268640350878 0.008220029239766086 0.02700109649122807
0 0.3261440058479532 0.561060855263158 0.013611111111111114 0.0190515350877193
0 0.34258589181286553 0.5825794956140351 0.01635233918128651 0.02617872807017544
0 0.34257401315789476 0.5608552631578947 0.013017178362573103 0.020833333333333332
0 0.3340917397660819 0.6091008771929824 0.009590643274853804 0.0356359649122807
0 0.3366118421052632 0.621813322368421 0.013976608187134506 0.018434758771929825
0 0.33766264619883046 0.6474780701754386 0.010321637426900588 0.023300438596491228
0 0.34683479532163747 0.6435718201754387 0.018450292397660783 0.017955043859649123
0 0.3518137792397661 0.6493969298245614 0.019091739766081833 0.025219298245614034
0 0.33313322368421056 0.661595394736842 0.007673611111111113 0.02768640350877193
0 0.34208516081871343 0.6655016447368421 0.015529970760233922 0.02261513157894737
0 0.3654769736842105 0.5714775219298245 0.02046052631578944 0.011924342105263159
0 0.35150036549707603 0.5862116228070176 0.012605994152046787 0.030975877192982455
0 0.358671418128655 0.5866228070175438 0.01379385964912281 0.0200109649122807
0 0.3614574195906433 0.5993009868421052 0.013517909356725151 0.022341008771929825
0 0.37470303362573104 0.6092379385964912 0.014797149122807022 0.013980263157894737
0 0.35314144736842107 0.6143092105263158 0.01333698830409357 0.03070175438596491
0 0.3667059576023392 0.6169133771929824 0.019822733918128617 0.01617324561403509
0 0.36574835526315785 0.6265076754385965 0.023748172514619848 0.016721491228070175
0 0.37730354532163746 0.6298656798245613 0.016898757309941566 0.02042214912280702
0 0.3563395467836257 0.650904605263158 0.020643274853801134 0.026041666666666668
0 0.3658488669590644 0.6658442982456141 0.015528143274853806 0.024396929824561403
0 0.3569426169590644 0.669750548245614 0.02365862573099416 0.02261513157894737
0 0.3600484283625731 0.6892132675438596 0.021467470760233923 0.03056469298245614
0 0.37297423245614036 0.6912006578947368 0.015710891812865502 0.027412280701754384
0 0.39174524853801174 0.6759183114035088 0.017993421052631586 0.04290021929824561
0 0.3794608918128655 0.6513157894736842 0.014433479532163746 0.023574561403508772
0 0.33528600146198834 0.690515350877193 0.019091739766081875 0.04029605263157895
0 0.34227430555555555 0.6923656798245613 0.01625913742690059 0.02837171052631579
0 0.3572998903508772 0.6948327850877193 0.019457236842105267 0.02261513157894737
0 0.40198008040935673 0.6776315789473685 0.01890899122807014 0.03179824561403509
0 0.4051772660818714 0.6836622807017544 0.02146564327485381 0.02549342105263158
0 0.4091054459064328 0.6931195175438596 0.015985014619883088 0.029331140350877194
0 0.38567160087719293 0.6167763157894737 0.0177211257309942 0.010416666666666666
0 0.3837993421052631 0.5965597587719298 0.008128654970760237 0.013020833333333334
0 0.3932538377192983 0.5993695175438596 0.013335160818713413 0.022478070175438597
0 0.39038651315789474 0.6088267543859649 0.013243786549707566 0.015899122807017545
0 0.3958671418128655 0.6217447916666666 0.0221070906432749 0.018571820175438597
0 0.39148117690058476 0.5839501096491229 0.01762975146198835 0.015762061403508772
0 0.3844480994152047 0.5662006578947368 0.009042397660818716 0.0200109649122807
0 0.400844298245614 0.5636650219298246 0.025029239766081877 0.017955043859649123
0 0.39645924707602337 0.5516036184210527 0.016807383040935635 0.01137609649122807
0 0.3550356359649123 0.5596217105263157 0.017081505847953222 0.02138157894736842
0 0.3564053362573099 0.564281798245614 0.015073099415204681 0.019736842105263157
0 0.3676864035087719 0.5560581140350876 0.014433479532163705 0.020285087719298246
0 0.37102065058479533 0.5585252192982456 0.017447002923976614 0.013157894736842105
0 0.4016812865497076 0.5899808114035088 0.014433479532163663 0.02042214912280702
0 0.40780153508771927 0.5795641447368421 0.011509502923976612 0.014665570175438597
0 0.370640533625731 0.5807291666666666 0.013382675438596536 0.009046052631578948
0 0.41073099415204684 0.624280427631579 0.013702485380116963 0.015008223684210526
0 0.4137902046783625 0.6148917214912281 0.011783625730994155 0.015830592105263157
0 0.40972679093567255 0.6408991228070174 0.010597587719298206 0.019736842105263157
0 0.40138797514619884 0.6033100328947368 0.012194809941520472 0.021313048245614034
0 0.41098044590643273 0.6032415021929824 0.01137244152046784 0.01021107456140351
0 0.42078033625730993 0.6156112938596491 0.012240497076023395 0.029742324561403508
0 0.4205062134502924 0.6290433114035088 0.007306286549707605 0.016036184210526317
0 0.42763706140350877 0.62890625 0.012971491228070179 0.029742324561403508
0 0.43352978801169595 0.6424753289473684 0.007399488304093527 0.02288925438596491
0 0.43069809941520465 0.6489857456140351 0.012331871345029242 0.012883771929824562
0 0.43083424707602336 0.6598821271929824 0.009318347953216335 0.01493969298245614
0 0.4397404970760234 0.6638569078947368 0.010504385964912284 0.02206688596491228
0 0.43786732456140354 0.6219161184210527 0.010595760233918132 0.021792763157894735
0 0.44558662280701755 0.6251370614035088 0.009956140350877113 0.02987938596491228
0 0.4401059941520468 0.6450794956140351 0.0070321637426900615 0.028645833333333332
0 0.4464546783625731 0.6524122807017544 0.009499269005847874 0.030153508771929825
0 0.4519809941520468 0.6394599780701754 0.0070321637426900615 0.014665570175438597
0 0.45207236842105264 0.6541940789473684 0.011783625730994155 0.02768640350877193
0 0.4149552266081872 0.6643366228070176 0.01045869883040936 0.023574561403508772
0 0.42420504385964913 0.6776315789473684 0.011144005847953137 0.029331140350877194
0 0.4215076754385965 0.6937362938596491 0.009864766081871349 0.03138706140350877
0 0.4314190423976608 0.6805098684210527 0.008313230994152007 0.024945175438596492
0 0.4269453581871345 0.7193667763157895 0.018543494152046747 0.030290570175438597
0 0.43224323830409356 0.7110060307017544 0.017629751461988266 0.03549890350877193
0 0.43790661549707605 0.702234100877193 0.016533260233918174 0.037143640350877194
0 0.4494170321637427 0.7058662280701755 0.010321637426900588 0.026589912280701754
0 0.4398702485380117 0.6876370614035088 0.013519736842105267 0.02987938596491228
0 0.4488221856725146 0.6800301535087719 0.013883406432748584 0.02617872807017544
0 0.45229989035087714 0.6828399122807018 0.014431652046783589 0.0268640350877193
0 0.4580555555555555 0.6987390350877193 0.012788742690058483 0.04084429824561404
0 0.4621655701754386 0.670641447368421 0.01516447368421053 0.030153508771929825
0 0.46239400584795326 0.6569353070175438 0.01068713450292398 0.020833333333333332
0 0.46203673245614035 0.7251918859649124 0.018543494152046747 0.026589912280701754
0 0.4689784356725146 0.7092927631578948 0.012880116959064247 0.0268640350877193
0 0.4763550804093567 0.7074081688596491 0.012834429824561407 0.03296326754385965
0 0.4830921052631578 0.710046600877193 0.012331871345029242 0.02905701754385965
0 0.42470668859649124 0.5960800438596492 0.012969663742690022 0.025219298245614034
0 0.4441173245614035 0.6027275219298246 0.010138888888888892 0.025356359649122806
0 0.41831048976608187 0.5701069078947368 0.008770102339181247 0.015762061403508772
0 0.4266228070175438 0.5728481359649122 0.00895102339181287 0.023163377192982455
0 0.43397660818713446 0.5759320175438596 0.011418128654970763 0.02138157894736842
0 0.42886239035087714 0.6043037280701754 0.008678728070175482 0.031524122807017545
0 0.44384320175438596 0.5709978070175439 0.0097733918128655 0.01918859649122807
0 0.4490953947368421 0.5746984649122807 0.009133771929824565 0.01918859649122807
0 0.4515168128654971 0.5906661184210527 0.009590643274853804 0.029742324561403508
0 0.4536732456140351 0.6258223684210527 0.010595760233918049 0.03289473684210526
0 0.45974689327485374 0.6138294956140351 0.008861476608187178 0.025904605263157895
0 0.4662783260233918 0.6147203947368421 0.008039108187134464 0.015076754385964912
0 0.4659128289473684 0.600123355263158 0.01406615497076028 0.0190515350877193
0 0.4744992690058479 0.6144462719298246 0.00803728070175439 0.01699561403508772
0 0.48103070175438595 0.6142406798245614 0.009225146198830412 0.016858552631578948
0 0.4618932748538011 0.634046052631579 0.012240497076023395 0.025767543859649123
0 0.4708452119883041 0.6398026315789473 0.016076388888888852 0.03262061403508772
0 0.4758241959064327 0.6469983552631579 0.010504385964912284 0.028919956140350877
0 0.476828399122807 0.6270559210526316 0.019639985380117006 0.01864035087719298
0 0.4725365497076024 0.6677631578947368 0.010869883040935675 0.0268640350877193
0 0.48147295321637434 0.6883223684210527 0.01420321637426897 0.021655701754385966
0 0.4853782894736842 0.6781798245614035 0.01288011695906433 0.023300438596491228
0 0.47966831140350874 0.6685512609649122 0.005846125730994112 0.016241776315789474
0 0.5063048245614036 0.6087582236842106 0.009499269005847874 0.019325657894736843
0 0.5043868786549708 0.6173245614035088 0.013883406432748501 0.02549342105263158
0 0.4978389985380117 0.6303453947368421 0.013426535087719262 0.025767543859649123
0 0.4924031432748538 0.6487116228070176 0.011509502923976612 0.03453947368421053
0 0.5010361842105263 0.6434347587719298 0.009042397660818716 0.02919407894736842
0 0.5049177631578947 0.6548108552631579 0.00803728070175439 0.030016447368421052
0 0.510124269005848 0.6390487938596491 0.009864766081871349 0.030016447368421052
0 0.5135051169590643 0.6631030701754386 0.011326754385964916 0.030153508771929825
0 0.5197158260233917 0.6670778508771931 0.013152412280701718 0.02631578947368421
0 0.4884722222222222 0.6705729166666667 0.010595760233918132 0.02645285087719298
0 0.4958707967836257 0.678453947368421 0.010414839181286594 0.02823464912280702
0 0.49678453947368423 0.6927083333333334 0.016807383040935635 0.03399122807017544
0 0.5088870614035087 0.6844846491228069 0.009225146198830412 0.02905701754385965
0 0.4996153143274854 0.7023026315789473 0.015710891812865543 0.01699561403508772
0 0.5008945540935672 0.6663240131578948 0.009318347953216335 0.019325657894736843
0 0.512358369883041 0.6898985745614036 0.00904422514619879 0.02700109649122807
0 0.5227256944444444 0.7020970394736842 0.016076388888888935 0.03138706140350877
0 0.5250557383040936 0.6948327850877194 0.017081505847953263 0.03522478070175439
0 0.5198949195906433 0.7125822368421053 0.02064510233918125 0.03125
0 0.5106240862573099 0.5914884868421052 0.021284722222222184 0.020970394736842105
0 0.5149625365497076 0.6096491228070176 0.008039108187134464 0.02055921052631579
0 0.5186165935672515 0.6141036184210525 0.011875000000000004 0.02837171052631579
0 0.5244170321637427 0.6417900219298246 0.00885964912280702 0.030016447368421052
0 0.5291666666666667 0.6300027412280702 0.010869883040935675 0.023711622807017545
0 0.5273857821637428 0.6008771929824562 0.014797149122807064 0.01836622807017544
0 0.5324552266081871 0.6052631578947368 0.009775219298245657 0.0200109649122807
0 0.5265195540935672 0.5861430921052632 0.009775219298245657 0.02261513157894737
0 0.5324104532163744 0.5844298245614035 0.012605994152046787 0.02055921052631579
0 0.5379084429824561 0.6083470394736843 0.007947733918128615 0.01836622807017544
0 0.5421335891812866 0.6032415021929824 0.011920687134502927 0.017612390350877194
0 0.5287280701754387 0.615234375 0.01114400584795322 0.013500548245614035
0 0.5436202485380117 0.5880276864035088 0.011418128654970763 0.014459978070175438
0 0.5484621710526316 0.5921395285087719 0.01497989766081876 0.012266995614035088
0 0.556859466374269 0.5960800438596491 0.009957967836257353 0.023848684210526317
0 0.5617470760233918 0.609375 0.012605994152046787 0.012335526315789474
0 0.5694197733918128 0.6173245614035088 0.014066154970760197 0.01343201754385965
0 0.5622953216374269 0.5797012061403509 0.010961257309941524 0.01631030701754386
0 0.5685974049707603 0.5808662280701754 0.01662463450292394 0.021107456140350877
0 0.5691913377192982 0.5926535087719298 0.01488852339181283 0.01425438596491228
0 0.5822076023391813 0.5902549342105263 0.011326754385964916 0.023163377192982455
0 0.5650804093567252 0.598547149122807 0.009042397660818716 0.008771929824561403
0 0.5260261330409356 0.6628974780701754 0.016990131578947416 0.02837171052631579
0 0.5337445175438597 0.6501507675438596 0.010869883040935675 0.03577302631578947
0 0.5379915935672515 0.6660498903508772 0.013519736842105267 0.02425986842105263
0 0.5723574561403508 0.6030359100877193 0.010595760233918132 0.019257127192982455
0 0.5806240862573099 0.6145490679824561 0.016076388888888852 0.021450109649122806
0 0.5857163742690059 0.6038582785087719 0.013929093567251508 0.015556469298245614
0 0.576375182748538 0.6273985745614036 0.009683845029239808 0.02480811403508772
0 0.5706652046783627 0.6427837171052632 0.012240497076023395 0.021998355263157895
0 0.5804623538011696 0.6418242872807018 0.007902046783625691 0.022135416666666668
0 0.5565387426900585 0.6371984649122807 0.012240497076023395 0.018092105263157895
0 0.5619745979532164 0.6338404605263158 0.015436769005848 0.015487938596491228
0 0.565217470760234 0.6507675438596491 0.010047514619883045 0.03125
0 0.558485928362573 0.653063322368421 0.010469663742690052 0.024739583333333332
0 0.5490360014619884 0.6519325657894737 0.012194809941520472 0.02617872807017544
0 0.5492781432748538 0.6689967105263158 0.012149122807017547 0.023848684210526317
0 0.5622934941520468 0.6717379385964912 0.021922514619883048 0.015350877192982455
0 0.5744426169590643 0.6840049342105263 0.023201754385964918 0.03056469298245614
0 0.5597368421052632 0.6943530701754386 0.010595760233918132 0.03070175438596491
0 0.5706067251461988 0.6937362938596491 0.014981725146198834 0.0234375
0 0.5374936038011696 0.6885964912280702 0.015071271929824609 0.024671052631578948
0 0.5323784722222222 0.6809895833333333 0.014523026315789438 0.013569078947368422
0 0.575264985380117 0.6611842105263158 0.011509502923976612 0.03070175438596491
0 0.5822076023391813 0.6607730263157895 0.010778508771929828 0.02905701754385965
0 0.5848565423976608 0.6861293859649122 0.01936586257309946 0.027412280701754384
0 0.5932602339181287 0.6794133771929824 0.014798976608187138 0.03070175438596491
0 0.5981112938596491 0.6694764254385964 0.016076388888888852 0.027549342105263157
0 0.6115387426900585 0.6779742324561404 0.011326754385964916 0.02398574561403509
0 0.5858717105263158 0.6387746710526315 0.009682017543859653 0.013569078947368422
0 0.5906670321637426 0.6266447368421052 0.013611111111111114 0.02055921052631579
0 0.5949141081871345 0.6160224780701755 0.014067982456140354 0.02645285087719298
0 0.5968329678362574 0.6084155701754387 0.01114400584795322 0.018092105263157895
0 0.6121929824561404 0.6107113486842105 0.019820906432748545 0.01651589912280702
0 0.6015990497076024 0.6533717105263158 0.010504385964912284 0.021655701754385966
0 0.6109384137426901 0.6326069078947368 0.012012061403508776 0.01864035087719298
0 0.6048181652046783 0.6421326754385965 0.008631213450292401 0.02398574561403509
0 0.5976937134502924 0.6385690789473684 0.009089912280701714 0.02042214912280702
0 0.6157154605263158 0.6409333881578947 0.013426535087719262 0.025836074561403508
0 0.6256743421052632 0.6088267543859649 0.010961257309941524 0.017543859649122806
0 0.5923483187134503 0.5940583881578947 0.013654970760233965 0.011992872807017545
0 0.6004550438596491 0.6030701754385965 0.010778508771929828 0.015487938596491228
0 0.6057300804093567 0.5960115131578948 0.00963633040935673 0.018777412280701754
0 0.6057072368421053 0.5896381578947368 0.014433479532163746 0.014665570175438597
0 0.6139290935672514 0.5953604714912281 0.012331871345029242 0.024876644736842105
0 0.5929422514619883 0.5835731907894738 0.014568713450292444 0.015008223684210526
0 0.5961394371345029 0.5770285087719298 0.009453581871345033 0.012198464912280702
0 0.6316054459064327 0.6346628289473684 0.008313230994152007 0.02206688596491228
0 0.6392781432748538 0.6365816885964913 0.008676900584795325 0.019325657894736843
0 0.6396436403508772 0.6476836622807018 0.009407894736842108 0.010279605263157895
0 0.6309201388888889 0.6550849780701754 0.00913559941520464 0.02124451754385965
0 0.6401005116959064 0.6609786184210527 0.009956140350877196 0.01631030701754386
0 0.6286823830409356 0.6800301535087719 0.007763157894736845 0.02069627192982456
0 0.6259877558479532 0.6609100877192983 0.007125365497076067 0.017269736842105265
0 0.6047423245614035 0.6980537280701754 0.009956140350877196 0.02987938596491228
0 0.6153380847953217 0.6888020833333334 0.012514619883040938 0.0390625
0 0.6230116959064328 0.6979166666666666 0.011235380116959067 0.03618421052631579
0 0.6349771564327485 0.7040844298245614 0.015985014619883005 0.03042763157894737
0 0.635890899122807 0.7240953947368421 0.017264254385964874 0.024671052631578948
0 0.6397432383040935 0.6176329495614035 0.013426535087719262 0.01898300438596491
0 0.6358927266081871 0.609375 0.016533260233918174 0.01781798245614035
0 0.6285836988304093 0.5879248903508772 0.014524853801169593 0.02645285087719298
0 0.6374433479532163 0.5893640350877193 0.010138888888888892 0.021107456140350877
0 0.6465789473684211 0.5714089912280702 0.012514619883040938 0.017269736842105265
0 0.6592278874269005 0.6082442434210525 0.02425255847953217 0.015693530701754384
0 0.6571966374269005 0.6148574561403509 0.02311038011695907 0.01768092105263158
0 0.6556907894736842 0.629454495614035 0.008676900584795325 0.0200109649122807
0 0.6685023757309942 0.627467105263158 0.02160270467836258 0.019325657894736843
0 0.6510544590643275 0.6467242324561403 0.01411184210526312 0.01493969298245614
0 0.6579733187134503 0.6576206140350876 0.011326754385964916 0.029468201754385966
0 0.665124269005848 0.6472039473684211 0.013563596491228116 0.026041666666666668
0 0.6460891812865497 0.6884594298245613 0.011692251461988308 0.02905701754385965
0 0.656547880116959 0.6959292763157895 0.013245614035087722 0.03686951754385965
0 0.6629879385964913 0.6922971491228069 0.011692251461988308 0.035910087719298246
0 0.6709795321637427 0.6925712719298245 0.011418128654970763 0.044956140350877194
0 0.6789729532163742 0.7005208333333334 0.014798976608187138 0.033168859649122806
0 0.665921052631579 0.6686197916666667 0.010047514619883045 0.0229577850877193
0 0.6756313961988305 0.674719024122807 0.011098318713450296 0.027206688596491228
0 0.6634466374269006 0.5875137061403508 0.023384502923976615 0.02261513157894737
0 0.6652284356725146 0.5792900219298246 0.02274488304093568 0.01493969298245614
0 0.6666977339181287 0.5700383771929824 0.012697368421052634 0.012883771929824562
0 0.6720413011695906 0.5601699561403508 0.023750000000000007 0.014528508771929825
0 0.6762883771929824 0.5756578947368421 0.010138888888888892 0.0268640350877193
0 0.6917260599415205 0.5673656798245614 0.014888523391812913 0.01411732456140351
0 0.7002668128654971 0.5776452850877194 0.007854532163742694 0.02645285087719298
0 0.6920906432748537 0.5884731359649122 0.02329312865497077 0.02042214912280702
0 0.6852860014619883 0.6026589912280702 0.013883406432748501 0.017269736842105265
0 0.6912235014619883 0.6037554824561403 0.01406615497076028 0.020285087719298246
0 0.682453399122807 0.6079358552631579 0.01662463450292394 0.021792763157894735
0 0.6762417763157895 0.6201343201754386 0.015162646198830456 0.016584429824561403
0 0.6881167763157895 0.6261650219298245 0.009318347953216335 0.020970394736842105
0 0.6765615862573099 0.6373355263157895 0.01817799707602344 0.01425438596491228
0 0.681938048245614 0.6330866228070176 0.016123903508771933 0.013843201754385965
0 0.6797916666666666 0.6444969846491228 0.024433479532163793 0.016927083333333332
0 0.6863459429824561 0.6444627192982457 0.008313230994152007 0.011650219298245614
0 0.6780701754385965 0.6659813596491229 0.01114400584795322 0.03481359649122807
0 0.6846472953216374 0.6646107456140351 0.014067982456140354 0.02905701754385965
0 0.6952942251461988 0.6765350877192983 0.009042397660818716 0.024671052631578948
0 0.6852010233918129 0.6927083333333333 0.009133771929824565 0.02768640350877193
0 0.6905902777777778 0.701685855263158 0.009682017543859653 0.033854166666666664
0 0.6990396564327486 0.7001781798245614 0.009775219298245574 0.03330592105263158
0 0.70890533625731 0.7023711622807017 0.011235380116959067 0.0434484649122807
0 0.6959301900584796 0.6230126096491228 0.009590643274853804 0.019599780701754384
0 0.6931451023391814 0.6415158991228069 0.010413011695906436 0.0278234649122807
0 0.7003152412280702 0.6478892543859649 0.009775219298245574 0.03042763157894737
0 0.708125 0.6490542763157895 0.010413011695906436 0.02919407894736842
0 0.6906323099415205 0.6581688596491228 0.011418128654970763 0.012883771929824562
0 0.702233187134503 0.6651589912280702 0.01196637426900585 0.011239035087719298
0 0.7027512792397661 0.6781798245614035 0.014248903508771976 0.022478070175438597
0 0.7124104532163743 0.6708127741228069 0.013015350877193028 0.024739583333333332
0 0.7021920687134503 0.6099917763157895 0.012786915204678409 0.02124451754385965
0 0.7065360014619884 0.607421875 0.007955043859649076 0.015830592105263157
0 0.7109703947368422 0.6039953399122807 0.012788742690058483 0.025424890350877194
0 0.7186440058479532 0.6017680921052632 0.01333698830409357 0.02288925438596491
0 0.7096948099415205 0.6241433662280702 0.010413011695906436 0.020490679824561403
0 0.7211366959064327 0.6314761513157895 0.016213450292397708 0.014459978070175438
0 0.7148044590643275 0.6510416666666667 0.011875000000000004 0.018914473684210526
0 0.7243512426900585 0.6602933114035088 0.010869883040935675 0.02124451754385965
0 0.7212902046783626 0.6725603070175439 0.01023026315789474 0.021107456140350877
0 0.728187134502924 0.6836622807017544 0.009407894736842108 0.026589912280701754
0 0.7345815058479532 0.6705043859649122 0.01068713450292398 0.029331140350877194
0 0.7402905701754386 0.6639254385964912 0.010778508771929828 0.027960526315789474
0 0.7322057748538011 0.6472724780701755 0.009225146198830412 0.01850328947368421
0 0.7177713815789474 0.689281798245614 0.014705774853801217 0.023026315789473683
0 0.7145741959064327 0.6982593201754386 0.009407894736842108 0.025082236842105265
0 0.7227951388888889 0.7108004385964912 0.011781798245614 0.032072368421052634
0 0.7289153874269005 0.716282894736842 0.005572002923976568 0.013980263157894737
0 0.7399323830409357 0.6981222587719298 0.013702485380116963 0.028645833333333332
0 0.7320769371345028 0.7008634868421053 0.006577119883040979 0.009457236842105263
0 0.7463724415204679 0.691954495614035 0.01434210526315798 0.036047149122807015
0 0.7514875730994153 0.6801672149122807 0.012149122807017547 0.03851425438596491
0 0.7693000730994153 0.6997669956140351 0.018541666666666675 0.03056469298245614
0 0.7603965643274854 0.6799616228070176 0.011326754385965 0.035910087719298246
0 0.7566520467836257 0.664953399122807 0.009864766081871432 0.02480811403508772
0 0.7684813596491228 0.6717379385964912 0.013428362573099335 0.025219298245614034
0 0.7476827485380116 0.6570038377192983 0.009546783625730955 0.019462719298245616
0 0.7511540570175439 0.6459361293859649 0.018221856725146205 0.019257127192982455
0 0.7634438961988305 0.6533031798245614 0.01192068713450301 0.017269736842105265
0 0.7739290935672515 0.6671463815789473 0.011326754385965 0.01768092105263158
0 0.7258223684210526 0.6206140350877193 0.0120577485380117 0.013157894736842105
0 0.7298181652046783 0.6308251096491228 0.011555190058479535 0.013843201754385965
0 0.7370120614035087 0.6362047697368421 0.013154239766081875 0.028988486842105265
0 0.7389300073099415 0.6255139802631579 0.01836074561403505 0.023506030701754384
0 0.7543969298245614 0.6350054824561403 0.018040935672514666 0.020833333333333332
0 0.755813230994152 0.6269188596491228 0.010277777777777905 0.015350877192982455
0 0.7617105263157895 0.6418242872807017 0.009364035087719259 0.02172423245614035
0 0.7814117324561403 0.6641995614035088 0.01680738304093572 0.029605263157894735
0 0.7833296783625731 0.645970394736842 0.010230263157894657 0.021929824561403508
0 0.7682584064327486 0.6309621710526316 0.015164473684210446 0.024533991228070175
0 0.776296600877193 0.6328125 0.00840460526315802 0.025219298245614034
0 0.7498455774853802 0.6113623903508771 0.02037097953216379 0.02288925438596491
0 0.7666986476608187 0.6186266447368421 0.01516264619883029 0.019325657894736843
0 0.7217470760233918 0.5759320175438597 0.011509502923976612 0.023574561403508772
0 0.7417114400584794 0.5581825657894737 0.015985014619883088 0.02563048245614035
0 0.7646381578947368 0.5690104166666666 0.011600877192982542 0.01987390350877193
0 0.7782949561403509 0.560032894736842 0.019546783625731 0.029331140350877194
0 0.7135279605263157 0.5744243421052632 0.013700657894736805 0.01918859649122807
0 0.7151260964912282 0.5885416666666667 0.021282894736842112 0.018092105263157895
0 0.7116502192982456 0.5226836622807017 0.007945906432748541 0.017132675438596492
0 0.7245595760233918 0.45394736842105265 0.008768274853801173 0.02138157894736842
0 0.7189912280701753 0.4418859649122807 0.007353801169590686 0.012883771929824562
0 0.7639601608187134 0.46573464912280704 0.011692251461988391 0.02823464912280702
0 0.7596664839181286 0.4451754385964912 0.01717288011695911 0.010416666666666666
0 0.78109557748538 0.622327302631579 0.009592470760233878 0.025904605263157895
0 0.7891337719298245 0.6251370614035088 0.009956140350877279 0.021655701754385966
0 0.791235380116959 0.6382264254385965 0.012697368421052718 0.01768092105263158
0 0.7944773391812866 0.6221902412280702 0.014250730994151967 0.02480811403508772
0 0.79890716374269 0.6387746710526315 0.01141812865497068 0.02206688596491228
0 0.8011915204678363 0.6174616228070176 0.015255847953216295 0.02549342105263158
0 0.8122441520467837 0.6371984649122807 0.013793859649122893 0.025767543859649123
0 0.8152138157894736 0.6497395833333334 0.022836257309941526 0.0234375
0 0.8175484283625731 0.6341831140350876 0.01379203216374257 0.0200109649122807
0 0.8301087353801169 0.6412417763157894 0.016259137426900633 0.02837171052631579
0 0.8292415935672515 0.6539199561403509 0.022379385964912287 0.019462719298245616
0 0.8321180555555556 0.6252055921052632 0.014798976608187221 0.028919956140350877
0 0.8395632309941521 0.6195175438596491 0.013428362573099335 0.021929824561403508
0 0.7954888523391813 0.6577576754385965 0.010780336257309902 0.01864035087719298
0 0.7877238669590644 0.6561129385964912 0.007490862573099375 0.01644736842105263
0 0.7889099049707602 0.6869517543859649 0.017903874269005728 0.03070175438596491
0 0.7941630116959064 0.6784539473684211 0.013793859649122726 0.03289473684210526
0 0.8020641447368421 0.6787280701754386 0.012055921052631625 0.02768640350877193
0 0.8132081505847953 0.6796189692982456 0.015528143274853681 0.025904605263157895
0 0.8233022660818714 0.6761924342105263 0.02530336257309942 0.02206688596491228
0 0.8275127923976608 0.6737253289473684 0.023841374269005854 0.02042214912280702
0 0.8315789473684211 0.6684484649122807 0.022105263157894742 0.025219298245614034
0 0.8487052266081871 0.6763980263157895 0.01762975146198835 0.02275219298245614
0 0.8464217836257311 0.6542626096491229 0.019455409356725153 0.0322094298245614
0 0.8459722222222222 0.6517269736842105 0.01361111111111103 0.02412280701754386
0 0.8563852339181286 0.65625 0.010138888888888975 0.03234649122807018
0 0.8468393640350877 0.6373355263157895 0.014431652046783672 0.020833333333333332
0 0.8671180555555555 0.6581688596491229 0.01370248538011688 0.03234649122807018
0 0.882281615497076 0.6569353070175439 0.01936586257309946 0.02138157894736842
0 0.8529111842105263 0.6147203947368421 0.022013888888888895 0.03125
0 0.8243667763157895 0.589295504385965 0.014248903508771976 0.01850328947368421
0 0.8654833698830409 0.6236293859649122 0.0177211257309942 0.023026315789473683
0 0.8677951388888889 0.6162280701754386 0.021328581871345037 0.02138157894736842
0 0.8740323464912281 0.6138294956140351 0.0168987573099414 0.02398574561403509
0 0.8774351242690058 0.630859375 0.012925804093567172 0.010896381578947368
0 0.8974570540935672 0.6332236842105262 0.018269371345029286 0.020285087719298246
0 0.912483552631579 0.6167763157894737 0.013793859649122893 0.03262061403508772
0 0.8876343201754385 0.6027275219298245 0.01945723684210531 0.02042214912280702
0 0.8919736842105263 0.5953947368421053 0.018084795321637433 0.024945175438596492
0 0.8985964912280702 0.5967653508771931 0.02329312865497077 0.026589912280701754
0 0.901437317251462 0.586828399122807 0.013426535087719179 0.017132675438596492
0 0.9081514985380118 0.5881304824561403 0.02119334795321642 0.02768640350877193
0 0.9136778143274854 0.5818256578947368 0.024570540935672482 0.023300438596491228
0 0.8820266812865497 0.5590049342105263 0.016078216374268928 0.02617872807017544
0 0.8904303728070175 0.5618146929824562 0.016076388888888935 0.027138157894736843
0 0.8921198830409357 0.5498218201754386 0.020551900584795328 0.02398574561403509
0 0.9049086257309942 0.5657894736842105 0.015804093567251383 0.012335526315789474
0 0.9063249269005849 0.5532483552631579 0.023201754385964918 0.020148026315789474
0 0.9103006213450292 0.5513294956140351 0.019274488304093448 0.021518640350877194
0 0.9130866228070177 0.5441337719298246 0.021008771929824567 0.022478070175438597
0 0.925875365497076 0.5491365131578948 0.019364035087719306 0.02617872807017544
0 0.9314016812865497 0.5652412280701754 0.022196637426900593 0.022478070175438597
0 0.944326571637427 0.5648300438596492 0.018634868421052678 0.019462719298245616
0 0.9314473684210525 0.5463952850877194 0.022836257309941526 0.026726973684210526
0 0.9449661915204678 0.5492050438596492 0.018634868421052678 0.027138157894736843
0 0.9456058114035087 0.5415296052631579 0.016441885964912327 0.022478070175438597
0 0.9574351242690059 0.5509868421052632 0.009409722222222182 0.023026315789473683
0 0.966858552631579 0.5263157894736842 0.02091739766081872 0.02275219298245614
0 0.976861293859649 0.5245339912280702 0.018269371345029286 0.015076754385964912
0 0.9701471125730995 0.5418722587719298 0.02165021929824566 0.020970394736842105
0 0.81765442251462 0.5705866228070176 0.015802266081871224 0.021655701754385966
0 0.8292543859649123 0.5728481359649122 0.020003654970760242 0.023711622807017545
0 0.8363331505847953 0.5675712719298245 0.017172880116958944 0.019736842105263157
0 0.8416319444444446 0.5635279605263158 0.021557017543859656 0.023711622807017545
0 0.8488934576023393 0.5614035087719299 0.014705774853801217 0.01836622807017544
0 0.8485288742690058 0.552905701754386 0.023841374269005854 0.01918859649122807
0 0.7990551900584795 0.5302905701754386 0.0239327485380117 0.01644736842105263
0 0.8117525584795321 0.5358415570175439 0.0127887426900584 0.025904605263157895
0 0.8476370614035087 0.41748903508771934 0.01662646198830418 0.013157894736842105
0 0.6853170687134503 0.30989583333333337 0.024113669590643323 0.009046052631578948
0 0.07736659356725147 0.6980537280701754 0.02009502923976608 0.022203947368421052
0 0.08595303362573099 0.7066885964912281 0.008770102339181289 0.01864035087719298
0 0.09408260233918128 0.7010690789473685 0.01333698830409356 0.03262061403508772
0 0.10303453947368421 0.691611842105263 0.01443165204678361 0.027412280701754384
0 0.10842379385964912 0.6991502192982456 0.016076388888888894 0.031524122807017545
0 0.1091547880116959 0.7214912280701754 0.01717288011695907 0.03837719298245614
0 0.1269672880116959 0.7238212719298246 0.01772112573099416 0.02275219298245614
0 0.12495705409356725 0.6914747807017544 0.025027412280701763 0.023300438596491228
0 0.155562865497076 0.5143914473684211 0.012423245614035091 0.019462719298245616
0 0.16277960526315788 0.5187774122807018 0.008585526315789477 0.018914473684210526
0 0.1608607456140351 0.4941063596491228 0.012788742690058483 0.012883771929824562
0 0.17373994883040936 0.48656798245614036 0.005663377192982458 0.01425438596491228
0 0.19328855994152047 0.46203399122807015 0.00602887426900585 0.011239035087719298
0 0.055815058479532165 0.5267269736842106 0.010595760233918132 0.018914473684210526
0 0.06147843567251462 0.4897203947368421 0.011326754385964906 0.01617324561403509
0 0.3936531432748538 0.6337308114035088 0.01781798245614035 0.020690789473684214
0 0.3947953216374269 0.6438020833333332 0.020833333333333332 0.022198464912280707
0 0.39730811403508776 0.6514062500000001 0.018914473684210526 0.019320175438596498
0 0.41183022660818713 0.6309799890350877 0.012107090643274854 0.010139802631578888
0 0.4164674707602339 0.640811403508772 0.01160453216374269 0.011990131578947433
0 0.06387061403508772 0.08167489035087719 0.015533625730994151 0.011507675438596496
0 0.11147569444444445 0.0920202850877193 0.008770102339181289 0.008086622807017545
0 0.6540204678362573 0.45518777412280703 0.013706140350877192 0.008358004385964915
0 0.712624269005848 0.4559964364035088 0.012975146198830409 0.009865679824561406
0 0.7184722222222222 0.45866776315789476 0.0066703216374269 0.0078125
0 0.4126589912280702 0.587594572368421 0.00712719298245614 0.023226425438596498
0 0.42010599415204686 0.5865666118421052 0.013249269005847953 0.020896381578947375
0 0.08496162280701754 0.6859046052631579 0.02677266081871344 0.01466008771929825
0 0.24340369152046787 0.739094024122807 0.028598318713450293 0.014799890350877257
0 0.2419873903508772 0.7595106907894738 0.01882127192982456 0.030967653508771877
0 0.6670266812865496 0.5897587719298245 0.015350877192982455 0.016853070175438602
