0 0.5696249999999999 0.38983333333333337 0.03175 0.049
0 0.445375 0.05195333333333334 0.02625 0.06857333333333335
0 0.3 0.4846666666666667 0.0255 0.038
0 0.450875 0.26383333333333336 0.02775 0.044333333333333336
0 0.49312625 0.2879383333333333 0.026747500000000004 0.038123333333333335
0 0.451125 0.32333333333333336 0.03375 0.036
0 0.5065000000000001 0.3305 0.0265 0.042333333333333334
0 0.316 0.3526666666666667 0.021 0.025333333333333333
0 0.27175 0.48383333333333334 0.03 0.034333333333333334
0 0.41075 0.09683333333333334 0.025 0.050333333333333334
0 0.34187500000000004 0.3605 0.02875 0.03766666666666667
0 0.9275 0.4066666666666666 0.0345 0.034666666666666665
0 0.472875 0.288 0.02425 0.030666666666666665
0 0.48975 0.2555 0.042 0.030333333333333334
0 0.26000125 0.30516666666666664 0.0580025 0.03766666666666667
0 0.47362499999999996 0.3396666666666667 0.03075 0.04733333333333333
0 0.398625 0.04616666666666666 0.02775 0.04033333333333333
0 0.6028749999999999 0.23666666666666666 0.03375 0.06066666666666667
0 0.470375 0.06284000000000001 0.03075 0.07634666666666667
0 0.5025000000000001 0.21633333333333332 0.0275 0.043333333333333335
0 0.42375 0.04666666666666666 0.029 0.058666666666666666
0 0.32075 0.10383333333333333 0.0215 0.05566666666666667
0 0.339125 0.39016666666666666 0.03025 0.051
0 0.428125 0.3208333333333333 0.01125 0.03166666666666667
0 0.2575425 0.125445 0.05158499999999998 0.04622333333333334
0 0.5876250000000001 0.41633333333333333 0.02275 0.016
0 0.297875 0.10133333333333333 0.02625 0.07066666666666667
0 0.276335 0.09323833333333334 0.034 0.06798333333333333
0 0.32796 0.15255666666666665 0.04625 0.04531999999999999
0 0.344585 0.10257000000000001 0.039 0.07864666666666667
0 0.35345999999999994 0.08090833333333333 0.05375 0.06198333333333333
0 0.36071 0.06391333333333335 0.05025 0.05932000000000001
0 0.39258499999999996 0.09873666666666667 0.0295 0.08098
0 0.38245999999999997 0.14589166666666664 0.03675 0.08731
0 0.35196 0.14022666666666667 0.04525 0.052653333333333344
0 0.29420999999999997 0.149725 0.06025 0.04032333333333334
0 0.273585 0.18338166666666667 0.041499999999999974 0.07031666666666667
0 0.23296124999999998 0.20054333333333332 0.061247499999999976 0.04398666666666668
0 0.1458375 0.24753166666666665 0.055 0.08064333333333332
0 0.27571125 0.26669333333333334 0.05624749999999997 0.06497999999999998
0 0.450335 0.10534666666666667 0.057 0.05331999999999999
0 0.47146 0.13683833333333334 0.05975 0.04365666666666668
0 0.426335 0.153335 0.042 0.05665000000000001
0 0.415335 0.13417333333333334 0.052 0.05765333333333333
0 0.424875 0.013705 0.05675 0.029156666666666668
0 0.3540625 0.185855 0.064125 0.03948999999999999
0 0.3758125 0.20984999999999998 0.059875 0.041486666666666644
0 0.4261875 0.18960499999999997 0.030875 0.053649999999999996
0 0.44975 0.212515 0.03075 0.06748333333333331
0 0.31168875 0.19052 0.061872500000000004 0.049819999999999996
0 0.3833125 0.23201 0.051875 0.05248666666666668
0 0.4225 0.22344333333333333 0.0355 0.07997999999999998
0 0.39225125 0.25460166666666667 0.0684975 0.05664999999999998
0 0.4821275 0.18873166666666663 0.04625 0.03898999999999999
0 0.4683775 0.16757 0.06325 0.02999333333333334
0 0.3330025 0.23821833333333334 0.0565 0.060650000000000016
0 0.3010025 0.22555333333333333 0.045 0.07531333333333332
0 0.3308775 0.2687083333333333 0.04975 0.06098333333333335
0 0.3191275 0.287205 0.04825 0.05731666666666668
0 0.3342525 0.32736 0.046 0.048319999999999974
0 0.36825250000000004 0.31653000000000003 0.041 0.08531333333333331
0 0.4056275 0.2927033333333333 0.04575 0.06631333333333335
0 0.42387749999999996 0.2952033333333333 0.04375 0.05598666666666668
0 0.45800250000000003 0.29986833333333335 0.055 0.041323333333333344
0 0.39575249999999995 0.322695 0.063 0.06031666666666664
0 0.51537625 0.26837666666666665 0.0367475 0.07231333333333335
0 0.48800125 0.22122333333333336 0.061497500000000004 0.05265333333333331
0 0.541 0.32352833333333336 0.0545 0.03132333333333334
0 0.4137525 0.3587 0.0595 0.050319999999999976
0 0.44300249999999997 0.357035 0.0415 0.036989999999999974
0 0.50637625 0.35886833333333334 0.0432475 0.04198999999999997
0 0.53475125 0.3661983333333333 0.0494975 0.041990000000000006
0 0.56475 0.35186833333333334 0.054 0.06264999999999998
0 0.572875 0.3222116666666667 0.06775 0.06731666666666665
0 0.3806275 0.37737000000000004 0.05875 0.03965333333333327
0 0.3815025 0.4036966666666666 0.0635 0.03432666666666667
0 0.4370025 0.39486499999999997 0.0635 0.033990000000000006
0 0.4131275 0.4290233333333333 0.03825 0.06631333333333335
0 0.3645025 0.4381883333333333 0.0715 0.040656666666666674
0 0.45612749999999996 0.4181933333333333 0.05975 0.047320000000000015
0 0.45950250000000004 0.4486983333333333 0.06 0.03565666666666668
0 0.4826275 0.3802166666666667 0.05625 0.03399333333333334
0 0.5335012499999999 0.40071166666666663 0.0599975 0.0376566666666666
0 0.6122500000000001 0.39104666666666665 0.0555 0.0549866666666666
0 0.609625 0.3099016666666667 0.06025 0.041323333333333344
0 0.618375 0.2869083333333334 0.07075 0.041323333333333344
0 0.56725 0.27441166666666666 0.0365 0.034323333333333345
0 0.66625 0.25558333333333333 0.0375 0.07331333333333336
0 0.590375 0.44853166666666666 0.04675 0.06331666666666669
0 0.53312625 0.4315366666666666 0.0582475 0.03399333333333334
0 0.49587749999999997 0.4297033333333333 0.032250000000000056 0.07564666666666661
0 0.5338762499999999 0.46052833333333326 0.0572475 0.03799000000000001
0 0.636375 0.43653499999999995 0.05175 0.04465666666666668
0 0.6245 0.46669499999999997 0.062 0.03899000000000001
0 0.64075 0.4923533333333333 0.0545 0.046320000000000014
0 0.697125 0.505185 0.05325 0.06731666666666668
0 0.27337875 0.33922833333333335 0.0712475 0.041323333333333344
0 0.2982525 0.378385 0.0545 0.03565666666666668
0 0.3135025 0.4125416666666667 0.066 0.057983333333333276
0 0.2858775 0.41754 0.05375 0.04665333333333327
0 0.3352525 0.46236166666666667 0.0745 0.03632333333333334
0 0.37425250000000004 0.4711933333333333 0.057 0.07131333333333335
0 0.22825374999999998 0.36805333333333334 0.0654975 0.047653333333333346
0 0.25412875 0.387715 0.0512475 0.05298333333333327
0 0.2812525 0.4401999999999999 0.046 0.05198666666666668
0 0.22287875000000001 0.45036499999999996 0.07374750000000001 0.04499000000000001
0 0.23987875 0.47135999999999995 0.0572475 0.04965333333333335
0 0.16887875 0.48319499999999993 0.0722475 0.034650000000000014
0 0.1895025 0.4343766666666667 0.066 0.0469866666666666
0 0.4121275 0.47222666666666674 0.05975 0.04398666666666668
0 0.4695025 0.48205833333333337 0.081 0.04032333333333334
0 0.4713775 0.5145483333333334 0.06475 0.03932333333333334
0 0.5121275000000001 0.5012183333333333 0.03575000000000006 0.07997666666666661
0 0.55437625 0.4968866666666667 0.06974749999999995 0.04398666666666668
0 0.60625 0.5348766666666667 0.041 0.10730666666666662
0 0.65225 0.526045 0.0455 0.05964999999999994
0 0.645875 0.5683683333333334 0.06625 0.07031666666666661
0 0.5510012500000001 0.5362083333333333 0.07699749999999994 0.0386566666666666
0 0.54662625 0.5683683333333333 0.07424750000000001 0.03565666666666668
0 0.5595012500000001 0.5961933333333334 0.08299749999999995 0.04132000000000001
0 0.57200125 0.6336833333333334 0.05599749999999994 0.07098000000000002
0 0.23881375 0.502945 0.0668725 0.04665666666666667
0 0.2928775 0.5082300000000001 0.02825 0.06664666666666669
0 0.3005025 0.5498850000000001 0.0345 0.06331666666666669
0 0.3232525 0.5194083333333334 0.027 0.08364333333333336
0 0.33800250000000004 0.49957833333333335 0.044 0.06131666666666668
0 0.3475025 0.5593966666666668 0.0485 0.08231333333333335
0 0.38350125 0.5167416666666667 0.046997500000000005 0.058983333333333346
0 0.41825124999999996 0.5225733333333333 0.031497500000000005 0.10197333333333336
0 0.434 0.5543983333333334 0.0285 0.09831000000000002
0 0.46325 0.557565 0.04 0.06798333333333335
0 0.475 0.56623 0.0385 0.07598000000000002
0 0.2362525 0.5397366666666666 0.052 0.047653333333333346
0 0.26812749999999996 0.5410683333333334 0.03075 0.08231000000000002
0 0.2482525 0.5965533333333334 0.049 0.07131333333333335
0 0.29387749999999996 0.6128833333333333 0.05075 0.07197999999999995
0 0.3272525 0.605885 0.035 0.06731666666666668
0 0.3767525 0.5955550000000001 0.044 0.09331000000000002
0 0.39375125 0.5635633333333333 0.021997500000000003 0.0973066666666667
0 0.41450125 0.6163816666666667 0.0354975 0.09097666666666661
0 0.41525125 0.6602033333333334 0.0639975 0.05732000000000001
0 0.38412625 0.671535 0.0637475 0.08397666666666669
0 0.3367525 0.6752 0.035 0.08731333333333335
0 0.3681275 0.717855 0.03625 0.0913100000000001
0 0.2000025 0.589055 0.055 0.08564333333333335
0 0.1722525 0.6178833333333333 0.052 0.07664666666666661
0 0.1700025 0.670035 0.0715 0.04232333333333342
0 0.2472525 0.6328783333333333 0.057 0.057316666666666606
0 0.24125249999999998 0.6943616666666667 0.044 0.07298333333333334
0 0.2782525 0.6482083333333333 0.049 0.06664999999999995
0 0.2967525 0.6773666666666667 0.06 0.047653333333333346
0 0.2833775 0.7250199999999999 0.06425 0.06032000000000001
0 0.3303775 0.7278533333333334 0.05975 0.07331333333333336
0 0.4327525 0.6103833333333333 0.0525 0.054320000000000014
0 0.4863775 0.6282116666666666 0.06975000000000006 0.05864999999999994
0 0.5036275 0.5765583333333334 0.031750000000000056 0.08264333333333336
0 0.5346262500000001 0.6382083333333333 0.0512475 0.07064999999999994
0 0.56762625 0.6766983333333334 0.034747499999999945 0.06631666666666676
0 0.5305025 0.6923616666666665 0.046000000000000055 0.06231666666666668
0 0.4860025 0.6507066666666667 0.035 0.07364666666666668
0 0.4485025 0.6708666666666667 0.045 0.07864666666666668
0 0.4546275 0.7053566666666667 0.02675 0.04632000000000009
0 0.4833775 0.6940266666666666 0.05025 0.05032000000000001
0 0.5033775 0.7388483333333333 0.05125000000000006 0.06464999999999994
0 0.4285025 0.7260333333333334 0.035 0.08098000000000002
0 0.4621275 0.7423633333333333 0.03925 0.07764666666666668
0 0.41625249999999997 0.790525 0.0345 0.1006566666666666
0 0.4658775 0.7885333333333333 0.07025 0.05198666666666668
0 0.4368775 0.8373550000000001 0.04275 0.06364999999999994
0 0.3842525 0.7662066666666667 0.0675 0.07931333333333335
0 0.38662749999999996 0.8115266666666667 0.04175 0.07931333333333335
0 0.33312749999999997 0.7867016666666667 0.04675 0.08564333333333343
0 0.3476275 0.8510366666666667 0.04275 0.09164000000000003
0 0.7225 0.5637433333333333 0.054 0.05632000000000001
0 0.7602525000000001 0.3458983333333333 0.0315 0.06465000000000001
0 0.7581275 0.4003833333333333 0.05225 0.07231333333333327
0 0.7180025 0.31024 0.039 0.07931333333333335
0 0.7026275000000001 0.3234033333333333 0.05175 0.05765333333333335
0 0.7066275000000001 0.2081 0.06175 0.04365333333333331
0 0.6968775 0.12357666666666665 0.07375 0.04998666666666666
0 0.97375 0.29838666666666663 0.019 0.021660000000000006
