0 0.441625 0.7145 0.01525 0.035666666666666666
0 0.592125 0.6115483333333332 0.01725 0.026903333333333345
0 0.28593625 0.7203583333333334 0.016627499999999996 0.04005000000000003
0 0.5325 0.5451666666666667 0.017 0.01633333333333333
0 0.60986375 0.5385 0.024772500000000038 0.012333333333333333
0 0.359 0.7158333333333333 0.0155 0.027666666666666666
0 0.496875 0.5508333333333333 0.01325 0.019
0 0.5978749999999999 0.6472100000000001 0.01175 0.03624666666666667
0 0.5377500000000001 0.6323333333333334 0.018 0.025333333333333333
0 0.544125 0.697 0.01475 0.034666666666666665
0 0.712 0.6166666666666666 0.0285 0.014666666666666666
0 0.68875 0.6367633333333333 0.0145 0.025526666666666642
0 0.3825 0.6601666666666667 0.0175 0.025666666666666667
0 0.5395 0.5475 0.0145 0.021
0 0.491375 0.645 0.01425 0.02666666666666667
0 0.6615 0.7076666666666667 0.025 0.02266666666666667
0 0.618405 0.6407933333333333 0.015809999999999946 0.02974666666666667
0 0.527625 0.7140000000000001 0.01125 0.027333333333333334
0 0.381875 0.71 0.01625 0.034
0 0.49824999999999997 0.7168333333333333 0.0285 0.014333333333333333
0 0.426 0.6983333333333333 0.0255 0.020666666666666667
0 0.553875 0.647725 0.01175 0.0332166666666667
0 0.47397874999999995 0.5763333333333334 0.02404250000000002 0.015333333333333332
0 0.56792625 0.5320383333333334 0.011147500000000036 0.02207666666666667
0 0.392125 0.7217433333333333 0.01875 0.04348666666666668
0 0.51325 0.5238333333333334 0.0105 0.022333333333333334
0 0.453625 0.6388333333333334 0.01025 0.027666666666666666
0 0.5559999999999999 0.5511666666666666 0.021 0.013
0 0.426375 0.7130000000000001 0.02475 0.021333333333333333
0 0.5255000000000001 0.6536666666666667 0.0275 0.015333333333333332
0 0.42762500000000003 0.6345 0.01275 0.024333333333333332
0 0.46699999999999997 0.7083333333333334 0.0125 0.03333333333333333
0 0.43975000000000003 0.5973333333333333 0.014 0.030666666666666665
0 0.45087499999999997 0.7196666666666667 0.01325 0.03133333333333333
0 0.342875 0.717 0.02025 0.030666666666666665
0 0.49824999999999997 0.6645 0.0145 0.03233333333333333
0 0.595 0.5328333333333333 0.0145 0.017
0 0.5441250000000001 0.64035 0.01225 0.02730000000000003
0 0.374625 0.6313333333333333 0.02525 0.016666666666666666
0 0.32999999999999996 0.6015 0.0195 0.025666666666666667
0 0.36524999999999996 0.5425 0.0215 0.023666666666666666
0 0.332 0.7805000000000001 0.017 0.027666666666666666
0 0.370375 0.7064999999999999 0.01625 0.033
0 0.57805125 0.5324966666666667 0.010602499999999964 0.02099333333333334
0 0.499875 0.7948333333333334 0.02525 0.021666666666666667
0 0.31174999999999997 0.7145 0.0165 0.026333333333333334
0 0.45787500000000003 0.7148333333333333 0.01175 0.03233333333333333
0 0.353 0.6589983333333332 0.0205 0.020663333333333336
0 0.40325 0.6276666666666667 0.016 0.028
0 0.5818749999999999 0.5616666666666668 0.02775 0.013333333333333334
0 0.562 0.6403333333333334 0.01 0.027333333333333334
0 0.554375 0.5423333333333333 0.02125 0.010666666666666666
0 0.716875 0.629 0.02325 0.019333333333333334
0 0.5247499999999999 0.6353333333333333 0.017 0.026
0 0.524375 0.5326666666666666 0.01225 0.018666666666666668
0 0.3575 0.6448333333333333 0.016 0.027
0 0.40249999999999997 0.6511666666666667 0.0175 0.027666666666666666
0 0.31962500000000005 0.6226666666666667 0.01675 0.017333333333333333
0 0.63325 0.601 0.014 0.026
0 0.535625 0.7070000000000001 0.01475 0.035333333333333335
0 0.516875 0.5345 0.01075 0.018333333333333333
0 0.418 0.6181666666666666 0.0155 0.027
0 0.458625 0.6248366666666667 0.01375 0.02499333333333334
0 0.568875 0.7160000000000001 0.02375 0.029333333333333333
0 0.49 0.5646666666666668 0.025 0.011333333333333334
0 0.32849999999999996 0.6513333333333333 0.0205 0.028
0 0.67275 0.6064999999999999 0.017 0.021
0 0.311 0.8598333333333333 0.0145 0.018333333333333333
0 0.330875 0.5770000000000001 0.01025 0.023333333333333334
0 0.393625 0.5606666666666666 0.01525 0.018
0 0.631125 0.6248333333333334 0.01425 0.030333333333333334
0 0.449625 0.5908333333333333 0.01375 0.026333333333333334
0 0.687 0.6098333333333333 0.0175 0.023666666666666666
0 0.55825 0.6131666666666667 0.016 0.021666666666666667
0 0.608625 0.5251666666666667 0.01275 0.014333333333333333
0 0.35512499999999997 0.5768333333333333 0.01525 0.017666666666666667
0 0.470625 0.6273333333333333 0.01125 0.024
0 0.61475 0.72 0.022 0.036
0 0.52175 0.5515 0.014 0.015
0 0.5018750000000001 0.637 0.01325 0.03333333333333333
0 0.45925 0.5528333333333334 0.0095 0.025666666666666667
0 0.5863750000000001 0.7065 0.02025 0.025666666666666667
0 0.5559999999999999 0.525 0.0185 0.01
0 0.441875 0.6328333333333334 0.01225 0.033666666666666664
0 0.507375 0.619 0.01675 0.016
0 0.36221875000000003 0.5261783333333333 0.0169375 0.02557666666666667
0 0.37828124999999996 0.517805 0.0146875 0.020330000000000004
0 0.373 0.5248883333333334 0.01425 0.015163333333333336
0 0.3910625 0.520305 0.016625 0.01799666666666667
0 0.39075 0.5093083333333334 0.01525 0.01199666666666667
0 0.40353125 0.5105583333333334 0.0234375 0.013163333333333336
0 0.38203125000000004 0.5346766666666667 0.0169375 0.013580000000000004
0 0.40203125 0.5259283333333333 0.0109375 0.017576666666666674
0 0.41362374999999996 0.52043 0.029497500000000003 0.011413333333333336
0 0.406625 0.5330516666666667 0.02125 0.016163333333333335
0 0.42087375 0.511225 0.013872500000000003 0.013663333333333336
0 0.40277 0.5423133333333333 0.026 0.018080000000000002
0 0.40908249999999996 0.5572683333333334 0.0305 0.017663333333333336
0 0.5186025 0.5695983333333333 0.019374999999999944 0.018330000000000003
0 0.43642625 0.5101266666666666 0.0205625 0.013080000000000003
0 0.45202 0.5100016666666666 0.012875 0.018830000000000003
0 0.43714499999999995 0.5184583333333334 0.021125 0.014076666666666673
0 0.4595825 0.5004633333333334 0.013125 0.018413333333333337
0 0.4268325 0.5339533333333333 0.012625 0.019080000000000003
0 0.41486375 0.52908 0.0134375 0.015660000000000007
0 0.43483249999999996 0.52704 0.0125 0.017413333333333336
0 0.4484575 0.5230816666666667 0.020625 0.010330000000000002
0 0.4597075 0.5182083333333333 0.01 0.017410000000000005
0 0.47123875 0.511585 0.0134375 0.012663333333333337
0 0.41441500000000003 0.5431733333333334 0.021 0.01624666666666667
0 0.41875875 0.5473816666666667 0.0200625 0.015830000000000004
0 0.42338375 0.5537966666666667 0.0133125 0.02099333333333334
0 0.43279 0.5534216666666667 0.01225 0.020076666666666673
0 0.45138375000000003 0.529135 0.0199375 0.008330000000000002
0 0.4451025 0.5330933333333334 0.018875 0.010413333333333337
0 0.443415 0.540965 0.023125 0.01199666666666667
0 0.46947750000000005 0.5205966666666667 0.016375 0.011080000000000003
0 0.46935250000000006 0.5257633333333334 0.017125 0.01174666666666667
0 0.46069625 0.5370516666666667 0.0243125 0.01449666666666667
0 0.47050875000000003 0.5383416666666667 0.0178125 0.014576666666666674
0 0.437665 0.54988 0.01275 0.022826666666666672
0 0.44682125 0.55717 0.0121875 0.02074666666666667
0 0.45350875 0.5579616666666667 0.0128125 0.025489999999999933
0 0.40928125 0.5669883333333333 0.0233125 0.014163333333333337
0 0.43018625 0.5692783333333334 0.024372500000000002 0.017910000000000006
0 0.40928125 0.5784833333333333 0.0136875 0.028160000000000004
0 0.39290625 0.5774833333333333 0.0164375 0.023326666666666673
0 0.38375000000000004 0.56203 0.01075 0.022413333333333337
0 0.377 0.571195 0.014625 0.018576666666666672
0 0.38440625 0.5900633333333334 0.0198125 0.022993333333333338
0 0.38415625 0.5984366666666667 0.0259375 0.020580000000000005
0 0.39565625 0.5831083333333333 0.0148125 0.026410000000000006
0 0.40562499999999996 0.5863149999999999 0.0145 0.022830000000000003
0 0.4442475 0.5731516666666667 0.02325 0.021163333333333336
0 0.4275925 0.5815250000000001 0.026560000000000004 0.023910000000000008
0 0.42956125 0.5955633333333334 0.014622500000000002 0.026826666666666672
0 0.48502875 0.49671333333333334 0.0150625 0.013580000000000004
0 0.48265375000000005 0.5156266666666667 0.0109375 0.01674666666666667
0 0.49365375 0.5147516666666666 0.0133125 0.018663333333333337
0 0.49859125 0.5126683333333333 0.0080625 0.014830000000000003
0 0.5077474999999999 0.5145016666666666 0.013499999999999943 0.018163333333333337
0 0.5219037499999999 0.5151266666666666 0.0106875 0.01708
0 0.5042787500000001 0.527915 0.0068125 0.01099666666666667
0 0.4939975 0.5300800000000001 0.0165 0.014660000000000006
0 0.50102875 0.5363283333333333 0.0214375 0.00999666666666667
0 0.5106225 0.5491166666666666 0.010749999999999944 0.01974666666666667
0 0.50084125 0.5470750000000001 0.0138125 0.01499666666666667
0 0.482185 0.525415 0.019875 0.01199666666666667
0 0.4868725 0.52983 0.019125 0.014826666666666672
0 0.47887250000000003 0.5447433333333334 0.017 0.027326666666666673
0 0.47140375 0.548035 0.0148125 0.026410000000000006
0 0.48299749999999997 0.5463266666666666 0.017875 0.02249333333333334
0 0.48609125 0.55799 0.0183125 0.006666666666666667
0 0.46774750000000004 0.56732 0.023 0.017660000000000006
0 0.5133725 0.56482 0.025374999999999943 0.021160000000000005
0 0.5323837499999999 0.5188316666666667 0.0091875 0.012163333333333337
0 0.54832125 0.5160816666666667 0.0238125 0.00799666666666667
0 0.54425875 0.52633 0.0178125 0.01549333333333334
0 0.5452899999999999 0.5322866666666667 0.019125 0.01124666666666667
0 0.53269625 0.5285783333333333 0.0126875 0.018663333333333337
0 0.5885087499999999 0.5280383333333334 0.0118125 0.016410000000000004
0 0.37337375 0.6100683333333334 0.022247500000000003 0.019163333333333338
0 0.34665625 0.6392266666666667 0.0166875 0.02899333333333334
0 0.391905 0.6328550000000001 0.016810000000000002 0.027910000000000008
0 0.31477 0.6535433333333334 0.013 0.026906666666666676
0 0.3718325 0.6611250000000001 0.015125 0.030410000000000006
0 0.39748875 0.66175 0.0278125 0.02449333333333334
0 0.40955125 0.6372966666666666 0.0125625 0.028906666666666674
0 0.41839499999999996 0.6502516666666666 0.012625 0.03649000000000001
0 0.45925875000000005 0.6010099999999999 0.0211875 0.02599333333333334
0 0.469415 0.6001766666666667 0.01325 0.025326666666666674
0 0.47525875 0.6033433333333333 0.0091875 0.024826666666666674
0 0.46816500000000005 0.6171733333333334 0.017 0.0105
0 0.48222750000000003 0.6172566666666667 0.014125 0.023826666666666673
0 0.489415 0.6266283333333333 0.01125 0.02274333333333334
0 0.47888375 0.6371683333333333 0.0133125 0.023663333333333335
0 0.46385250000000006 0.6439583333333333 0.012125 0.03141000000000001
0 0.481665 0.6462500000000001 0.021125 0.020826666666666674
0 0.5152162499999999 0.6371133333333333 0.014437499999999943 0.02982666666666667
0 0.527165 0.6152016666666665 0.01825 0.022830000000000003
0 0.5416025 0.6114533333333333 0.014875 0.022993333333333338
0 0.5493524999999999 0.6174933333333333 0.01175 0.018580000000000003
0 0.5591025 0.6243666666666666 0.019375 0.01782666666666667
0 0.57136125 0.6126766666666666 0.0110625 0.02349333333333334
0 0.5757675000000001 0.6320866666666667 0.01225 0.030993333333333338
0 0.569955 0.6374616666666666 0.010125 0.02957666666666667
0 0.5807362500000001 0.6169250000000001 0.0093125 0.021330000000000002
0 0.5870175 0.6387116666666667 0.013 0.030743333333333338
0 0.5977362500000001 0.62967 0.0150625 0.02582666666666667
0 0.6048925 0.6294216666666667 0.0115 0.033990000000000006
0 0.61048625 0.6145933333333333 0.0115625 0.026326666666666672
0 0.6127675 0.6288383333333333 0.009 0.01799666666666667
0 0.6216225 0.6078 0.01125 0.020913333333333336
0 0.61890375 0.622505 0.0170625 0.020330000000000004
0 0.63396625 0.6429166666666667 0.0181875 0.019326666666666673
0 0.638685 0.62163 0.013375 0.028906666666666674
0 0.64671625 0.6251283333333333 0.0121875 0.02924333333333334
0 0.6546537499999999 0.6115066666666666 0.0146875 0.02949333333333334
0 0.66681 0.6197566666666666 0.01075 0.026660000000000007
0 0.6542475 0.6350433333333333 0.018375 0.02624000000000001
0 0.678935 0.623795 0.01875 0.024910000000000005
0 0.68017375 0.62903 0.0223125 0.023160000000000007
0 0.70011125 0.6303633333333333 0.0123125 0.023660000000000007
0 0.40544625 0.7084116666666667 0.0154375 0.031489999999999935
0 0.49873625 0.6960683333333334 0.031187500000000055 0.021910000000000006
0 0.49879875 0.7092316666666667 0.029312500000000057 0.01824333333333334
0 0.51733 0.695735 0.014750000000000056 0.030910000000000083
0 0.52558 0.6890716666666666 0.011125 0.025076666666666674
0 0.5555487500000001 0.7168133333333333 0.0124375 0.03990666666666675
0 0.5419662499999999 0.6750883333333334 0.0311875 0.018496666666666745
0 0.56115375 0.6912916666666666 0.0196875 0.027576666666666597
0 0.574185 0.69 0.012625 0.03199333333333326
0 0.5625375 0.7718466666666668 0.0155 0.027160000000000007
0 0.4340175 0.784565 0.016375 0.01983000000000008
0 0.40858 0.7797333333333333 0.012 0.01849333333333334
