0 0.8054641812865497 0.6003289473684211 0.01699561403508772 0.03399122807017544
0 0.40597587719298245 0.5892269736842106 0.016264619883040937 0.018914473684210526
0 0.10699926900584794 0.6465186403508771 0.018092105263157895 0.022203947368421052
0 0.7976973684210527 0.6432291666666667 0.019005847953216373 0.033717105263157895
0 0.4758771929824561 0.698327850877193 0.015350877192982455 0.023848684210526317
0 0.40423976608187134 0.6939418859649122 0.009868421052631578 0.02987938596491228
0 0.0735562865497076 0.6018366228070176 0.013706140350877192 0.02823464912280702
0 0.34018640350877194 0.621984649122807 0.011513157894736841 0.025767543859649123
0 0.6142178362573099 0.6443256578947368 0.020833333333333332 0.033717105263157895
0 0.008771929824561403 0.6001918859649124 0.017543859649122806 0.026041666666666668
0 0.7142726608187135 0.6392543859649122 0.01882309941520468 0.03070175438596491
0 0.36485745614035087 0.7186129385964912 0.022112573099415205 0.026589912280701754
0 0.6437317251461988 0.6755756578947368 0.014071637426900584 0.02987938596491228
0 0.5682565789473685 0.7790570175438596 0.03344298245614035 0.027960526315789474
0 0.6425438596491229 0.6946271929824562 0.016812865497076022 0.01918859649122807
0 0.537280701754386 0.6196546052631579 0.019371345029239765 0.023300438596491228
0 0.02814327485380117 0.7828947368421053 0.02448830409356725 0.03892543859649123
0 0.6600877192982456 0.7103892543859649 0.02010233918128655 0.032072368421052634
0 0.777046783625731 0.6463815789473685 0.02010233918128655 0.03289473684210526
0 0.6633771929824562 0.6411732456140351 0.019005847953216373 0.023026315789473683
0 0.28380847953216376 0.7342379385964912 0.014985380116959063 0.032072368421052634
0 0.012244152046783625 0.6916118421052632 0.014985380116959063 0.03892543859649123
0 0.19937865497076024 0.5557839912280702 0.012426900584795321 0.031524122807017545
0 0.3670504385964912 0.6388432017543859 0.016264619883040937 0.02768640350877193
0 0.24442616959064326 0.5586622807017544 0.01114766081871345 0.01918859649122807
0 0.7955957602339181 0.6847587719298245 0.023940058479532164 0.02138157894736842
0 0.7743055555555556 0.6816063596491228 0.017543859649122806 0.036458333333333336
0 0.44161184210526316 0.7393092105263158 0.012975146198830409 0.04111842105263158
0 0.7247807017543859 0.6773574561403508 0.02046783625730994 0.029605263157894735
0 0.3102156432748538 0.7457510964912281 0.019554093567251463 0.03042763157894737
0 0.6123903508771931 0.6010142543859649 0.019005847953216373 0.031524122807017545
0 0.4504751461988304 0.6196546052631579 0.011695906432748537 0.030975877192982455
0 0.21153143274853803 0.4179002192982456 0.018457602339181287 0.014528508771929825
0 0.2575840643274854 0.5963541666666666 0.012244152046783625 0.02987938596491228
0 0.5976790935672515 0.5856633771929824 0.015899122807017545 0.02823464912280702
0 0.5425804093567251 0.7223135964912281 0.014985380116959063 0.023574561403508772
0 0.13614766081871346 0.5534539473684211 0.01644736842105263 0.025767543859649123
0 0.16319444444444445 0.6717379385964912 0.021198830409356724 0.023300438596491228
0 0.012518274853801168 0.5448190789473684 0.010782163742690058 0.028782894736842105
0 0.5951206140350878 0.7543859649122807 0.016264619883040937 0.025767543859649123
0 0.05610380116959064 0.671875 0.02412280701754386 0.03179824561403509
0 0.4514802631578947 0.6430921052631579 0.013706140350877192 0.02138157894736842
0 0.5555555555555556 0.6377467105263157 0.011695906432748537 0.029331140350877194
0 0.38011695906432746 0.626233552631579 0.01023391812865497 0.033168859649122806
0 0.7465277777777778 0.7116228070175439 0.017178362573099414 0.03289473684210526
0 0.7161915204678363 0.728344298245614 0.016812865497076022 0.03618421052631579
0 0.28536184210526316 0.5874451754385965 0.020650584795321638 0.03070175438596491
0 0.30016447368421056 0.6637883771929824 0.0133406432748538 0.032072368421052634
0 0.3786549707602339 0.6995614035087719 0.016812865497076022 0.013706140350877192
0 0.4347587719298246 0.6485745614035088 0.009137426900584795 0.025767543859649123
0 0.29258040935672514 0.7520559210526316 0.02010233918128655 0.031524122807017545
0 0.03938230994152046 0.5496162280701755 0.014437134502923976 0.0268640350877193
0 0.8410087719298246 0.6058114035087719 0.01023391812865497 0.02850877192982456
0 0.4580592105263158 0.6558388157894737 0.015899122807017545 0.023848684210526317
0 0.11001461988304093 0.47491776315789475 0.012426900584795321 0.021107456140350877
0 0.054733187134502925 0.45093201754385964 0.00932017543859649 0.027412280701754384
0 0.48062865497076024 0.667077850877193 0.012792397660818713 0.03755482456140351
0 0.5586622807017544 0.674890350877193 0.013523391812865496 0.020285087719298246
0 0.1263706140350877 0.5412554824561403 0.019554093567251463 0.02275219298245614
0 0.1836622807017544 0.6828399122807017 0.011330409356725146 0.03892543859649123
0 0.27439692982456143 0.6876370614035087 0.012609649122807017 0.03536184210526316
0 0.18448464912280702 0.579358552631579 0.010416666666666666 0.033717105263157895
0 0.06131213450292397 0.6023848684210527 0.01882309941520468 0.019462719298245616
0 0.26233552631578944 0.6344572368421053 0.010782163742690058 0.031524122807017545
0 0.2916666666666667 0.7105263157894737 0.012426900584795321 0.025219298245614034
0 0.1773574561403509 0.6233552631578948 0.018457602339181287 0.018092105263157895
0 0.4704861111111111 0.6709155701754387 0.01114766081871345 0.027138157894736843
0 0.4278143274853801 0.6256853070175439 0.011695906432748537 0.017269736842105265
0 0.3739948830409357 0.7272478070175439 0.012975146198830409 0.03344298245614035
0 0.5218384502923977 0.6001918859649124 0.010782163742690058 0.03262061403508772
0 0.10471491228070175 0.5359100877192983 0.010599415204678362 0.02412280701754386
0 0.22441520467836257 0.5482456140350878 0.023026315789473683 0.01918859649122807
0 0.5211074561403509 0.6429550438596491 0.015533625730994151 0.031524122807017545
0 0.1537828947368421 0.6226699561403509 0.014802631578947368 0.02275219298245614
0 0.12527412280701755 0.6913377192982456 0.02101608187134503 0.03344298245614035
0 0.4148391812865497 0.6818804824561403 0.01425438596491228 0.036458333333333336
0 0.07428728070175439 0.5479714912280701 0.014802631578947368 0.02905701754385965
0 0.39610745614035087 0.6898300438596491 0.010782163742690058 0.031524122807017545
0 0.09448099415204678 0.6239035087719299 0.02046783625730994 0.01918859649122807
0 0.5664290935672515 0.5393366228070176 0.014802631578947368 0.02275219298245614
0 0.057200292397660814 0.6385690789473685 0.010599415204678362 0.024396929824561403
0 0.563687865497076 0.6026589912280702 0.012609649122807017 0.024945175438596492
0 0.29797149122807015 0.6012883771929824 0.01882309941520468 0.026041666666666668
0 0.4968019005847953 0.6369243421052632 0.021747076023391813 0.01617324561403509
0 0.24269005847953215 0.5810032894736843 0.016812865497076022 0.02549342105263158
0 0.6310307017543859 0.6895559210526315 0.01425438596491228 0.015076754385964912
0 0.8224597953216375 0.6223958333333334 0.018457602339181287 0.02275219298245614
0 0.35370979532163743 0.6483004385964912 0.011878654970760233 0.03070175438596491
0 0.856359649122807 0.5777138157894737 0.019371345029239765 0.028782894736842105
0 0.06432748538011696 0.6973684210526316 0.017543859649122806 0.03399122807017544
0 0.45897295321637427 0.7197094298245614 0.009685672514619883 0.0381030701754386
0 0.16456505847953218 0.5389254385964912 0.010051169590643274 0.023574561403508772
0 0.2654422514619883 0.6023848684210527 0.012609649122807017 0.02987938596491228
0 0.48940058479532167 0.5904605263157895 0.01644736842105263 0.015899122807017545
0 0.11449195906432749 0.5334429824561403 0.011878654970760233 0.02850877192982456
0 0.5332602339181286 0.6008771929824561 0.014985380116959063 0.01699561403508772
0 0.06131213450292398 0.5696271929824561 0.018092105263157895 0.020833333333333332
0 0.07867324561403509 0.6779057017543859 0.020285087719298246 0.020285087719298246
0 0.08123172514619882 0.5790844298245613 0.008589181286549707 0.02768640350877193
0 0.2711988304093567 0.5637335526315789 0.01206140350877193 0.02055921052631579
0 0.13633040935672514 0.6169133771929826 0.015350877192982455 0.019462719298245616
0 0.08726242690058479 0.5578399122807017 0.011513157894736841 0.020285087719298246
0 0.10389254385964913 0.5988212719298245 0.015899122807017545 0.03536184210526316
0 0.375 0.5971765350877193 0.013888888888888888 0.017269736842105265
0 0.5476973684210527 0.7690515350877193 0.017178362573099414 0.03700657894736842
0 0.19124634502923976 0.5677083333333333 0.012975146198830409 0.01206140350877193
0 0.2534722222222222 0.5635964912280702 0.010599415204678362 0.025219298245614034
0 0.680281432748538 0.5688048245614035 0.0133406432748538 0.029605263157894735
0 0.06990131578947369 0.6480263157894737 0.010051169590643274 0.022478070175438597
0 0.014163011695906433 0.6310307017543859 0.015533625730994151 0.03508771929824561
0 0.15049342105263155 0.5623629385964912 0.010782163742690058 0.026041666666666668
0 0.5677997076023392 0.6780427631578947 0.01023391812865497 0.015625
0 0.19937865497076024 0.6813322368421053 0.01827485380116959 0.038651315789473686
0 0.14948830409356725 0.5386513157894737 0.01023391812865497 0.021929824561403508
0 0.14437134502923976 0.5819627192982456 0.013157894736842105 0.02905701754385965
0 0.2911184210526316 0.6525493421052632 0.011695906432748537 0.021655701754385966
0 0.6221673976608186 0.6824287280701754 0.012244152046783625 0.023300438596491228
0 0.0916483918128655 0.6975109649122807 0.01699561403508772 0.03975877192982455
0 0.4205043859649123 0.7050438596491229 0.01206140350877193 0.03234649122807018
0 0.6264619883040935 0.7021655701754386 0.013523391812865496 0.012883771929824562
0 0.5050255847953217 0.44078947368421056 0.010051169590643274 0.02138157894736842
0 0.5483369883040935 0.6023848684210527 0.011878654970760233 0.02987938596491228
0 0.43357090643274854 0.6964089912280702 0.015899122807017545 0.02275219298245614
0 0.4422514619883041 0.6535087719298246 0.00804093567251462 0.0268640350877193
0 0.12280701754385964 0.5655153508771931 0.010599415204678362 0.0268640350877193
0 0.3100328947368421 0.6640625 0.01114766081871345 0.03262061403508772
0 0.21025219298245615 0.5922423245614035 0.014071637426900584 0.032072368421052634
0 0.46326754385964913 0.6674890350877194 0.011330409356725146 0.0268640350877193
0 0.18156067251461988 0.6100603070175439 0.01918859649122807 0.016721491228070175
0 0.5442251461988304 0.6444627192982456 0.009868421052631578 0.02631578947368421
0 0.2447002923976608 0.6311677631578948 0.016812865497076022 0.032072368421052634
0 0.029696637426900586 0.6395285087719298 0.02320906432748538 0.020285087719298246
0 0.040113304093567254 0.6515995065789475 0.014802631578947368 0.036165021929824515
0 0.21938961988304093 0.6650219298245613 0.02540204678362573 0.020833333333333332
0 0.16419956140350875 0.6925712719298246 0.01882309941520468 0.031524122807017545
0 0.12911184210526316 0.6668037280701754 0.0133406432748538 0.02823464912280702
0 0.7329130116959064 0.7266995614035088 0.020285087719298246 0.020833333333333332
0 0.030153508771929825 0.6173245614035088 0.015350877192982455 0.02850877192982456
0 0.2664473684210526 0.7524671052631579 0.017909356725146198 0.03125
0 0.041118421052631575 0.570860745614035 0.019371345029239765 0.02055921052631579
0 0.32913011695906436 0.7453399122807017 0.017543859649122806 0.03344298245614035
0 0.33845029239766083 0.6488486842105263 0.008771929824561403 0.03289473684210526
0 0.005208333333333333 0.5450932017543859 0.010051169590643274 0.03042763157894737
0 0.17607821637426901 0.5874451754385965 0.008223684210526315 0.03399122807017544
0 0.4443530701754386 0.7006578947368421 0.008589181286549707 0.025219298245614034
0 0.06186038011695906 0.6230811403508772 0.01882309941520468 0.018092105263157895
0 0.21710526315789475 0.5570175438596491 0.010599415204678362 0.027960526315789474
0 0.575749269005848 0.752467105263158 0.010416666666666666 0.04057017543859649
0 0.19485562865497078 0.5928495065789474 0.009959795321637427 0.018484100877192936
0 0.05436769005847953 0.5545504385964912 0.018457602339181287 0.01864035087719298
0 0.5085891812865497 0.6012883771929824 0.02010233918128655 0.016721491228070175
0 0.6112938596491229 0.4603892543859649 0.01608187134502924 0.01836622807017544
0 0.14738669590643277 0.6125274122807018 0.01663011695906433 0.01836622807017544
0 0.2101608187134503 0.6536458333333334 0.019371345029239765 0.018914473684210526
0 0.5093201754385965 0.6159539473684211 0.017909356725146198 0.02631578947368421
0 0.43028143274853803 0.5977247807017544 0.015899122807017545 0.021655701754385966
0 0.4032337353801169 0.6042996162280702 0.020652412280701794 0.012875548245613981
0 0.5872624269005848 0.43612938596491224 0.023574561403508772 0.013706140350877192
0 0.26644736842105265 0.7199835526315789 0.01608187134502924 0.035910087719298246
0 0.43503289473684215 0.6233552631578948 0.012975146198830409 0.01699561403508772
0 0.37874634502923976 0.6026589912280702 0.01516812865497076 0.014528508771929825
0 0.4353983918128655 0.7271107456140351 0.016264619883040937 0.04194078947368421
0 0.22423245614035087 0.5352247807017544 0.019005847953216373 0.015625
0 0.19216008771929827 0.6780427631578947 0.008589181286549707 0.03700657894736842
0 0.639985380116959 0.5934758771929824 0.015716374269005847 0.03508771929824561
0 0.08712445175438598 0.5851740679824562 0.01269919590643275 0.03305098684210531
0 0.5234831871345029 0.753015350877193 0.0133406432748538 0.0400219298245614
0 0.1992872807017544 0.578673245614035 0.019554093567251463 0.01206140350877193
0 0.4041483918128655 0.6480263157894737 0.01114766081871345 0.02905701754385965
0 0.27695540935672514 0.7145010964912281 0.014437134502923976 0.02768640350877193
0 0.39583333333333337 0.6710526315789473 0.012426900584795321 0.023026315789473683
0 0.13075657894736842 0.5875822368421052 0.010051169590643274 0.02823464912280702
0 0.5317068713450293 0.7620614035087719 0.010782163742690058 0.043859649122807015
0 0.5349963450292398 0.7124451754385964 0.014071637426900584 0.012609649122807017
0 0.13349780701754385 0.5704495614035088 0.01918859649122807 0.01206140350877193
0 0.4755116959064328 0.7454769736842105 0.011695906432748537 0.038651315789473686
0 0.006365131578947368 0.5212787828947368 0.012792397660818713 0.012332785087719239
0 0.020573830409356727 0.5114131030701754 0.021838450292397664 0.011236293859649126
0 0.019294590643274854 0.5229920504385964 0.014894005847953218 0.014662828947368362
0 0.005999634502923976 0.5279248903508772 0.011878654970760233 0.01822368421052626
0 0.02098501461988304 0.5432031249999999 0.010051169590643278 0.02685581140350878
0 0.034234283625731 0.5266913377192982 0.018092105263157895 0.024254385964912223
0 0.0478938230994152 0.5208675986842105 0.0280500730994152 0.02658168859649117
0 0.025476973684210525 0.5548040021929824 0.012975146198830409 0.018155153508771935
0 0.02620796783625731 0.5465131578947369 0.00932017543859649 0.016376096491228072
0 0.03093658625730994 0.566313048245614 0.015762061403508772 0.03336622807017545
0 0.04758954678362574 0.5391831140350877 0.02083333333333334 0.01843201754385965
0 0.05309484649122807 0.5253083881578947 0.02544773391812866 0.013018092105263161
0 0.052820723684210535 0.5378481359649123 0.018046418128654977 0.020005482456140356
0 0.03479714912280702 0.5388404605263157 0.009685672514619883 0.017198464912280706
0 0.06465369152046783 0.5416844846491228 0.009091739766081871 0.03316063596491229
0 0.0508561769005848 0.5691228070175439 0.014208698830409362 0.019528508771929888
0 0.02195906432748538 0.5719311951754386 0.01206140350877193 0.018155153508771935
0 0.014534904970760234 0.5722738486842105 0.0100968567251462 0.021170504385964916
0 0.010194627192982456 0.5661430921052631 0.020513523391812866 0.021239035087719366
0 0.0012171052631578946 0.5809813596491228 0.0025584795321637425 0.027609649122807087
0 0.005328947368421052 0.5839268092105263 0.010416666666666666 0.028845942982456144
0 0.027395833333333335 0.589030975877193 0.019919590643274854 0.015896381578947433
0 0.018783808479532163 0.5798506030701754 0.01758954678362573 0.012606907894736782
0 0.014420687134502924 0.6032812500000001 0.017909356725146198 0.02110197368421053
0 0.04569353070175439 0.5835498903508772 0.019325657894736847 0.015071271929824567
0 0.03575657894736842 0.5974575109649124 0.01882309941520468 0.013566337719298186
0 0.05750365497076024 0.5867351973684211 0.025127923976608194 0.02665021929824556
0 0.07417945906432749 0.5779989035087719 0.011695906432748537 0.035487938596491235
0 0.06054184941520468 0.5893722587719299 0.0188687865497076 0.020827850877192987
0 0.02595668859649123 0.6106154057017544 0.010827850877192983 0.02822642543859656
0 0.04081231725146199 0.609936951754386 0.011876827485380114 0.025487938596491233
0 0.046065423976608184 0.6145956688596491 0.014163011695906433 0.030419407894736912
0 0.052324561403508774 0.6004152960526317 0.00804093567251462 0.012195723684210466
0 0.07954769736842106 0.6081839364035088 0.009091739766081871 0.017743969298245617
0 0.08845668859649122 0.6102042214912281 0.0118329678362573 0.031927083333333404
0 0.024182200292397663 0.6380317982456141 0.024303728070175442 0.01836074561403509
0 0.0053600146198830405 0.6345367324561404 0.012609649122807017 0.024802631578947375
0 0.01126827485380117 0.616890076754386 0.02284356725146199 0.019662828947368427
0 0.01172514619883041 0.6555742872807018 0.02448830409356725 0.027541118421052578
0 0.019697551169590644 0.6663993969298245 0.010188230994152047 0.029322916666666737
0 0.029954312865497074 0.6587266995614035 0.013797514619883041 0.03740953947368415
0 0.05430555555555556 0.6234032346491228 0.02521929824561404 0.025282346491228076
0 0.047024853801169594 0.6558525219298247 0.019736842105263157 0.046041666666666675
0 0.05515716374269006 0.6596875000000001 0.019371345029239765 0.021376096491228076
0 0.0744828216374269 0.6886074561403509 0.01745248538011696 0.023843201754385968
0 0.10523026315789474 0.6903262061403509 0.01608187134502924 0.019320175438596498
0 0.09659539473684212 0.6698423793859649 0.020376461988304104 0.02466282894736849
0 0.079828216374269 0.6645668859649122 0.018457602339181287 0.01466008771929825
0 0.09426535087719298 0.6479180372807017 0.01699561403508773 0.03453125000000007
0 0.0832547514619883 0.6536033442982456 0.017086988304093567 0.011921600877193047
0 0.0855391081871345 0.6443558114035087 0.023300438596491238 0.017812500000000005
0 0.07224415204678362 0.6374355811403509 0.023574561403508772 0.018774671052631645
0 0.07530519005847953 0.6224999999999999 0.019828216374269007 0.019320175438596498
0 0.11126096491228071 0.6613473135964912 0.023940058479532164 0.03316063596491223
0 0.11496162280701755 0.6688829495614036 0.02987938596491228 0.027952302631579017
0 0.11852521929824562 0.6834087171052632 0.011787280701754386 0.031241776315789418
0 0.1392214912280702 0.6945065789473684 0.023940058479532164 0.04576754385964913
0 0.14534356725146197 0.6956016995614036 0.02046783625730994 0.03206414473684205
0 0.16032894736842104 0.7018393640350878 0.020833333333333332 0.02891447368421053
0 0.0033954678362573096 0.6974575109649124 0.0066703216374269 0.03055646929824556
0 0.0731514985380117 0.5275342653508772 0.012929459064327485 0.02144462719298246
0 0.08395650584795322 0.5320559210526317 0.008954678362573099 0.029802631578947376
0 0.09119791666666667 0.5316447368421052 0.019508406432748527 0.03638157894736843
0 0.09357364766081872 0.5459635416666666 0.01448282163742689 0.027475328947368427
0 0.09998538011695907 0.5600191885964912 0.025080409356725147 0.02521381578947369
0 0.09859192251461989 0.5682415021929825 0.014161184210526317 0.023840460526315735
0 0.11126918859649122 0.5654673793859649 0.017498172514619884 0.025556469298245617
0 0.12627741228070175 0.5230879934210526 0.01699561403508772 0.014662828947368424
0 0.0974031432748538 0.6060553728070176 0.01114766081871345 0.020553728070175442
0 0.11339364035087719 0.5791995614035088 0.011695906432748537 0.01178179824561404
0 0.11604349415204679 0.5958484100877194 0.011513157894736841 0.023703399122806963
0 0.12321637426900585 0.5942036732456141 0.007949561403508772 0.028911732456140295
0 0.10900767543859649 0.6157277960526316 0.012609649122807017 0.03055646929824556
0 0.11238852339181286 0.6301836622807018 0.01918859649122807 0.01753837719298246
0 0.11759685672514619 0.6160704495614036 0.02138157894736842 0.016992872807017608
0 0.13865862573099413 0.5919531250000001 0.011239035087719298 0.031241776315789418
0 0.12833333333333333 0.6168242872807017 0.013797514619883041 0.028911732456140295
0 0.12422149122807018 0.637515076754386 0.022569444444444444 0.024251644736842052
0 0.12856176900584795 0.6427220394736842 0.0133406432748538 0.026995614035087726
0 0.13769919590643273 0.6366241776315789 0.01699561403508772 0.03288651315789468
0 0.13970942982456142 0.6584799890350876 0.007858187134502924 0.033845942982456086
0 0.1452375730994152 0.6429262609649123 0.008680555555555556 0.027952302631579017
0 0.14934941520467837 0.6657415021929824 0.013797514619883041 0.02671875000000007
0 0.13968841374269006 0.5547793311403508 0.012929459064327485 0.021170504385964854
0 0.158624817251462 0.5484087171052632 0.012516447368421054 0.024459978070175442
0 0.16148026315789474 0.5452563048245613 0.010095029239766084 0.019388706140350882
0 0.16031524122807017 0.5646121162280702 0.02201937134502924 0.029459978070175447
0 0.17753837719298246 0.5373766447368421 0.02138157894736842 0.026787280701754394
0 0.17810946637426903 0.544125548245614 0.018229166666666668 0.02247258771929825
0 0.1923410087719298 0.5350822368421052 0.01864035087719298 0.022746710526315793
0 0.16908717105263157 0.5685512609649123 0.01635416666666667 0.03898300438596486
0 0.18699561403508771 0.5543681469298246 0.023117690058479533 0.015276864035087661
0 0.19425986842105264 0.541452850877193 0.022934941520467836 0.017264254385964916
0 0.17616867690058477 0.5684470942982456 0.013430190058479534 0.02630756578947363
0 0.20910910087719298 0.5498163377192983 0.007582236842105265 0.027132675438596435
0 0.21244426169590644 0.5720833333333333 0.018729897660818715 0.01973135964912281
0 0.22423062865497076 0.5809895833333333 0.01699561403508772 0.02398026315789474
0 0.2206670321637427 0.596953125 0.011513157894736841 0.023703399122807087
0 0.2017763157894737 0.5930139802631579 0.01338450292397661 0.025145285087719304
0 0.18770559210526316 0.603156524122807 0.01859466374269006 0.02624177631578948
0 0.16237207602339182 0.5921271929824561 0.01425438596491228 0.027883771929824632
0 0.16625548245614036 0.6026137609649124 0.01206140350877193 0.041587171052631586
0 0.16216648391812866 0.6198807565789475 0.013112207602339181 0.025282346491228076
0 0.18946363304093566 0.62515625 0.019552266081871345 0.02582785087719293
0 0.20373994883040936 0.6128234649122807 0.01493969298245614 0.013771929824561343
0 0.23181469298245613 0.5718078399122807 0.0133406432748538 0.02767817982456141
0 0.23702302631578948 0.5774945175438596 0.009502923976608187 0.024254385964912285
0 0.22921052631578948 0.596062225877193 0.01617324561403509 0.012881030701754326
0 0.1578015350877193 0.6406688596491229 0.02722953216374269 0.01959429824561404
0 0.16099963450292398 0.6461499451754386 0.023757309941520467 0.028911732456140295
0 0.16511147660818712 0.6501233552631579 0.026498538011695907 0.026447368421052636
0 0.1782236842105263 0.6472464364035088 0.015076754385964912 0.03247532894736837
0 0.1722843567251462 0.6693078399122807 0.01800073099415205 0.031652960526315735
0 0.19462536549707604 0.6384087171052631 0.02046783625730994 0.02685581140350884
0 0.18969115497076025 0.6525904605263158 0.017726608187134504 0.026447368421052636
0 0.20787463450292398 0.6473834978070175 0.023574561403508772 0.02836348684210521
0 0.2093823099415205 0.6325849780701753 0.022203947368421052 0.022061403508771935
0 0.22272295321637425 0.6424506578947369 0.011056286549707603 0.02452850877192983
0 0.23108369883040936 0.6441625548245614 0.014071637426900584 0.015896381578947433
0 0.22820540935672515 0.6327206688596491 0.013249269005847953 0.01521107456140345
0 0.23030701754385965 0.6249794407894737 0.018183479532163743 0.020282346491228134
0 0.21221491228070175 0.6181277412280702 0.02677266081871345 0.019183114035087726
0 0.23154057017543858 0.6099753289473684 0.011330409356725146 0.012192982456140356
0 0.236109283625731 0.6306661184210526 0.004751461988304093 0.019320175438596498
0 0.2404047880116959 0.6145737390350877 0.011602704678362575 0.03576480263157889
0 0.25559484649122804 0.6249191337719299 0.01228983918128655 0.026170504385964983
0 0.24942708333333333 0.6165611293859649 0.0078125 0.014388706140350942
0 0.24271198830409357 0.5987129934210526 0.008815789473684213 0.019525767543859655
0 0.24901772660818713 0.5856181469298245 0.012655336257309942 0.019388706140350882
0 0.2502284356725146 0.5987061403508772 0.010508040935672515 0.02856907894736849
0 0.2614437134502924 0.5690391995614035 0.012562134502923978 0.028434758771929768
0 0.2670394736842105 0.5814747807017544 0.010873538011695907 0.01890899122807018
0 0.2769764254385965 0.5871614583333333 0.015579312865497076 0.0352165570175438
0 0.2753088450292398 0.5665720942982456 0.012335526315789474 0.025693530701754327
0 0.2717004751461988 0.6122423245614035 0.01406980994152047 0.020005482456140356
0 0.27236293859649124 0.6253974780701755 0.009638157894736843 0.028503289473684214
0 0.2811111111111111 0.6196765350877194 0.009868421052631578 0.03172149122807025
0 0.289014985380117 0.6191968201754386 0.009046052631578948 0.016650219298245554
0 0.29093384502923975 0.6030962171052631 0.019371345029239765 0.025967653508771935
0 0.29369791666666667 0.5912088815789474 0.02124451754385965 0.018634868421052636
0 0.29792397660818715 0.6199753289473684 0.01069078947368421 0.021239035087719304
0 0.3108077485380117 0.6012705592105263 0.019279970760233918 0.024388706140350946
0 0.30468567251461987 0.6209799890350877 0.011056286549707603 0.02281524122807018
0 0.3088888888888889 0.6336883223684211 0.009959795321637427 0.031104714912280645
0 0.17772295321637427 0.6998560855263157 0.014071637426900584 0.0356935307017544
0 0.21084429824561404 0.6850808662280702 0.022934941520467836 0.031104714912280645
0 0.21226059941520467 0.693781524122807 0.025219298245614034 0.02685581140350884
0 0.21792580409356724 0.7050178179824561 0.02266081871345029 0.03562774122807012
0 0.22633223684210527 0.6729468201754387 0.012975146198830409 0.02932565789473685
0 0.2341904239766082 0.688704769736842 0.011513157894736841 0.0378207236842106
0 0.23757127192982455 0.6674657346491228 0.011695906432748537 0.03233826754385972
0 0.2429623538011696 0.6633552631578947 0.01206140350877193 0.03233552631578948
0 0.2490387426900585 0.6483511513157895 0.009777046783625731 0.024799890350877263
0 0.25520650584795324 0.6520518092105263 0.005665204678362573 0.03110471491228077
0 0.26023209064327485 0.6634923245614035 0.011513157894736841 0.03452850877192983
0 0.2528307748538012 0.6745216557017544 0.013706140350877192 0.031652960526315735
0 0.2395815058479532 0.6954194078947368 0.013157894736842105 0.03480263157894738
0 0.21605263157894739 0.715219298245614 0.01781798245614035 0.03631030701754387
0 0.22802266081871345 0.7111773574561404 0.01471125730994152 0.0353536184210527
0 0.23674890350877195 0.7306291118421053 0.018457602339181287 0.036987390350877274
0 0.22971125730994152 0.7426822916666667 0.01864035087719298 0.03480537280701749
0 0.24360014619883041 0.7180180921052631 0.015350877192982455 0.03973684210526317
0 0.2481688596491228 0.7054125548245614 0.013888888888888888 0.03754660087719293
0 0.2572167397660819 0.7278275767543859 0.012609649122807017 0.03302357456140345
0 0.25986659356725145 0.6956949013157895 0.017909356725146198 0.030419407894736912
0 0.26347587719298243 0.7028207236842106 0.018731725146198832 0.022198464912280707
0 0.26635416666666667 0.6651384320175439 0.014802631578947368 0.03507949561403503
0 0.27827850877192983 0.6728810307017544 0.011970029239766082 0.029188596491228076
0 0.2856341374269006 0.6859662828947368 0.009868421052631578 0.03535361842105258
0 0.29148209064327485 0.6792530153508771 0.010964912280701754 0.030967653508771998
0 0.2965076754385965 0.6974081688596492 0.008223684210526315 0.026444627192982528
0 0.3042744883040936 0.690967653508772 0.012426900584795321 0.037680921052631586
0 0.27530884502923975 0.7342118969298246 0.013888888888888888 0.02850054824561398
0 0.29015716374269 0.7386650219298245 0.013980263157894737 0.028640350877192987
0 0.3182090643274854 0.6081345942982456 0.016721491228070175 0.03316063596491235
0 0.3262956871345029 0.6112856359649123 0.02284356725146199 0.024391447368421058
0 0.31615314327485383 0.637594572368421 0.012426900584795321 0.028226425438596436
0 0.32117872807017545 0.6561609100877193 0.012609649122807017 0.027266995614035033
0 0.32072185672514625 0.6430084978070175 0.013157894736842105 0.03000822368421047
0 0.33022478070175443 0.6558881578947369 0.009137426900584795 0.03685855263157896
0 0.323234649122807 0.6696587171052631 0.008863304093567252 0.02959703947368428
0 0.3156962719298246 0.6869243421052631 0.01114766081871345 0.024665570175438602
0 0.30655884502923975 0.7038473135964912 0.017909356725146198 0.031652960526315735
0 0.3078837719298246 0.7210430372807017 0.020924707602339183 0.030419407894736787
0 0.3100767543859649 0.731045778508772 0.018183479532163743 0.017815241228070114
0 0.3220010964912281 0.7063802083333334 0.012244152046783625 0.031515899122807084
0 0.33122989766081873 0.6860334429824562 0.011878654970760233 0.03493969298245615
0 0.33716922514619885 0.6882935855263158 0.011695906432748537 0.03179002192982463
0 0.34425073099415204 0.6834292763157895 0.018914473684210526 0.036584429824561414
0 0.34822551169590643 0.7076836622807018 0.01608187134502924 0.019046052631578953
0 0.32515350877192983 0.7146038925438596 0.011421783625730994 0.029048793859649192
0 0.3348391812865497 0.7318736293859649 0.015076754385964912 0.04001370614035095
0 0.33853983918128655 0.722076480263158 0.014985380116959063 0.03905427631578942
0 0.35553545321637425 0.7369435307017544 0.025767543859649123 0.01890899122807018
0 0.3529312865497076 0.7194736842105263 0.019462719298245616 0.022609649122807024
0 0.35548976608187133 0.6911088267543859 0.01617324561403509 0.024525767543859718
0 0.3675968567251462 0.6963157894736842 0.017178362573099373 0.027817982456140356
0 0.35265716374269007 0.6769257127192982 0.01251827485380117 0.030693530701754332
0 0.3454385964912281 0.6608936403508773 0.009777046783625731 0.038914473684210533
0 0.34484466374269 0.6304070723684211 0.009868421052631578 0.0343941885964913
0 0.38742507309941515 0.7274191337719298 0.01644736842105263 0.029734100877193054
0 0.3927247807017543 0.7191296600877193 0.02266081871345029 0.0342571271929824
0 0.27065058479532167 0.6468489583333333 0.01206140350877193 0.017266995614035028
0 0.2803581871345029 0.6440734649122807 0.015394736842105265 0.029665570175438666
0 0.286343201754386 0.6513363486842104 0.013841374269005849 0.03816063596491229
0 0.2962801535087719 0.6351315789473684 0.01854714912280702 0.025762061403508778
0 0.32828490497076024 0.6269024122807018 0.01274671052631579 0.026858552631578953
0 0.3315515350877193 0.6188185307017544 0.013706140350877192 0.023569078947368427
0 0.3404596125730994 0.5986746162280702 0.02201937134502924 0.029322916666666612
0 0.3495047514619883 0.5920285087719299 0.011970029239766082 0.021376096491228076
0 0.3556039839181287 0.5929207785087719 0.013569078947368422 0.03206414473684217
0 0.3566776315789474 0.6115899122807018 0.01864035087719298 0.023908991228070244
0 0.3566776315789474 0.6225863486842105 0.018914473684210526 0.03576480263157889
0 0.3654267178362573 0.5913774671052632 0.010827850877192983 0.022404057017543864
0 0.372234100877193 0.6153919956140351 0.015031067251461947 0.017264254385964916
0 0.35973866959064327 0.6367393092105263 0.010599415204678362 0.014728618421052636
0 0.36627192982456136 0.6226932565789473 0.009959795321637427 0.019388706140350882
0 0.3669115497076023 0.6593804824561403 0.016721491228070134 0.04138157894736843
0 0.3702010233918128 0.6752069627192983 0.014163011695906391 0.028637609649122753
0 0.38016081871345025 0.6773314144736843 0.008132309941520468 0.031790021929824504
0 0.3874250730994152 0.6773999451754386 0.009137426900584795 0.03549067982456135
0 0.37961257309941515 0.6565720942982456 0.012335526315789432 0.027266995614035033
0 0.38906980994152046 0.6521875 0.013157894736842105 0.024254385964912285
0 0.3925420321637426 0.6422532894736842 0.014437134502923976 0.027132675438596498
0 0.39025767543859646 0.623000274122807 0.01663011695906433 0.013566337719298186
0 0.38861293859649115 0.6064898574561404 0.014071637426900584 0.027129934210526386
0 0.3961970029239766 0.6127919407894736 0.013157894736842105 0.012332785087719364
0 0.39838998538011694 0.636702302631579 0.01206140350877193 0.02151315789473685
0 0.41369517543859646 0.6339638157894737 0.01745248538011696 0.02315789473684211
0 0.40894371345029235 0.6632867324561403 0.015625 0.028366228070175442
0 0.4029130116959064 0.624235197368421 0.008132309941520468 0.019868421052631584
0 0.41209612573099413 0.6063527960526315 0.019371345029239765 0.029048793859649192
0 0.4193146929824561 0.6153275767543859 0.018457602339181287 0.026444627192982403
0 0.4239747807017543 0.6341694078947367 0.014619883040935672 0.04247807017543861
0 0.42095942982456136 0.6536266447368422 0.00932017543859649 0.01973135964912281
0 0.4128271198830409 0.6639720394736842 0.008406432748538011 0.02014254385964913
0 0.4260763888888888 0.6675342653508771 0.011695906432748537 0.024251644736842173
0 0.4261220760233918 0.6848670504385964 0.009777046783625731 0.028774671052631647
0 0.4330208333333333 0.6731524122807018 0.009685672514619883 0.02754385964912281
0 0.4353965643274853 0.6667804276315789 0.006396198830409356 0.01452576754385959
0 0.4430720029239766 0.6725356359649122 0.016264619883040937 0.03288377192982457
0 0.4501535087719298 0.6802097039473685 0.01471125730994152 0.028226425438596436
0 0.40135964912280697 0.7211800986842106 0.023300438596491228 0.031790021929824504
0 0.41383223684210524 0.7132319078947368 0.012975146198830409 0.03946271929824562
0 0.3982072368421052 0.5896354166666666 0.01425438596491228 0.01836074561403509
0 0.44129020467836255 0.615327576754386 0.009594298245614035 0.0220586622807017
0 0.4431176900584795 0.6064898574561403 0.022569444444444444 0.016170504385964853
0 0.4430720029239766 0.6364295504385965 0.019919590643274854 0.013840460526315854
0 0.4223300438596491 0.7375699013157894 0.012244152046783625 0.03247532894736837
0 0.4325182748538011 0.7159882127192982 0.014163011695906433 0.02630756578947363
0 0.4511129385964912 0.7199616228070175 0.008589181286549707 0.025487938596491233
0 0.4534886695906432 0.749765625 0.01425438596491228 0.03795778508771937
0 0.4505190058479532 0.7730605811403508 0.016355994152046784 0.03165296052631586
0 0.46290021929824554 0.7510677083333334 0.01516812865497076 0.028500548245614106
0 0.4679258040935672 0.7315405701754386 0.011695906432748537 0.03795504385964913
0 0.4745047514619883 0.7179756030701755 0.020833333333333332 0.01767817982456147
0 0.48569809941520464 0.739077576754386 0.011421783625730994 0.04453125000000008
0 0.4947898391812865 0.7420915570175438 0.010599415204678362 0.05357456140350879
0 0.48592653508771927 0.6965309758771929 0.012975146198830409 0.036175986842105205
0 0.4962518274853801 0.6868023574561404 0.01206140350877193 0.0353536184210527
0 0.4671034356725146 0.7002302631578947 0.012244152046783625 0.019457236842105267
0 0.4513413742690058 0.6966680372807018 0.007218567251461988 0.02219572368421047
0 0.45778326023391813 0.6926946271929825 0.008954678362573099 0.026858552631578953
0 0.471032529239766 0.6837870065789473 0.019005847953216373 0.016170504385964853
0 0.46111842105263157 0.6316365131578946 0.012152777777777778 0.02178728070175439
0 0.4741849415204678 0.6510252192982456 0.014894005847953216 0.013426535087719304
0 0.4741392543859649 0.6357456140350878 0.014437134502923976 0.020690789473684214
0 0.46746893274853796 0.6058072916666666 0.011695906432748537 0.03206414473684205
0 0.4783881578947368 0.6106716008771929 0.012701023391812866 0.024254385964912285
0 0.48830226608187133 0.6219078947368422 0.023757309941520467 0.019046052631578953
0 0.5068055555555555 0.6293749999999999 0.01617324561403509 0.02521381578947369
0 0.4922770467836257 0.6443804824561403 0.019828216374269007 0.016578947368421058
0 0.4897642543859649 0.66390625 0.007858187134502924 0.026310307017543864
0 0.503516081871345 0.6615076754385966 0.02275219298245614 0.020690789473684214
0 0.5091812865497076 0.6745942982456139 0.01836622807017544 0.021650219298245617
0 0.5086787280701754 0.6840487938596492 0.016264619883040937 0.020005482456140356
0 0.5145723684210526 0.6544517543859648 0.014163011695906433 0.023843201754385968
0 0.5183644005847953 0.6750740131578947 0.013706140350877192 0.02398026315789474
0 0.5253088450292398 0.6564391447368422 0.011695906432748537 0.04343750000000001
0 0.5288267543859648 0.6825411184210526 0.012335526315789474 0.0361732456140351
0 0.5146637426900584 0.7086444627192983 0.010508040935672515 0.037135416666666615
0 0.520374634502924 0.7024095394736842 0.009685672514619883 0.023294956140350882
0 0.5073538011695906 0.7098094846491229 0.00941154970760234 0.03919133771929819
0 0.5024195906432748 0.7252933114035087 0.009959795321637427 0.0405592105263158
0 0.49415021929824554 0.7140583881578948 0.01516812865497076 0.029048793859649067
0 0.5275475146198829 0.633829495614035 0.012701023391812866 0.022061403508771935
0 0.534172149122807 0.6332127192982455 0.012792397660818713 0.024665570175438602
0 0.5492945906432748 0.6427357456140351 0.007035818713450292 0.02014254385964913
0 0.5646911549707602 0.634719024122807 0.013706140350877192 0.031241776315789543
0 0.5631377923976607 0.6191666666666668 0.020650584795321638 0.020416666666666673
0 0.5375073099415204 0.5996408991228069 0.012152777777777778 0.02247258771929825
0 0.5414820906432748 0.5903234649122807 0.012792397660818713 0.018360745614034966
0 0.5130190058479531 0.5916940789473684 0.014528508771929825 0.018086622807017425
0 0.5353143274853801 0.6597272478070175 0.01160453216374269 0.031927083333333404
0 0.5416191520467836 0.6733607456140351 0.009046052631578948 0.03480263157894738
0 0.5317050438596491 0.6919284539473683 0.01114766081871345 0.0352165570175438
0 0.5437207602339181 0.6916543311403509 0.015625 0.03055646929824556
0 0.5512134502923975 0.6641803728070176 0.012335526315789474 0.02521381578947369
0 0.5483351608187135 0.6969284539473685 0.017726608187134504 0.027678179824561472
0 0.5627722953216373 0.6964501096491228 0.013706140350877192 0.026447368421052636
0 0.5211970029239766 0.7250191885964913 0.01023391812865497 0.024117324561403513
0 0.5307913011695906 0.7293352521929825 0.008223684210526315 0.026170504385964858
0 0.5555994152046784 0.7089871162280701 0.016904239766081873 0.025211074561403455
0 0.5479239766081871 0.7296107456140352 0.010142543859649123 0.019868421052631584
0 0.5646911549707602 0.7227590460526316 0.014619883040935672 0.03384594298245621
0 0.5569243421052632 0.7376315789473684 0.010051169590643274 0.032077850877192976
0 0.567158260233918 0.7551082785087719 0.012975146198830409 0.037135416666666615
0 0.5409795321637426 0.7522299890350878 0.007766812865497076 0.036587171052631526
0 0.546187865497076 0.745858004385965 0.011970029239766082 0.01753837719298246
0 0.5720010964912281 0.6942694627192982 0.009502923976608187 0.016033442982456205
0 0.5761129385964912 0.7144805372807017 0.011695906432748537 0.03535361842105258
0 0.5016429093567251 0.7521628289473684 0.012975146198830409 0.03836622807017545
0 0.510688961988304 0.7429810855263158 0.011878654970760233 0.03261239035087726
0 0.5147551169590643 0.755656524122807 0.014345760233918129 0.036587171052631526
0 0.5523099415204678 0.7823081140350877 0.005025584795321637 0.006304824561403508
0 0.5582492690058479 0.760657894736842 0.0066703216374269 0.013974780701754392
0 0.5729148391812866 0.6076493969298246 0.011513157894736841 0.027266995614035158
0 0.6215716374269006 0.601345942982456 0.014894005847953216 0.0237061403508772
0 0.625546418128655 0.6166927083333333 0.018092105263157895 0.031652960526315735
0 0.5635032894736842 0.6614309210526315 0.010964912280701754 0.022198464912280707
0 0.5693512426900584 0.6622546600877193 0.010782163742690058 0.017266995614035153
0 0.5771180555555555 0.6813007127192983 0.012609649122807017 0.036175986842105205
0 0.5817781432748538 0.6701329495614035 0.013888888888888888 0.03110471491228077
0 0.5892251461988304 0.6574575109649123 0.01836622807017544 0.031790021929824504
0 0.5960325292397661 0.6538966557017544 0.019371345029239765 0.0334347587719299
0 0.6124342105263157 0.6650644188596492 0.015807748538011698 0.030830592105263104
0 0.6114290935672514 0.6788336074561404 0.012152777777777778 0.031241776315789418
0 0.5986823830409357 0.6736951754385965 0.015716374269005847 0.016853070175438602
0 0.5951187865497076 0.683562225877193 0.01608187134502924 0.02699287280701749
0 0.5908241959064328 0.6957716557017544 0.017361111111111112 0.02562225877192977
0 0.6023830409356725 0.7072135416666666 0.009228801169590644 0.021921600877193054
0 0.6077284356725146 0.6950178179824561 0.015350877192982455 0.03316063596491223
0 0.6189217836257309 0.701047149122807 0.0066703216374269 0.01973135964912281
0 0.6171399853801168 0.725985471491228 0.020833333333333332 0.034257127192982524
0 0.611748903508772 0.7269449013157895 0.010964912280701754 0.021921600877193054
0 0.591235380116959 0.720985471491228 0.014528508771929825 0.033297697368420996
0 0.5850676169590643 0.7028974780701753 0.01023391812865497 0.02398026315789474
0 0.6040277777777778 0.7286581688596491 0.011056286549707603 0.033023574561403576
0 0.6165917397660818 0.754624451754386 0.015350877192982455 0.038914473684210533
0 0.6244499269005848 0.7509237938596491 0.017726608187134504 0.03836622807017545
0 0.6270997807017543 0.7120093201754387 0.014619883040935672 0.02110197368421053
0 0.5932456140350877 0.7379756030701754 0.016721491228070175 0.03740953947368415
0 0.5815497076023391 0.737016173245614 0.010142543859649123 0.04836896929824569
0 0.6317141812865497 0.7405098684210527 0.010325292397660819 0.038640350877192996
0 0.6359630847953216 0.7172162828947368 0.012426900584795321 0.02274396929824556
0 0.6505829678362574 0.7189295504385965 0.017726608187134504 0.03631304824561398
0 0.6365113304093567 0.6743955592105263 0.010051169590643274 0.02781524122807012
0 0.6290643274853801 0.6687088815789474 0.00849780701754386 0.026858552631578953
0 0.6400749269005848 0.7420175438596492 0.01023391812865497 0.038092105263157906
0 0.6504915935672515 0.7486622807017543 0.011330409356725146 0.041518640350877205
0 0.6637408625730994 0.7450328947368421 0.022478070175438597 0.020827850877192987
0 0.5999396929824561 0.7623958333333333 0.022065058479532124 0.0371326754385965
0 0.6685836988304094 0.7616968201754386 0.0266812865497076 0.019868421052631584
0 0.6678527046783626 0.7345668859649123 0.01882309941520468 0.02233552631578948
0 0.6755281432748538 0.7331277412280702 0.021747076023391813 0.02877741228070176
0 0.6915186403508772 0.7449794407894736 0.016812865497076022 0.02891173245614042
0 0.6751169590643273 0.7144229714912281 0.01964546783625731 0.03137883771929819
0 0.6598574561403509 0.6927727521929824 0.015259502923976608 0.03302357456140345
0 0.6797770467836257 0.7036663925438597 0.015990497076023392 0.03233826754385972
0 0.6911988304093567 0.7205208333333334 0.013066520467836257 0.0430263157894737
0 0.6509265350877192 0.6675877192982456 0.015029239766081831 0.030624999999999944
0 0.6724451754385964 0.6822162828947368 0.01237938596491224 0.029048793859649192
0 0.6657072368421053 0.6895463267543859 0.01160453216374269 0.025348135964912227
0 0.6842552997076022 0.6812897478070176 0.012881944444444404 0.04076480263157896
0 0.6939400584795321 0.6754673793859648 0.015259502923976608 0.026104714912280707
0 0.6974579678362572 0.6980413925438597 0.01608187134502924 0.031515899122807084
0 0.7038998538011696 0.6885868969298246 0.015076754385964912 0.027541118421052578
0 0.6951279239766082 0.7208552631578947 0.009777046783625731 0.03493969298245615
0 0.7032145467836257 0.7234594298245614 0.011513157894736841 0.04261513157894738
0 0.7120778508771929 0.7130455043859649 0.012792397660818713 0.04069627192982457
0 0.7086970029239766 0.6721436403508771 0.019005847953216373 0.04192982456140352
0 0.6831578947368421 0.6358168859649121 0.015076754385964912 0.021650219298245617
0 0.6797313596491228 0.6128645833333333 0.013706140350877192 0.026995614035087726
0 0.6916557017543858 0.6156044407894736 0.021290204678362575 0.03028234649122814
0 0.7011586257309942 0.6105345394736842 0.01781798245614035 0.02617324561403509
0 0.7079660087719298 0.6049849232456139 0.018092105263157895 0.03233826754385959
0 0.7167379385964912 0.604438048245614 0.015716374269005847 0.023843201754385968
0 0.7323629385964913 0.6409553179824561 0.01882309941520468 0.03028234649122814
0 0.7188852339181286 0.685766173245614 0.014345760233918129 0.03357182017543854
0 0.729438961988304 0.7081688596491228 0.025219298245614034 0.018634868421052636
0 0.7327284356725146 0.6948094846491228 0.017178362573099414 0.013292214912280642
0 0.7541100146198829 0.7014555921052631 0.02046783625730994 0.022746710526315793
0 0.7304897660818713 0.6748725328947368 0.01343201754385965 0.029871162280701823
0 0.7406323099415204 0.6757634320175439 0.015442251461988304 0.034668311403508845
0 0.7503636695906432 0.6802837171052631 0.012975146198830409 0.029459978070175384
0 0.7497240497076023 0.661922971491228 0.01864035087719298 0.02973410087719293
0 0.755297880116959 0.6544558662280702 0.019919590643274854 0.030145285087719367
0 0.7626535087719297 0.679873903508772 0.019828216374269007 0.024802631578947375
0 0.7648008040935672 0.6541817434210526 0.021929824561403508 0.03590186403508779
0 0.7658972953216373 0.6402042214912281 0.020285087719298246 0.030693530701754332
0 0.763704312865497 0.6108566337719298 0.015899122807017545 0.0342571271929824
0 0.7674506578947369 0.596811951754386 0.017543859649122806 0.03247258771929826
0 0.7178801169590643 0.5923574561403508 0.02585891812865497 0.02247258771929825
0 0.6703654970760233 0.5568695175438596 0.027869152046783627 0.020005482456140294
0 0.7533333333333333 0.6079797149122806 0.016904239766081873 0.036447368421052645
0 0.7798318713450292 0.6197642543859648 0.020741959064327485 0.017264254385964916
0 0.7849488304093567 0.6398368969298245 0.0245796783625731 0.030008223684210595
0 0.7821619152046784 0.6023615679824561 0.02320906432748538 0.029322916666666737
0 0.7871874999999999 0.6010594846491227 0.022112573099415205 0.03110471491228077
0 0.7912536549707602 0.591125274122807 0.021290204678362575 0.030419407894736787
0 0.7963706140350877 0.626203399122807 0.021290204678362575 0.023843201754385968
0 0.8119956140350877 0.5935937499999999 0.02677266081871345 0.04192982456140352
0 0.8085690789473684 0.6210677083333334 0.022478070175438597 0.028637609649122753
0 0.826798245614035 0.6027069627192982 0.016721491228070175 0.03576480263157889
0 0.8301334064327485 0.5935265899122807 0.015533625730994151 0.03220120614035095
0 0.8576370614035088 0.5959237938596491 0.025950292397660817 0.023843201754385968
0 0.8703837719298245 0.5753015350877193 0.023300438596491228 0.017675438596491233
0 0.6163422880116959 0.4582935855263158 0.01183296783625731 0.022541118421052636
0 0.6242690058479532 0.45832922149122807 0.007766812865497076 0.023840460526315797
0 0.6309850146198831 0.46038377192982455 0.008406432748538011 0.02110197368421053
0 0.6411266447368421 0.4581578947368421 0.008770102339181247 0.026650219298245622
0 0.5978143274853801 0.4346189692982456 0.0061220760233918125 0.01452302631578948
0 0.7464802631578947 0.42186677631578945 0.015259502923976608 0.016990131578947375
0 0.761237207602339 0.4131661184210526 0.01206140350877193 0.02398026315789474
0 0.02010051169590643 0.7570339912280701 0.024671052631578948 0.02233552631578948
0 0.033167032163742685 0.7418928179824562 0.03033625730994152 0.016992872807017608
0 0.028506944444444446 0.7642283442982456 0.023574561403508772 0.0298711622807017
0 0.03860380116959065 0.786014254385965 0.025310672514619884 0.03726973684210527
0 0.001825657894736842 0.4606496710526316 0.005116959064327485 0.02110197368421053
0 0.32671966374269 0.3542269736842105 0.010051169590643274 0.024391447368421058
0 0.3992699195906433 0.3773834978070176 0.026496710526315834 0.03398300438596492
0 0.09299707602339181 0.5893188048245614 0.01745248538011696 0.031927083333333404
