0 0.422 0.35783333333333334 0.028 0.04633333333333333
0 0.39625 0.39366666666666666 0.0195 0.032
0 0.371 0.7118333333333333 0.034 0.03766666666666667
0 0.4965775 0.3744883333333333 0.033 0.08031000000000002
0 0.414875 0.41133333333333333 0.02525 0.06866666666666667
0 0.3105 0.8103333333333332 0.0325 0.04733333333333333
0 0.47133 0.36433 0.030160000000000024 0.07532666666666667
0 0.65 0.5685 0.04 0.043
0 0.39975 0.575 0.0315 0.042666666666666665
0 0.390125 0.36666666666666664 0.03975 0.037333333333333336
0 0.35825 0.4931666666666667 0.031 0.025
0 0.317875 0.5733333333333334 0.03225 0.042666666666666665
0 0.44855125 0.36020833333333335 0.03539749999999998 0.06558333333333333
0 0.349 0.4706666666666667 0.0235 0.027333333333333334
0 0.423875 0.5521666666666666 0.02275 0.027
0 0.45183 0.314 0.05516000000000003 0.03866666666666667
0 0.436 0.4156666666666667 0.026 0.052
0 0.3465 0.8218333333333334 0.0305 0.043666666666666666
0 0.517125 0.5914999999999999 0.05225 0.035
0 0.341375 0.4305 0.02325 0.050333333333333334
0 0.530625 0.6321666666666667 0.02475 0.036333333333333336
0 0.31575000000000003 0.42783333333333334 0.027 0.07433333333333333
0 0.3765 0.3645 0.019 0.029
0 0.41425 0.4895 0.0275 0.044333333333333336
0 0.26337499999999997 0.44533333333333336 0.03525 0.04733333333333333
0 0.32975 0.539 0.0295 0.027333333333333334
0 0.36466000000000004 0.427985 0.0455 0.09731000000000002
0 0.37528500000000004 0.4681416666666667 0.05325 0.057650000000000014
0 0.39991000000000004 0.4501466666666667 0.034 0.05632000000000001
0 0.44016 0.4544783333333333 0.0455 0.059650000000000016
0 0.478535 0.42182000000000003 0.05675 0.054320000000000014
0 0.3742025 0.38748333333333335 0.05075 0.08231333333333335
0 0.2933275 0.41381 0.036 0.07964666666666669
0 0.3193275 0.48096 0.0685 0.043319999999999935
0 0.3319525 0.5192833333333333 0.06225 0.04398666666666668
0 0.24957875000000002 0.5344450000000001 0.06749749999999997 0.04499000000000001
0 0.3839525 0.5129516666666667 0.06775 0.03865666666666667
0 0.46620249999999996 0.472795 0.03825 0.048989999999999936
0 0.5049524999999999 0.45163500000000006 0.05725 0.06598333333333335
0 0.4743275 0.49262333333333336 0.019 0.029326666666666598
0 0.50845125 0.498455 0.07524750000000006 0.04432333333333326
0 0.5152025 0.5191166666666667 0.04475 0.055653333333333346
0 0.4563275 0.5244683333333333 0.0375 0.05698333333333335
0 0.48282749999999997 0.5484616666666667 0.0255 0.05564999999999994
0 0.52649625 0.549045 0.061837499999999976 0.07448333333333328
0 0.4812025 0.6039483333333333 0.03425 0.06398333333333335
0 0.4565775 0.5736216666666667 0.04 0.055316666666666604
0 0.40757750000000004 0.5333 0.062 0.04798666666666668
0 0.35795249999999995 0.577955 0.06075 0.06931666666666661
0 0.29782875 0.5158033333333334 0.0564975 0.06831333333333335
0 0.15433 0.5992816666666667 0.05350000000000001 0.09330999999999995
0 0.28020375000000003 0.6521 0.06624749999999997 0.05165333333333334
0 0.29832875 0.6082799999999999 0.0684975 0.07531333333333336
0 0.34157750000000003 0.626275 0.051 0.06131666666666668
0 0.3540775 0.6086116666666667 0.048 0.06665000000000001
0 0.4224525 0.58945 0.07325 0.05298666666666668
0 0.3975775 0.6626366666666667 0.0405 0.09730666666666661
0 0.36020375 0.680965 0.0457475 0.06198333333333327
0 0.29933 0.6912966666666667 0.074 0.04265333333333327
0 0.251205 0.7236216666666667 0.06824999999999998 0.05865000000000009
0 0.22883 0.7977683333333334 0.08799999999999997 0.0636500000000001
0 0.24958 0.8192683333333334 0.07849999999999997 0.05599666666666674
0 0.19470500000000002 0.8417683333333333 0.06475 0.0456566666666666
0 0.26283 0.838935 0.06049999999999997 0.06065000000000009
0 0.30207999999999996 0.8555983333333335 0.0395 0.043990000000000085
0 0.4355775 0.6371466666666667 0.042 0.07698000000000002
0 0.4578275 0.6434766666666667 0.0405 0.07431333333333336
0 0.4300775 0.6661383333333334 0.051 0.08031000000000002
0 0.4785775 0.6882983333333333 0.0485 0.08464333333333335
0 0.4968275 0.6711383333333333 0.0655 0.062316666666666604
0 0.5075775 0.692465 0.0335 0.0543166666666666
0 0.4990775 0.6346466666666667 0.0625 0.047320000000000015
0 0.5402024999999999 0.6804683333333333 0.03625 0.07298333333333334
0 0.58070125 0.665305 0.05874750000000006 0.03865666666666667
0 0.60320125 0.693465 0.05724750000000006 0.05764999999999994
0 0.57245125 0.717625 0.05374750000000006 0.045990000000000086
0 0.5398274999999999 0.71496 0.047 0.04865333333333335
0 0.5129524999999999 0.7362866666666666 0.06425 0.03532666666666667
0 0.4449525 0.714125 0.05525 0.06164999999999994
0 0.41157750000000004 0.7281216666666667 0.061 0.04298999999999993
0 0.4759525 0.7539483333333333 0.06725 0.03598999999999993
0 0.32645375 0.731955 0.062247500000000004 0.04398999999999993
0 0.3639525 0.7524483333333334 0.03825 0.05965000000000009
0 0.4119525 0.7577816666666667 0.06925 0.03632333333333327
0 0.4474525 0.7919383333333333 0.03775 0.055983333333333274
0 0.4923275 0.7816083333333333 0.0735 0.061983333333333425
0 0.5347025 0.7891050000000001 0.03825 0.08564333333333343
0 0.57382625 0.75878 0.06749750000000006 0.05165333333333334
0 0.6119512500000001 0.7362866666666668 0.04124750000000006 0.04865333333333335
0 0.6532000000000001 0.6478116666666667 0.06275 0.03832333333333334
0 0.66170125 0.6183183333333333 0.07325249999999994 0.03865666666666667
0 0.60745125 0.6086533333333334 0.03624750000000006 0.04265333333333335
0 0.7349025 0.426025 0.0745 0.041323333333333344
0 0.8054025 0.6731333333333334 0.0305 0.0823266666666666
0 0.8321525000000001 0.7176133333333332 0.05 0.07398000000000002
0 0.2844525 0.7406516666666667 0.08125 0.0733166666666666
0 0.3118275 0.7818083333333333 0.0675 0.0396566666666666
0 0.3399525 0.7709766666666666 0.07225 0.04865333333333335
0 0.3978275 0.7996366666666667 0.0715 0.04865333333333335
0 0.37845249999999997 0.8327933333333334 0.04475 0.026993333333333338
0 0.40920249999999997 0.8366266666666666 0.05125 0.07331333333333336
0 0.44982749999999994 0.83596 0.06 0.05598666666666668
0 0.50945125 0.8442916666666667 0.08924750000000006 0.045990000000000086
0 0.50207625 0.8099666666666667 0.05349750000000006 0.046653333333333345
0 0.5760775 0.7898133333333334 0.064 0.04698666666666668
0 0.5792025000000001 0.8201400000000001 0.06275 0.04298666666666668
0 0.5978275 0.8592966666666666 0.0735 0.04932000000000001
0 0.6324525 0.80431 0.05225 0.07531333333333336
0 0.2585775 0.88597 0.0625 0.04865333333333335
0 0.30095249999999996 0.8904683333333333 0.05375 0.06431666666666676
0 0.3285775 0.8556433333333332 0.029 0.04398666666666668
0 0.3702025 0.8719716666666666 0.04925 0.06664999999999995
0 0.3314525 0.9249583333333333 0.03525 0.07464999999999994
0 0.2608275 0.9159616666666667 0.044 0.04198999999999993
0 0.24232749999999997 0.9659483333333333 0.045 0.06865000000000009
0 0.18882875 0.9832766666666667 0.036997499999999975 0.03266000000000001
0 0.2783275 0.9779450000000001 0.049 0.044656666666666754
0 0.2853275 0.9336216666666667 0.055 0.05865000000000009
0 0.3234525 0.9807766666666666 0.05425 0.04232000000000001
0 0.3544525 0.8959649999999999 0.02775 0.0913100000000001
0 0.38145249999999997 0.9394549999999999 0.05275 0.07165000000000009
0 0.36445249999999996 0.982275 0.03475 0.0386566666666666
0 0.4165775 0.8886333333333333 0.0515 0.07264666666666668
0 0.43145249999999996 0.938455 0.03025 0.11230333333333344
0 0.4095775 0.9642816666666667 0.0355 0.07265000000000009
0 0.45482625 0.8949666666666667 0.038997500000000004 0.09864000000000002
0 0.44345249999999997 0.9737783333333333 0.03825 0.0543166666666666
0 0.5124525 0.88448 0.06475 0.04698666666666668
0 0.47366500000000006 0.9265633333333333 0.029 0.11880000000000003
0 0.5054762500000001 0.9374766666666667 0.0411225 0.08231333333333335
0 0.5146637500000001 0.9488083333333333 0.0432475 0.09230999999999995
0 0.5255774999999999 0.9887766666666666 0.051 0.026326666666666672
0 0.5482024999999999 0.94862 0.03625 0.0993066666666667
0 0.5567025 0.8746416666666667 0.03375 0.09264333333333327
0 0.5970775 0.9064666666666666 0.0785 0.05632000000000001
0 0.5940774999999999 0.9411233333333333 0.0795 0.039653333333333346
0 0.6109525 0.9681166666666666 0.09625 0.04498666666666668
0 0.6123275 0.9879433333333333 0.05 0.024660000000000005
0 0.6479524999999999 0.7378433333333334 0.06375 0.07431333333333336
0 0.68682625 0.7876633333333334 0.05299750000000006 0.07331333333333336
0 0.6700775 0.8189883333333333 0.061 0.03598999999999993
0 0.6518274999999999 0.8988016666666666 0.039 0.11230333333333344
0 0.68832625 0.8504816666666666 0.057997500000000056 0.0656500000000001
0 0.70545125 0.8849716666666666 0.04424750000000006 0.0853100000000001
0 0.7477 0.84998 0.05775 0.08064666666666669
0 0.69532625 0.9336249999999999 0.06999750000000006 0.0893100000000001
0 0.77595 0.9189616666666667 0.06175 0.06598333333333342
0 0.7106549999999999 0.5689766666666667 0.041 0.07798000000000002
0 0.754155 0.5139900000000001 0.062 0.04265333333333335
0 0.7448275 0.648125 0.05 0.06831666666666661
0 0.7595775 0.622965 0.0345 0.08464333333333328
0 0.61145375 0.6596216666666668 0.07224749999999995 0.06865000000000002
0 0.47520249999999997 0.9836250000000001 0.04925 0.03199000000000009
0 0.5682025 0.9936216666666666 0.02625 0.01333000000000008
0 0.5545399999999999 0.6006133333333332 0.04125 0.08431333333333335
