0 0.3983918128654971 0.5019188596491228 0.013157894736842105 0.01699561403508772
0 0.3411915204678363 0.34402412280701755 0.012792397660818713 0.03070175438596491
0 0.34621710526315785 0.41063596491228066 0.02540204678362573 0.030153508771929825
0 0.7358369883040936 0.43379934210526316 0.02320906432748538 0.03042763157894737
0 0.731999269005848 0.22245065789473684 0.010051169590643274 0.02768640350877193
0 0.5471491228070176 0.4206414473684211 0.024853801169590642 0.030975877192982455
0 0.8031798245614035 0.19764254385964913 0.012792397660818713 0.027412280701754384
0 0.7995248538011696 0.2457510964912281 0.012792397660818713 0.02987938596491228
0 0.29943347953216376 0.29509320175438597 0.019554093567251463 0.033717105263157895
0 0.7759502923976608 0.42996162280701755 0.021929824561403508 0.033168859649122806
0 0.6155857090643274 0.20455317982456142 0.014431652046783589 0.019073464912280715
0 0.7685489766081872 0.29523026315789475 0.017726608187134504 0.02412280701754386
0 0.7563048245614035 0.37719298245614036 0.01516812865497076 0.0268640350877193
0 0.46345029239766083 0.20189144736842105 0.012792397660818713 0.02275219298245614
0 0.214546783625731 0.4354440789473685 0.0222953216374269 0.03700657894736842
0 0.6840277777777778 0.41461074561403505 0.021198830409356724 0.034265350877192985
0 0.4226973684210526 0.22039473684210525 0.01864035087719298 0.023574561403508772
0 0.6432748538011696 0.21121162280701752 0.01206140350877193 0.026589912280701754
0 0.7423245614035088 0.24972587719298245 0.02412280701754386 0.02850877192982456
0 0.4357638888888889 0.2055921052631579 0.01516812865497076 0.021929824561403508
0 0.6673062865497076 0.4228344298245614 0.01516812865497076 0.038651315789473686
0 0.6493055555555556 0.41173245614035087 0.017178362573099414 0.03728070175438596
0 0.7564875730994152 0.32264254385964913 0.012244152046783625 0.03125
0 0.6480263157894737 0.2859100877192982 0.021198830409356724 0.03070175438596491
0 0.781889619883041 0.24684758771929824 0.014802631578947368 0.02768640350877193
0 0.5286001461988304 0.36800986842105265 0.026133040935672515 0.023300438596491228
0 0.9001279239766081 0.5401589912280702 0.021747076023391813 0.01836622807017544
0 0.7167397660818713 0.23355263157894737 0.02010233918128655 0.020285087719298246
0 0.12618786549707603 0.3414199561403509 0.029788011695906433 0.021107456140350877
0 0.8471308479532164 0.3881578947368421 0.020285087719298246 0.021929824561403508
0 0.4776133040935673 0.2964638157894737 0.011878654970760233 0.03481359649122807
0 0.41867690058479534 0.403234649122807 0.019005847953216373 0.03399122807017544
0 0.21884137426900585 0.34375 0.0268640350877193 0.01644736842105263
0 0.6094663742690059 0.3729440789473684 0.01608187134502924 0.02823464912280702
0 0.6314875730994153 0.40213815789473684 0.017726608187134504 0.042214912280701754
0 0.1992872807017544 0.33045504385964913 0.018092105263157895 0.017269736842105265
0 0.45306195175438596 0.23918859649122806 0.01748720760233919 0.0293640350877193
0 0.7717470760233919 0.3352521929824562 0.017543859649122806 0.024671052631578948
0 0.5109457236842105 0.42361019736842104 0.02416118421052632 0.0358168859649123
0 0.8366228070175438 0.2118969298245614 0.019736842105263157 0.021929824561403508
0 0.4590643274853801 0.3013980263157895 0.011330409356725146 0.024945175438596492
0 0.38459429824561403 0.1846217105263158 0.014071637426900584 0.01343201754385965
0 0.07428728070175439 0.37746710526315785 0.02503654970760234 0.04111842105263158
0 0.7246893274853801 0.43338815789473684 0.01516812865497076 0.0268640350877193
0 0.36577119883040937 0.20148026315789472 0.008589181286549707 0.01699561403508772
0 0.7142726608187134 0.2173793859649123 0.01663011695906433 0.020285087719298246
0 0.5974049707602339 0.4591557017543859 0.02412280701754386 0.029605263157894735
0 0.6288377192982456 0.2197094298245614 0.01206140350877193 0.026041666666666668
0 0.6371527777777778 0.21710526315789475 0.0133406432748538 0.029605263157894735
0 0.6083698830409356 0.2310855263157895 0.012792397660818713 0.02631578947368421
0 0.4739583333333333 0.24684758771929824 0.026498538011695907 0.0200109649122807
0 0.4862938596491228 0.3604714912280702 0.028143274853801168 0.020285087719298246
0 0.784904970760234 0.21600877192982454 0.019371345029239765 0.022478070175438597
0 0.817249634502924 0.21751644736842105 0.023753654970760155 0.018914473684210526
0 0.7461622807017544 0.3730811403508772 0.01864035087719298 0.02850877192982456
0 0.5610380116959065 0.2553453947368421 0.019371345029239765 0.019462719298245616
0 0.2944078947368421 0.354577850877193 0.015716374269005847 0.023848684210526317
0 0.5654239766081872 0.20230263157894737 0.019371345029239765 0.023026315789473683
0 0.3208150584795321 0.3222313596491228 0.014437134502923976 0.030975877192982455
0 0.7766812865497076 0.38843201754385964 0.013157894736842105 0.02850877192982456
0 0.7142726608187134 0.33319627192982454 0.0133406432748538 0.02275219298245614
0 0.5290570175438596 0.27097039473684215 0.02046783625730994 0.016721491228070175
0 0.5450475146198831 0.18681469298245612 0.009685672514619883 0.024945175438596492
0 0.576937134502924 0.3310032894736842 0.01827485380116959 0.015076754385964912
0 0.3357090643274854 0.2982456140350877 0.02046783625730994 0.009868421052631578
0 0.40040204678362573 0.21847587719298248 0.016812865497076022 0.018092105263157895
0 0.47478070175438597 0.42804276315789475 0.017178362573099414 0.0424890350877193
0 0.1511330409356725 0.4129660087719298 0.02448830409356725 0.02549342105263158
0 0.7676352339181286 0.5725054824561403 0.027960526315789474 0.022203947368421052
0 0.7126279239766082 0.35704495614035087 0.018092105263157895 0.02275219298245614
0 0.580592105263158 0.31674890350877194 0.025219298245614034 0.018914473684210526
0 0.6182383040935672 0.2280701754385965 0.012792397660818713 0.027960526315789474
0 0.5880847953216375 0.34210526315789475 0.011695906432748537 0.0268640350877193
0 0.6865862573099415 0.2513706140350877 0.01425438596491228 0.02850877192982456
0 0.32200292397660824 0.4063870614035088 0.017178362573099414 0.034265350877192985
0 0.5341739766081871 0.18201754385964913 0.01425438596491228 0.018092105263157895
0 0.742781432748538 0.27768640350877194 0.01663011695906433 0.02850877192982456
0 0.4142909356725146 0.19092653508771928 0.00804093567251462 0.018914473684210526
0 0.7966922514619883 0.39624451754385964 0.027595029239766082 0.026041666666666668
0 0.6591739766081871 0.37774122807017546 0.0222953216374269 0.02850877192982456
0 0.35955774853801165 0.34470942982456143 0.013706140350877192 0.028782894736842105
0 0.8361659356725146 0.5275493421052632 0.01918859649122807 0.019462719298245616
0 0.1671235380116959 0.4067982456140351 0.027595029239766082 0.024671052631578948
0 0.7963267543859649 0.35663377192982454 0.02101608187134503 0.01864035087719298
0 0.35635964912280704 0.19503837719298245 0.015716374269005847 0.021655701754385966
0 0.4984466374269006 0.311266447368421 0.01114766081871345 0.02987938596491228
0 0.3307748538011696 0.2785087719298246 0.01206140350877193 0.027960526315789474
0 0.7514619883040935 0.2070997807017544 0.0222953216374269 0.02055921052631579
0 0.7684576023391814 0.23410087719298248 0.011695906432748537 0.027960526315789474
0 0.7377796052631579 0.18254797149122806 0.016812865497076022 0.023155153508771908
0 0.3771016081871345 0.23766447368421054 0.02320906432748538 0.015899122807017545
0 0.2044956140350877 0.4024122807017544 0.021198830409356724 0.030153508771929825
0 0.49725877192982454 0.2109375 0.021564327485380116 0.017269736842105265
0 0.47478070175438597 0.22736842105263155 0.028143274853801168 0.016140350877192983
0 0.5514437134502924 0.17502741228070176 0.018457602339181287 0.019462719298245616
0 0.46801900584795325 0.2986567982456141 0.009502923976608187 0.029331140350877194
0 0.7484466374269005 0.17077850877192982 0.02101608187134503 0.01425438596491228
0 0.23483187134502922 0.4094024122807018 0.017178362573099414 0.03262061403508772
0 0.43932748538011696 0.3040021929824561 0.024853801169590642 0.022478070175438597
0 0.3946454678362573 0.15858004385964913 0.019919590643274854 0.01069078947368421
0 0.5946637426900584 0.32675438596491224 0.019736842105263157 0.017543859649122806
0 0.38477704678362573 0.1699561403508772 0.013706140350877192 0.01644736842105263
0 0.18914473684210525 0.2978344298245614 0.013523391812865496 0.014528508771929825
0 0.24232456140350878 0.2616502192982456 0.015350877192982455 0.02055921052631579
0 0.5524488304093568 0.1636513157894737 0.015716374269005847 0.015899122807017545
0 0.30893640350877194 0.21559758771929824 0.012609649122807017 0.021107456140350877
0 0.4144736842105263 0.7679550438596491 0.02010233918128655 0.04468201754385965
0 0.2735745614035088 0.2713815789473684 0.011330409356725146 0.025767543859649123
0 0.35635964912280704 0.20970394736842105 0.025219298245614034 0.01206140350877193
0 0.6976425438596492 0.21614583333333334 0.025767543859649123 0.017269736842105265
0 0.7856359649122807 0.19407894736842105 0.020833333333333332 0.01699561403508772
0 0.6929824561403509 0.5503015350877193 0.031067251461988302 0.023300438596491228
0 0.26991959064327486 0.40625 0.015716374269005847 0.03508771929824561
0 0.3739948830409357 0.19640899122807018 0.011878654970760233 0.021107456140350877
0 0.37856359649122806 0.2094298245614035 0.020650584795321638 0.02138157894736842
0 0.22432383040935672 0.3744517543859649 0.030884502923976608 0.01864035087719298
0 0.6955601242690058 0.1638952850877193 0.012099780701754393 0.020773026315789467
0 0.7200292397660818 0.2827576754385965 0.029239766081871343 0.013980263157894737
0 0.05071271929824561 0.40542763157894735 0.026133040935672515 0.023026315789473683
0 0.38916301169590645 0.37870065789473684 0.01918859649122807 0.034265350877192985
0 0.33771929824561403 0.1938048245614035 0.012792397660818713 0.01918859649122807
0 0.7222222222222223 0.2017543859649123 0.0266812865497076 0.01425438596491228
0 0.1939875730994152 0.37815241228070173 0.01918859649122807 0.031524122807017545
0 0.5749698464912281 0.20236979166666666 0.013243786549707566 0.02206414473684211
0 0.3557200292397661 0.3843201754385965 0.03490497076023392 0.015899122807017545
0 0.3512426900584795 0.36979166666666663 0.03326023391812866 0.017543859649122806
0 0.28234649122807015 0.4047423245614035 0.023391812865497075 0.023848684210526317
0 0.22359283625730994 0.4122807017543859 0.015899122807017545 0.03344298245614035
0 0.7254203216374269 0.3828125 0.015899122807017545 0.021107456140350877
0 0.637609649122807 0.3315515350877193 0.02448830409356725 0.011787280701754386
0 0.6521381578947368 0.18777412280701752 0.01699561403508772 0.01699561403508772
0 0.7708333333333334 0.2172423245614035 0.015350877192982455 0.017269736842105265
0 0.1701388888888889 0.5161732456140351 0.02046783625730994 0.017543859649122806
0 0.6548793859649122 0.4300986842105263 0.01516812865497076 0.03673245614035088
0 0.3161549707602339 0.35375548245614036 0.011330409356725146 0.023300438596491228
0 0.6337719298245614 0.5112390350877193 0.02412280701754386 0.02412280701754386
0 0.1857638888888889 0.3452576754385965 0.033808479532163746 0.015625
0 0.36047149122807015 0.4061129385964912 0.018457602339181287 0.02987938596491228
0 0.194718567251462 0.40871710526315785 0.015899122807017545 0.03399122807017544
0 0.14369700292397658 0.3369147478070175 0.01663011695906433 0.02959703947368422
0 0.1579513888888889 0.3312966008771929 0.018457602339181287 0.03425438596491229
0 0.1596875 0.314030975877193 0.021929824561403508 0.01726699561403509
0 0.16841374269005846 0.32142955043859645 0.015807748538011698 0.02959703947368422
0 0.18554641812865497 0.3152645285087719 0.022112573099415205 0.01891173245614035
0 0.19719663742690058 0.3108799342105263 0.0200109649122807 0.0158936403508772
0 0.21126827485380117 0.2778111293859649 0.015990497076023392 0.02685581140350878
0 0.2253846856725146 0.2822642543859649 0.019917763157894737 0.02672149122807018
0 0.2150593932748538 0.2919928728070176 0.02028326023391813 0.018497807017543864
0 0.20327302631578945 0.2972683662280702 0.01516812865497076 0.021373355263157902
0 0.21766355994152048 0.30487390350877197 0.0328015350877193 0.015756578947368427
0 0.2207245979532164 0.3097382127192983 0.028872441520467838 0.013429276315789477
0 0.247953216374269 0.2768516995614035 0.021929824561403508 0.029322916666666674
0 0.26334978070175435 0.2862390350877193 0.01471125730994152 0.04124451754385966
0 0.2812134502923977 0.26924616228070175 0.00932017543859649 0.018223684210526322
0 0.29231542397660815 0.26198327850877196 0.013980263157894737 0.03137883771929825
0 0.29930555555555555 0.27 0.01425438596491228 0.026036184210526322
0 0.3108187134502924 0.26397066885964915 0.01425438596491228 0.02959703947368422
0 0.3232602339181287 0.26280564692982455 0.01964546783625731 0.03192708333333334
0 0.3357328216374269 0.2586951754385965 0.013888888888888888 0.020690789473684214
0 0.347108918128655 0.2599287280701755 0.012335526315789474 0.02535087719298246
0 0.3414894005847953 0.28178453947368426 0.01206140350877193 0.03014802631578948
0 0.3547386695906433 0.28651178728070176 0.015716374269005847 0.029185855263157902
0 0.3191027046783626 0.28904742324561405 0.014802631578947368 0.0282264254385965
0 0.28223410087719303 0.2913075657894737 0.01635416666666667 0.028366228070175442
0 0.30411732456140356 0.3070655153508772 0.02010233918128655 0.02973410087719299
0 0.28104623538011697 0.30802494517543866 0.023298611111111114 0.010276864035087721
0 0.2549141081871345 0.3100109649122807 0.02805190058479532 0.01671600877192983
0 0.2848839546783626 0.3175479714912281 0.030243055555555558 0.014251644736842107
0 0.27273209064327486 0.32008360745614034 0.027869152046783627 0.016033442982456143
0 0.311655701754386 0.3146025219298246 0.015625 0.02535087719298246
0 0.23800986842105265 0.32254934210526315 0.016355994152046784 0.028640350877192987
0 0.2234356725146199 0.3218640350877193 0.02266081871345029 0.017949561403508778
0 0.19526133040935673 0.3233950109649123 0.033625730994152045 0.01370339912280702
0 0.1791794590643275 0.33593201754385965 0.02942251461988304 0.017127192982456144
0 0.21161732456140353 0.32791666666666663 0.014437134502923976 0.024391447368421058
0 0.25086257309941523 0.3262719298245614 0.022203947368421052 0.020005482456140356
0 0.2245010964912281 0.33154742324561404 0.029970760233918127 0.013840460526315792
0 0.23962353801169592 0.3466885964912281 0.023300438596491228 0.026036184210526322
0 0.24766447368421052 0.34552357456140353 0.012701023391812866 0.022061403508771935
0 0.2630756578947368 0.3279851973684211 0.014345760233918129 0.013563596491228075
0 0.2747715643274854 0.33291803728070174 0.016355994152046784 0.022881030701754394
0 0.25910087719298247 0.35278645833333333 0.015350877192982455 0.042338267543859665
0 0.2472222222222222 0.36306332236842104 0.017178362573099414 0.040699013157894745
0 0.28747258771929823 0.3326439144736842 0.01800073099415205 0.01932291666666667
0 0.27714729532163745 0.349155701754386 0.012701023391812866 0.023020833333333338
0 0.2690104166666667 0.3529961622807017 0.011924342105263159 0.025279605263157902
0 0.2888614766081872 0.34597450657894735 0.015899122807017545 0.03055646929824556
0 0.3053965643274854 0.3347752192982456 0.019371345029239765 0.017812500000000005
0 0.30896016081871347 0.3412842653508772 0.01644736842105263 0.008632127192982458
0 0.33655519005847956 0.32237390350877193 0.03033625730994152 0.02151315789473685
0 0.3329915935672515 0.30682291666666667 0.023940058479532164 0.01890899122807018
0 0.3558808479532164 0.31778508771929825 0.01836622807017544 0.02110197368421053
0 0.3253618421052632 0.3447779605263158 0.019097222222222224 0.022198464912280707
0 0.329702119883041 0.3340213815789474 0.020285087719298246 0.011644736842105268
0 0.33550438596491233 0.3279235197368421 0.01653874269005848 0.0049314692982456165
0 0.34843384502923974 0.3442297149122807 0.010051169590643274 0.029051535087719304
0 0.35091282894736836 0.32843612938596495 0.01411732456140351 0.007672697368421055
0 0.365531798245614 0.33652138157894734 0.015394736842105265 0.019320175438596435
0 0.3240826023391813 0.3546422697368421 0.015807748538011698 0.029322916666666674
0 0.31014894005847954 0.36005619517543863 0.023572733918128655 0.03247532894736843
0 0.3000063961988304 0.3746491228070175 0.0261312134502924 0.023843201754385968
0 0.3215241228070176 0.37800712719298246 0.01251827485380117 0.022061403508771935
0 0.33125548245614034 0.3941748903508772 0.010964912280701754 0.02891447368421053
0 0.2642489035087719 0.3841036184210526 0.0222953216374269 0.01753837719298246
0 0.2832547514619883 0.3769777960526316 0.019554093567251463 0.03425712719298246
0 0.2901078216374269 0.4145230263157895 0.01516812865497076 0.027132675438596498
0 0.3022149122807018 0.40911047149122803 0.020376461988304093 0.03247532894736843
0 0.3091136695906433 0.4016433662280702 0.019554093567251463 0.0326123903508772
0 0.37761330409356725 0.26272341008771927 0.020285087719298288 0.02754111842105264
0 0.4076297514619883 0.25251507675438595 0.014345760233918129 0.027952302631578923
0 0.4164930555555556 0.2695751096491228 0.013249269005847953 0.021239035087719304
0 0.42074195906432754 0.27738486842105264 0.01644736842105263 0.022061403508771966
0 0.3960252192982457 0.28663514254385963 0.01343201754385965 0.030967653508771967
0 0.374735014619883 0.2919092653508772 0.01964546783625735 0.033023574561403486
0 0.3763340643274854 0.3013637609649123 0.023940058479532206 0.031652960526315735
0 0.41224415204678366 0.2953344298245614 0.02101608187134503 0.03740679824561401
0 0.4287372076023392 0.2904701206140351 0.018731725146198832 0.03480537280701752
0 0.43686951754385966 0.2890323464912281 0.014528508771929825 0.02014254385964916
0 0.44312865497076026 0.27992050438596494 0.013157894736842105 0.023569078947368458
0 0.37249634502923973 0.3321957236842105 0.015168128654970801 0.01877192982456141
0 0.38193896198830407 0.3313952850877193 0.020285087719298205 0.026036184210526322
0 0.38806103801169584 0.3296820175438597 0.014619883040935672 0.020416666666666673
0 0.39770102339181285 0.3294078947368421 0.011787280701754386 0.0237061403508772
0 0.40204038742690057 0.3175561951754386 0.025034722222222264 0.01589638157894737
0 0.4046902412280701 0.3355071271929825 0.01279057017543864 0.022746710526315793
0 0.3735325292397661 0.3472231359649123 0.01864035087719294 0.020416666666666673
0 0.37723318713450293 0.3542105263157895 0.0271381578947368 0.02754385964912281
0 0.3916703216374269 0.3492077850877193 0.013066520467836257 0.01890899122807018
0 0.40240588450292397 0.3508525219298246 0.01151133040935677 0.02110197368421053
0 0.4042333698830409 0.3724808114035088 0.015349049707602383 0.03448464912280701
0 0.3972587719298246 0.39335252192982456 0.025219298245614034 0.019868421052631584
0 0.41927997076023393 0.3642365679824561 0.014071637426900584 0.030145285087719305
0 0.41758954678362575 0.3242256030701754 0.01781798245614035 0.011236293859649126
0 0.4222039473684211 0.3144956140350877 0.01663011695906433 0.02110197368421053
0 0.4353618421052632 0.33395285087719295 0.012975146198830409 0.02740679824561404
0 0.4208790204678363 0.3322395833333333 0.02055921052631579 0.017949561403508778
0 0.4206048976608187 0.34450383771929827 0.030062134502923978 0.01808662280701755
0 0.43330592105263166 0.35868558114035093 0.01745248538011696 0.03192708333333334
0 0.4413011695906433 0.3571107456140351 0.014071637426900584 0.02247258771929825
0 0.45890533625730995 0.2578125 0.012244152046783625 0.023843201754385968
0 0.4643877923976608 0.26651315789473684 0.01023391812865497 0.025076754385964916
0 0.48097222222222225 0.2698711622807018 0.0245796783625731 0.026310307017543864
0 0.4572605994152047 0.27802357456140353 0.027046783625730993 0.02151315789473685
0 0.45739766081871347 0.2853549890350877 0.016904239766081873 0.012332785087719301
0 0.4885105994152047 0.29076754385964915 0.015350877192982455 0.022609649122807024
0 0.49938413742690063 0.2739816337719298 0.0133406432748538 0.025759320175438603
0 0.5103033625730995 0.29412554824561404 0.01745248538011696 0.04192982456140352
0 0.4423209064327485 0.31104714912280707 0.026224415204678362 0.02315789473684211
0 0.4473464912280702 0.32447505482456146 0.015807748538011698 0.027815241228070182
0 0.4576260964912281 0.3193366228070176 0.022112573099415205 0.015619517543859655
0 0.4708296783625731 0.3174876644736842 0.013980263157894737 0.009180372807017546
0 0.456483918128655 0.3289967105263158 0.027503654970760235 0.018223684210526322
0 0.4801955409356725 0.32043311403508773 0.0222953216374269 0.015071271929824567
0 0.4881451023391813 0.30995202850877196 0.014619883040935672 0.030008223684210533
0 0.5113084795321637 0.31324013157894737 0.015076754385964912 0.02233552631578948
0 0.5119024122807018 0.27781798245614037 0.010964912280701754 0.02521381578947369
0 0.4557218567251462 0.340187774122807 0.02403143274853801 0.019597039473684214
0 0.4844133771929825 0.33237664473684214 0.02055921052631579 0.023432017543859655
0 0.4675091374269006 0.3407360197368421 0.02421418128654971 0.020419407894736844
0 0.44699561403508775 0.3473821271929825 0.01644736842105263 0.015619517543859655
0 0.49377923976608185 0.3379947916666667 0.010416666666666666 0.027815241228070182
0 0.513516081871345 0.32902001096491224 0.031980994152046784 0.014799890350877195
0 0.5126937134502924 0.3394339364035088 0.03289473684210526 0.015622258771929827
0 0.5078965643274853 0.3511499451754386 0.023483187134502925 0.023703399122807025
0 0.5247551169590643 0.3461485745614035 0.012609649122807017 0.021376096491228076
0 0.5364510233918128 0.3426548793859649 0.015533625730994151 0.030556469298245622
0 0.5123282163742691 0.35807017543859654 0.02412280701754386 0.023294956140350882
0 0.4930482456140351 0.35491776315789475 0.01663011695906433 0.019457236842105267
0 0.4836823830409357 0.34210526315789475 0.015259502923976608 0.018497807017543864
0 0.46901681286549707 0.3539597039473684 0.011878654970760233 0.029322916666666674
0 0.4626663011695907 0.3598506030701754 0.009228801169590644 0.024662828947368428
0 0.45202119883040937 0.3662911184210526 0.021929824561403508 0.038640350877192996
0 0.4604733187134503 0.389516173245614 0.012701023391812866 0.028637609649122816
0 0.452249634502924 0.39609375 0.019828216374269007 0.026447368421052636
0 0.5111092836257309 0.37910361842105267 0.03216374269005848 0.015756578947368427
0 0.5259119152046784 0.39705317982456145 0.029970760233918127 0.018497807017543864
0 0.5320796783625731 0.4113733552631579 0.025127923976608187 0.01973135964912281
0 0.5292927631578948 0.4228138706140351 0.015899122807017545 0.025896381578947376
0 0.49438779239766084 0.40966008771929824 0.028691520467836257 0.025076754385964916
0 0.530999634502924 0.29554002192982454 0.014619883040935672 0.0219243421052631
0 0.5363898026315789 0.3159566885964912 0.019004020467836218 0.02110197368421053
0 0.5317754020467836 0.3213692434210526 0.027867324561403468 0.02699287280701755
0 0.539420687134503 0.274780701754386 0.017269736842105265 0.023980263157894772
0 0.5539491959064328 0.2731373355263158 0.015990497076023392 0.03137883771929829
0 0.5587920321637427 0.29601973684210525 0.014894005847953216 0.033843201754385946
0 0.5717671783625732 0.28409813596491224 0.01745248538011696 0.03822916666666665
0 0.5853819444444445 0.27354851973684213 0.018731725146198832 0.03137883771929829
0 0.5907730263157894 0.25100740131578947 0.012335526315789474 0.027678179824561378
0 0.5716301169590643 0.24518366228070174 0.011878654970760233 0.02973684210526313
0 0.6073108552631579 0.2546395285087719 0.014526681286549667 0.030282346491228046
0 0.6084987207602338 0.2801932565789474 0.01891264619883037 0.031515899122807056
0 0.5950219298245614 0.29362253289473683 0.013706140350877192 0.0290487938596491
0 0.6062152777777777 0.30047286184210525 0.014528508771929825 0.02795230263157889
0 0.5815899122807018 0.29787006578947367 0.017909356725146198 0.022198464912280644
0 0.5687518274853801 0.311640625 0.019828216374269007 0.026170504385964858
0 0.5510709064327486 0.30561129385964914 0.01663011695906433 0.020690789473684152
0 0.5512536549707602 0.32130071271929816 0.013523391812865496 0.028500548245614044
0 0.565188230994152 0.33157894736842103 0.023117690058479533 0.02110197368421053
0 0.5801279239766082 0.34480126096491226 0.015716374269005847 0.01795230263157895
0 0.539968932748538 0.35583196271929823 0.013249269005847953 0.025211074561403517
0 0.5481469298245614 0.36014802631578946 0.014619883040935672 0.03411732456140352
0 0.5604824561403509 0.3600109649122807 0.013888888888888888 0.0280921052631579
0 0.5615789473684211 0.35172149122807017 0.014071637426900584 0.026310307017543864
0 0.5704879385964912 0.3574081688596491 0.01343201754385965 0.0335718201754386
0 0.5463194444444445 0.34034813596491226 0.010964912280701754 0.013426535087719304
0 0.5890369152046783 0.36617735745614033 0.027503654970760235 0.0247998903508772
0 0.5858845029239766 0.3708360745614035 0.022478070175438597 0.025625000000000005
0 0.6107830774853801 0.3080098684210526 0.02914656432748534 0.022198464912280644
0 0.6220677997076024 0.2879358552631579 0.01754203216374265 0.025625000000000037
0 0.6339912280701754 0.30136376096491224 0.01653874269005848 0.03055646929824556
0 0.6307931286549707 0.27437088815789473 0.019279970760233918 0.03247532894736846
0 0.6470120614035088 0.3100644188596491 0.013888888888888888 0.033983004385964855
0 0.6308845029239766 0.3219860197368421 0.02823464912280702 0.013429276315789477
0 0.6111485745614035 0.3202741228070175 0.027501827485380076 0.016304824561403513
0 0.610234831871345 0.32959155701754383 0.013247441520467796 0.01740131578947369
0 0.5973062865497075 0.3426768092105263 0.012426900584795321 0.02904879385964913
0 0.6105089546783626 0.3456907894736842 0.017633406432748498 0.020553728070175442
0 0.6159000365497076 0.36652001096491227 0.022202119883040897 0.027404057017543868
0 0.6194179459064327 0.33582510964912277 0.015531798245613996 0.0202796052631579
0 0.6271838450292397 0.34877467105263155 0.02010233918128655 0.026447368421052636
0 0.6398391812865497 0.34624040570175435 0.017269736842105265 0.02959703947368422
0 0.6321180555555556 0.36994517543859645 0.01516812865497076 0.03452850877192983
0 0.5604513888888889 0.4078796600877193 0.017909356725146198 0.030556469298245622
0 0.582609649122807 0.3985608552631579 0.01800073099415205 0.028366228070175442
0 0.5875895467836257 0.41993558114035084 0.013888888888888888 0.028637609649122816
0 0.6032145467836257 0.4015748355263158 0.014619883040935672 0.02973410087719299
0 0.6072807017543859 0.4108251096491228 0.012883771929824562 0.024117324561403513
0 0.6160526315789474 0.40760416666666666 0.018914473684210526 0.02452850877192983
0 0.6546728801169591 0.2847162828947369 0.018548976608187134 0.032064144736842146
0 0.6618000730994152 0.3110923793859649 0.01781798245614035 0.028911732456140295
0 0.6774250730994152 0.285264528508772 0.024396929824561403 0.029322916666666705
0 0.6977101608187134 0.2850589364035088 0.01617324561403509 0.029185855263157933
0 0.6803033625730994 0.30944764254385965 0.01663011695906433 0.03055646929824556
0 0.6947861842105263 0.3121888706140351 0.01781798245614035 0.027541118421052578
0 0.7028271198830409 0.30999588815789475 0.012152777777777778 0.027266995614035033
0 0.7158479532163743 0.3067763157894737 0.014619883040935672 0.03672149122807012
0 0.6678764619883041 0.32767269736842103 0.015899122807017545 0.027817982456140356
0 0.6532108918128655 0.3376754385964912 0.014894005847953216 0.024802631578947375
0 0.6428399122807017 0.3580921052631579 0.01516812865497076 0.018223684210526322
0 0.6472404970760233 0.377687774122807 0.020924707602339183 0.027266995614035096
0 0.6446363304093566 0.3983785635964912 0.015716374269005847 0.03466831140350878
0 0.6816429093567251 0.3328125 0.015899122807017545 0.019183114035087726
0 0.6940241228070174 0.33157894736842103 0.01251827485380117 0.01973135964912281
0 0.7024762426900585 0.3368530701754386 0.01663011695906433 0.023432017543859655
0 0.6922880116959064 0.3466502192982456 0.024762426900584795 0.020827850877192987
0 0.6755208333333333 0.34439007675438593 0.018092105263157895 0.012195723684210529
0 0.6620431286549707 0.3450068530701754 0.01745248538011696 0.011236293859649126
0 0.6526315789473683 0.3580235745614035 0.015259502923976608 0.02247258771929825
0 0.6638706140350877 0.36028508771929824 0.01069078947368421 0.03439144736842106
0 0.6724141081871344 0.36377878289473686 0.019919590643274854 0.02767817982456141
0 0.6797697368421052 0.3522012061403509 0.02147295321637427 0.017949561403508778
0 0.726233552631579 0.32616502192982455 0.015716374269005847 0.02178728070175439
0 0.7333150584795322 0.3031455592105263 0.022021198830409358 0.023703399122806963
0 0.741767178362573 0.32109512061403506 0.012244152046783625 0.016033442982456143
0 0.7497167397660818 0.3315775767543859 0.01206140350877193 0.026581688596491234
0 0.7365588450292397 0.3347286184210526 0.014071637426900584 0.02247258771929825
0 0.7393000730994151 0.35131030701754384 0.019736842105263157 0.01534539473684211
0 0.7171875 0.3372642543859649 0.02412280701754386 0.023432017543859655
0 0.6994608918128654 0.36158717105263155 0.02046783625730994 0.024117324561403513
0 0.683561769005848 0.37508360745614033 0.019005847953216373 0.0335718201754386
0 0.6976334064327485 0.37412554824561406 0.016812865497076022 0.019320175438596498
0 0.7091465643274854 0.3854975328947368 0.025584795321637425 0.0201452850877193
0 0.7148574561403509 0.3741241776315789 0.01800073099415205 0.014936951754385967
0 0.7212079678362573 0.35685855263157895 0.013888888888888888 0.018223684210526322
0 0.7237207602339181 0.3598053728070175 0.014894005847953216 0.01452302631578948
0 0.7353709795321638 0.35774945175438594 0.017726608187134504 0.021376096491228076
0 0.7315021929824562 0.3666104714912281 0.015716374269005847 0.010413925438596493
0 0.7316849415204678 0.37332510964912285 0.014619883040935672 0.011233552631578953
0 0.7359338450292398 0.38689144736842107 0.01964546783625731 0.023020833333333275
0 0.7743110380116959 0.32372121710526314 0.02055921052631579 0.033434758771929834
0 0.7867379385964911 0.32036595394736844 0.01343201754385965 0.031104714912280708
0 0.7904385964912279 0.34078125000000004 0.027960526315789474 0.017675438596491233
0 0.7705190058479531 0.36106222587719305 0.012244152046783625 0.03220120614035089
0 0.7787883771929824 0.3617475328947369 0.014345760233918129 0.029459978070175447
0 0.794596125730994 0.36839226973684214 0.02147295321637427 0.025211074561403517
0 0.7958753654970759 0.35037417763157896 0.022203947368421052 0.013566337719298249
0 0.756218932748538 0.35551260964912285 0.01818347953216366 0.022746710526315793
0 0.7648081140350876 0.38497258771929826 0.013797514619883041 0.02822916666666661
0 0.7523812134502924 0.2932373903508772 0.014345760233918045 0.0278234649122807
0 0.8125511695906432 0.3825808662280702 0.026498538011695907 0.03439418859649124
0 0.8157492690058479 0.3747711074561404 0.024671052631578948 0.030830592105263167
0 0.8226480263157894 0.3720984100877193 0.027503654970760235 0.033434758771929834
0 0.8268512426900584 0.3659320175438597 0.02275219298245614 0.024939692982456144
0 0.8407858187134503 0.36997395833333335 0.018457602339181287 0.028089364035087726
0 0.7999415204678363 0.3877192982456141 0.03399122807017544 0.026310307017543864
0 0.8439839181286549 0.4336910635964912 0.017543859649122806 0.03713541666666667
0 0.7162445175438596 0.4273423793859649 0.01425438596491228 0.027815241228070182
0 0.6833040935672515 0.43296052631578946 0.024945175438596492 0.02014254385964913
0 0.6976955409356725 0.4128179824561404 0.016264619883040937 0.029462719298245617
0 0.31127558479532164 0.18869243421052634 0.020650584795321638 0.020553728070175442
0 0.31817434210526313 0.20390350877192984 0.019279970760233918 0.01753837719298246
0 0.33521564327485376 0.20979577850877193 0.018092105263157895 0.03041940789473685
0 0.34901224415204674 0.19115953947368422 0.015349049707602341 0.025487938596491233
0 0.35878929093567247 0.22692434210526316 0.014800804093567254 0.02192434210526313
0 0.380672514619883 0.22151041666666668 0.010508040935672515 0.018771929824561377
0 0.38985562865497075 0.23391173245614036 0.018457602339181287 0.014523026315789448
0 0.41331323099415207 0.16009594298245614 0.012244152046783625 0.01753837719298246
0 0.4000182748538012 0.1715378289473684 0.019097222222222224 0.017675438596491233
0 0.41237573099415203 0.17229303728070175 0.026268274853801128 0.010002741228070178
0 0.4016630116959064 0.18260279605263158 0.02183845029239766 0.009388706140350877
0 0.4137463450292398 0.17924616228070175 0.026907894736842065 0.01048245614035088
0 0.3929139254385965 0.1928453947368421 0.026361476608187134 0.013563596491228075
0 0.39855628654970765 0.19613486842105263 0.024671052631578948 0.01877192982456141
0 0.4266758040935672 0.18839226973684212 0.013019005847953177 0.017404057017543863
0 0.42338633040935675 0.19712719298245615 0.012288011695906393 0.0287061403508772
0 0.4330107821637427 0.15514117324561405 0.020879020467836257 0.008358004385964915
0 0.4272085160818714 0.16291666666666668 0.017315423976608187 0.01336074561403509
0 0.4526334064327486 0.14503563596491229 0.017086988304093567 0.010345394736842107
0 0.43544682017543856 0.1439610745614035 0.02161001461988304 0.015553728070175426
0 0.45024945175438597 0.1493393640350877 0.020879020467836257 0.015482456140350882
0 0.4637956871345029 0.15478755482456139 0.016355994152046784 0.021718750000000005
0 0.47030610380116955 0.16180921052631578 0.01183296783625731 0.019046052631578953
0 0.4500667032163742 0.1571847587719298 0.017863669590643276 0.008563596491228072
0 0.4388961988304093 0.15088130482456139 0.015990497076023392 0.008018092105263159
0 0.4390332602339181 0.16023300438596488 0.01114766081871345 0.004934210526315789
0 0.45739948830409355 0.16650219298245614 0.01918859649122807 0.01048245614035088
0 0.43775402046783624 0.16893366228070175 0.023574561403508772 0.019320175438596498
0 0.44332785087719295 0.17301123903508772 0.027412280701754384 0.01143914473684211
0 0.4512317251461988 0.17910910087719298 0.010508040935672515 0.008837719298245617
0 0.4603234649122807 0.17705317982456142 0.01608187134502924 0.013634868421052633
0 0.4572478070175438 0.1934279057017544 0.013980263157894737 0.02363760964912281
0 0.4446381578947369 0.18383634868421053 0.021290204678362575 0.015962171052631584
0 0.43933845029239765 0.18736430921052633 0.02266081871345029 0.01863760964912281
0 0.44475237573099413 0.2022313596491228 0.015122441520467836 0.027817982456140356
0 0.40374177631578945 0.2032250548245614 0.013934576023391813 0.022952302631578953
0 0.39247989766081876 0.21504385964912281 0.017086988304093567 0.02398026315789474
0 0.4147514619883041 0.20534813596491228 0.021608187134502885 0.012264254385964915
0 0.4110517178362573 0.21744106359649124 0.02069627192982456 0.0316529605263158
0 0.4278865131578948 0.22977384868421052 0.016536915204678322 0.02836348684210527
0 0.4370687134502924 0.2309046052631579 0.013614766081871345 0.02788377192982457
0 0.4497094298245614 0.21389117324561402 0.015350877192982455 0.019388706140350882
0 0.46266173245614034 0.2156030701754386 0.01768092105263158 0.016650219298245617
0 0.4517936769005848 0.2246450109649123 0.01423062865497074 0.016751644736842076
0 0.44605445906432745 0.23454906798245612 0.010964912280701754 0.019871162280701758
0 0.4810361842105263 0.15346491228070175 0.011970029239766082 0.014457236842105266
0 0.48793494152046785 0.16356907894736844 0.008680555555555556 0.02398026315789474
0 0.49558662280701754 0.16367187500000002 0.010734649122806977 0.019388706140350882
0 0.5038093932748537 0.16034950657894737 0.010462353801169591 0.02397752192982457
0 0.513266630116959 0.14644188596491228 0.01621893274853801 0.017949561403508778
0 0.5188404605263157 0.15538240131578948 0.020148026315789474 0.0163733552631579
0 0.5230829678362573 0.16046463815789472 0.02101608187134503 0.013840460526315792
0 0.525641447368421 0.16649259868421054 0.015350877192982455 0.015485197368421055
0 0.5125977704678363 0.17272752192982455 0.017863669590643276 0.020827850877192987
0 0.5386165935672514 0.16238212719298248 0.012792397660818713 0.018497807017543864
0 0.5284283625730994 0.17625685307017544 0.014894005847953216 0.020211074561403513
0 0.47843841374269 0.16667489035087718 0.012015716374269006 0.01877192982456141
0 0.46904970760233916 0.18133771929824563 0.011970029239766082 0.020416666666666673
0 0.47601699561403504 0.1838390899122807 0.01411732456140351 0.022541118421052636
0 0.4913221856725146 0.17774122807017542 0.016949926900584795 0.0118530701754386
0 0.5106021564327485 0.17873355263157895 0.023072002923976608 0.01383771929824562
0 0.49694170321637426 0.18466008771929823 0.02398574561403509 0.013908991228070178
0 0.4775246710526316 0.19346491228070173 0.017498172514619884 0.020827850877192987
0 0.48394371345029236 0.19593064692982456 0.01918859649122807 0.024114583333333342
0 0.5171354166666666 0.19215049342105264 0.02928545321637427 0.01856633771929825
0 0.5072441520467836 0.19619380482456142 0.02850877192982456 0.015550986842105268
0 0.49442891081871343 0.200405701754386 0.02124451754385965 0.021924342105263162
0 0.5396591739766082 0.1972217653508772 0.0167671783625731 0.023226425438596498
0 0.5361184210526315 0.20650493421052635 0.016812865497076022 0.016441885964912285
0 0.5269353070175438 0.20698464912280704 0.019919590643274854 0.023294956140350882
0 0.5245595760233919 0.21280701754385964 0.019462719298245616 0.018771929824561377
0 0.510328033625731 0.21376644736842107 0.013112207602339181 0.022883771929824534
0 0.5703070175438597 0.1483826754385965 0.01160453216374269 0.02000548245614034
0 0.5635681652046782 0.16527138157894736 0.011741593567251463 0.026239035087719305
0 0.5775712719298246 0.16725740131578948 0.011330409356725146 0.02350054824561404
0 0.5683653143274853 0.17476014254385963 0.012472587719298246 0.02205866228070176
0 0.586000548245614 0.16725740131578948 0.00918311403508772 0.021718750000000005
0 0.5879422514619883 0.15105537280701753 0.01069078947368421 0.014934210526315795
0 0.5947724780701754 0.16496299342105264 0.01402595029239766 0.023292214912280708
0 0.561032529239766 0.1877439692982456 0.021929824561403508 0.013771929824561406
0 0.5961430921052631 0.17267132675438596 0.021701388888888888 0.021855811403508778
0 0.5825054824561403 0.1842160087719298 0.018457602339181287 0.019183114035087726
0 0.5827567616959064 0.19404742324561403 0.013020833333333334 0.019662828947368427
0 0.5539592470760234 0.21090049342105263 0.01402595029239766 0.02541940789473685
0 0.5429486476608187 0.2200123355263158 0.011467470760233918 0.026104714912280707
0 0.5699040570175439 0.21874588815789472 0.024716739766081873 0.014251644736842107
0 0.5878819444444444 0.21583333333333332 0.01617324561403509 0.02788377192982457
0 0.5637591374269005 0.22861156798245613 0.03134137426900585 0.015759320175438598
0 0.5321747076023392 0.22290158991228068 0.019462719298245616 0.016307565789473687
0 0.47277320906432746 0.21138020833333332 0.016127558479532164 0.019114583333333338
0 0.4952741228070175 0.22905564692982455 0.015442251461988304 0.020896381578947375
0 0.5050511695906432 0.23128289473684213 0.02010233918128655 0.01808662280701755
0 0.5208132309941521 0.2332702850877193 0.01836622807017544 0.028640350877192987
0 0.521141264619883 0.2511184210526316 0.011924342105263159 0.02788377192982457
0 0.510016447368421 0.2525219298245614 0.019919590643274854 0.024117324561403513
0 0.49119334795321634 0.25218064692982456 0.01864035087719298 0.030556469298245622
0 0.6076334064327485 0.15281387061403512 0.02549342105263158 0.013429276315789477
0 0.6178673245614035 0.15504111842105264 0.02503654970760234 0.01048245614035088
0 0.6118823099415205 0.1665501644736842 0.015990497076023392 0.019114583333333338
0 0.6121107456140351 0.17179139254385967 0.01114766081871345 0.022469846491228046
0 0.6257026681286549 0.16062362938596492 0.014391447368421052 0.008358004385964915
0 0.629266264619883 0.16781798245614038 0.010827850877192983 0.016441885964912285
0 0.6199460891812865 0.17953262061403508 0.011741593567251463 0.033023574561403486
0 0.6176160453216374 0.17185992324561405 0.006533260233918129 0.018774671052631583
0 0.5985873538011696 0.18220531798245615 0.01918859649122807 0.014251644736842076
0 0.6116538742690057 0.19255071271929824 0.014071637426900584 0.01932291666666667
0 0.604937865497076 0.19782620614035085 0.015259502923976608 0.023020833333333338
0 0.5929221491228069 0.19645559210526314 0.012883771929824562 0.01959429824561404
0 0.6013742690058479 0.2096107456140351 0.014802631578947368 0.02754385964912281
0 0.6316648391812865 0.18062911184210528 0.012244152046783625 0.0165816885964912
0 0.6290835160818713 0.19580455043859646 0.01183296783625731 0.02267817982456141
0 0.6372076023391813 0.1659909539473684 0.008771929824561403 0.012881030701754389
0 0.6480811403508773 0.1601329495614035 0.014985380116959063 0.013495065789473688
0 0.645202850877193 0.16890213815789473 0.016355994152046784 0.023089364035087726
0 0.6612161915204678 0.1701356907894737 0.02206688596491228 0.0241858552631579
0 0.6627238669590644 0.16455180921052628 0.016493055555555556 0.013840460526315792
0 0.6718612938596491 0.15711759868421052 0.01320358187134503 0.01623629385964913
0 0.6755162646198831 0.17157483552631578 0.011284722222222222 0.017332785087719304
0 0.6510051169590643 0.17462308114035088 0.011878654970760233 0.016992872807017546
0 0.6396747076023392 0.19007264254385964 0.009868421052631578 0.021033442982456144
0 0.6574698464912281 0.20576206140350878 0.023528874269005847 0.02514254385964913
0 0.6620385599415205 0.2016173245614035 0.019325657894736843 0.024939692982456144
0 0.6691885964912281 0.20288514254385964 0.017361111111111112 0.02267817982456141
0 0.6593887061403508 0.21779742324561402 0.021427266081871343 0.018977521929824565
0 0.6750365497076024 0.20043037280701753 0.017086988304093567 0.024391447368421058
0 0.6797880116959065 0.19755208333333332 0.01617324561403509 0.020416666666666673
0 0.6847596856725147 0.16420915570175437 0.013477704678362573 0.018226425438596493
0 0.6632638888888889 0.18157757675438596 0.013980263157894737 0.019525767543859655
0 0.6885745614035088 0.17267132675438596 0.01617324561403509 0.018018092105263162
0 0.6950164473684212 0.1819202302631579 0.018457602339181287 0.016510416666666673
0 0.6815387426900585 0.18787966008771928 0.022569444444444444 0.018840460526315793
0 0.7046180555555556 0.18849643640350877 0.013720760233918116 0.02569353070175439
0 0.7059813596491229 0.16520285087719297 0.009868421052631578 0.01829495614035088
0 0.7130857090643276 0.16318119517543858 0.011010599415204679 0.014525767543859652
0 0.7005674342105264 0.19777960526315788 0.017132675438596492 0.02096491228070176
0 0.6968439327485381 0.20261101973684212 0.018092105263157895 0.021581688596491233
0 0.7131460160818713 0.17756990131578945 0.020056652046783627 0.015759320175438598
0 0.7147222222222223 0.18801672149122806 0.010325292397660819 0.021170504385964916
0 0.7252302631578947 0.16846902412280704 0.015350877192982455 0.01582510964912281
0 0.7326544225146199 0.17052357456140352 0.013386330409356726 0.013223684210526318
0 0.7312838084795322 0.18504797149122806 0.017315423976608187 0.020211074561403482
0 0.7250246710526316 0.18720668859649123 0.012107090643274854 0.01685307017543857
0 0.7505637792397661 0.18624725877192982 0.015670687134502925 0.022335526315789448
0 0.7549725877192983 0.18086896929824564 0.01023391812865497 0.01061951754385962
0 0.7576452850877192 0.16154879385964913 0.02078764619883041 0.014320175438596493
0 0.7666684941520467 0.1893640350877193 0.022934941520467836 0.012127192982456143
0 0.6472642543859648 0.2303138706140351 0.0200109649122807 0.023226425438596467
0 0.6595769371345029 0.23634457236842105 0.024077119883040937 0.02226699561403506
0 0.6272761330409357 0.24391447368421051 0.02526498538011696 0.017264254385964916
0 0.6407309941520467 0.25929550438596494 0.014528508771929825 0.02596491228070176
0 0.6184585160818714 0.25552768640350876 0.010553728070175438 0.02350054824561404
0 0.6780656067251463 0.2268092105263158 0.0167671783625731 0.026447368421052636
0 0.6919307383040935 0.2301315789473684 0.019552266081871304 0.0287061403508772
0 0.7017763157894737 0.2292077850877193 0.01731359649122803 0.027132675438596498
0 0.696705043859649 0.2558936403508772 0.011739766081871305 0.027198464912280708
0 0.6591739766081872 0.2565090460526316 0.017635233918128657 0.02487116228070176
0 0.6632858187134503 0.28096765350877195 0.024945175438596492 0.03350328947368419
0 0.6698647660818714 0.25664747807017546 0.01617324561403509 0.029117324561403517
0 0.6791849415204678 0.26360060307017547 0.013614766081871345 0.023840460526315797
0 0.7630500730994152 0.1986047149122807 0.031615497076023395 0.008223684210526315
0 0.7658826754385964 0.20518229166666666 0.02238669590643275 0.010688048245614038
0 0.7320513523391812 0.20466831140350877 0.019508406432748537 0.01980263157894737
0 0.7449579678362572 0.21203399122807018 0.021929824561403508 0.0158936403508772
0 0.7217945906432749 0.22032346491228072 0.010508040935672515 0.026036184210526322
0 0.7430391081871345 0.22731085526315792 0.012975146198830409 0.022609649122807024
0 0.7596463815789474 0.22114446271929825 0.02261513157894737 0.011373355263157896
0 0.7492754020467836 0.23327302631578947 0.019782529239766082 0.020690789473684214
0 0.7587783260233917 0.23597861842105264 0.012015716374269006 0.03007675438596492
0 0.7160836988304093 0.2509827302631579 0.01745248538011696 0.028297697368421058
0 0.7270942982456141 0.24957785087719297 0.01160453216374269 0.022746710526315793
0 0.7039309210526316 0.2603686951754386 0.014345760233918129 0.02500822368421053
0 0.714827302631579 0.26520010964912283 0.01137609649122807 0.022061403508771935
0 0.7248327850877192 0.26893229166666666 0.020970394736842105 0.018977521929824534
0 0.7576589912280702 0.2525246710526316 0.019005847953216373 0.025076754385964916
0 0.763986659356725 0.2672998903508772 0.013660453216374269 0.024665570175438602
0 0.7729870248538012 0.2757620614035088 0.018320540935672515 0.0295285087719298
0 0.7905080409356725 0.20979577850877193 0.017635233918128657 0.026033442982456148
0 0.7895029239766082 0.23312362938596493 0.013980263157894737 0.017332785087719273
0 0.775796783625731 0.24172149122807016 0.01069078947368421 0.022746710526315793
0 0.796470211988304 0.25744517543859646 0.021518640350877194 0.030487938596491234
0 0.7761293859649122 0.17490405701754386 0.01425438596491228 0.021924342105263162
0 0.7833936403508771 0.17387609649122807 0.013980263157894737 0.02233552631578948
0 0.7922569444444444 0.1854550438596491 0.013614766081871345 0.022746710526315793
0 0.7979221491228069 0.17846628289473682 0.013249269005847953 0.023566337719298253
0 0.8066027046783625 0.18175438596491228 0.009228801169590644 0.01753837719298246
0 0.8157858187134502 0.1776452850877193 0.015899122807017545 0.02110197368421053
0 0.8226845760233917 0.17641173245614034 0.010508040935672515 0.01890899122807018
0 0.830360014619883 0.19093475877192984 0.015076754385964912 0.021924342105263162
0 0.842375730994152 0.20011650219298244 0.014802631578947368 0.01808936403508772
0 0.8580921052631578 0.19895148026315787 0.019371345029239765 0.0201452850877193
0 0.8188011695906432 0.1929906798245614 0.019919590643274854 0.023020833333333338
0 0.8182529239766081 0.2008689692982456 0.01663011695906433 0.019320175438596498
0 0.803313230994152 0.21957373903508773 0.018183479532163743 0.023018092105263167
0 0.830953947368421 0.23190515350877194 0.01644736842105263 0.023843201754385968
0 0.820171783625731 0.23128837719298245 0.015350877192982455 0.021239035087719304
0 0.8099835526315788 0.24060718201754386 0.014528508771929825 0.02123629385964913
0 0.8251059941520467 0.2457456140350877 0.027960526315789474 0.01671600877192983
0 0.8265222953216373 0.2560910087719298 0.031524122807017545 0.02233552631578948
0 0.8180701754385964 0.2626685855263158 0.02850877192982456 0.027266995614035096
0 0.8120851608187134 0.27165570175438597 0.0245796783625731 0.013700657894736847
0 0.8152832602339181 0.28398848684210526 0.030975877192982455 0.016441885964912285
0 0.45942251461988304 0.44777549342105266 0.011695906432748537 0.03864309210526316
0 0.41940058479532166 0.48696546052631584 0.013523391812865496 0.023294956140350882
0 0.40277046783625736 0.5106702302631579 0.013157894736842105 0.023566337719298253
0 0.3713377192982456 0.5341008771929825 0.019005847953216373 0.02110197368421053
0 0.29412828947368425 0.5176589912280701 0.03307748538011696 0.024391447368421058
0 0.7145303362573099 0.5780921052631578 0.027777777777777776 0.014797149122807022
0 0.06925986842105263 0.40754660087719297 0.027412280701754384 0.038914473684210533
0 0.08917945906432749 0.5381702302631579 0.020833333333333332 0.028774671052631585
0 0.9768430190058479 0.5925685307017543 0.028872441520467796 0.026858552631578953
0 0.8681615497076023 0.7604207785087719 0.023391812865497075 0.05481085526315785
