0 0.4984375 0.30416666666666664 0.046375 0.03333333333333333
0 0.501375 0.3265 0.0495 0.037333333333333336
0 0.53075 0.36121 0.05525 0.04075333333333333
0 0.48275 0.3611316666666667 0.02625 0.04207000000000001
0 0.49887499999999996 0.36849333333333334 0.0175 0.04467999999999999
0 0.5045000000000001 0.411485 0.02525 0.04463666666666669
0 0.48525 0.41097833333333333 0.02475 0.059316666666666684
0 0.5320625 0.41583333333333333 0.027375 0.037333333333333336
0 0.34846875 0.427 0.0151875 0.021
0 0.5175624999999999 0.45471666666666666 0.034125 0.0681466666666666
0 0.49675 0.44716 0.04525 0.03665333333333334
0 0.36184375 0.4494416666666667 0.0239375 0.02924333333333334
0 0.489375 0.4705 0.039 0.04066666666666666
0 0.47809375 0.485745 0.0439375 0.03182333333333334
0 0.4863125 0.5036983333333334 0.039875 0.04523666666666668
0 0.49671875000000004 0.5223183333333333 0.0471875 0.04299000000000001
0 0.531 0.5639000000000001 0.02325 0.06213333333333337
0 0.51253125 0.561825 0.0243125 0.058683333333333317
0 0.48512500000000003 0.6063333333333333 0.026 0.049
0 0.5126875 0.6016016666666667 0.035625 0.030936666666666647
0 0.56148 0.5765116666666668 0.050625 0.04957000000000001
0 0.5459375 0.6170316666666666 0.037625 0.05239666666666668
0 0.57559375 0.6272766666666666 0.0230625 0.06656000000000002
0 0.55840625 0.6526016666666666 0.0481875 0.05090333333333334
0 0.50865625 0.6308983333333333 0.0486875 0.03932333333333334
0 0.5225 0.6480616666666668 0.03725 0.041323333333333344
0 0.591115 0.67676 0.02201999999999998 0.08681333333333335
0 0.6137400000000001 0.6753416666666667 0.02523000000000002 0.06848333333333335
0 0.49023 0.5461033333333334 0.033875 0.026906666666666676
0 0.49104250000000005 0.5710966666666666 0.03475 0.033573333333333344
