0 0.49024999999999996 0.42983333333333335 0.0185 0.036333333333333336
0 0.25225 0.5529999999999999 0.0205 0.03866666666666667
0 0.319875 0.5795 0.03375 0.04033333333333333
0 0.885625 0.5878333333333333 0.02325 0.043
0 0.9153749999999999 0.31983333333333336 0.02375 0.027
0 0.745125 0.3968333333333333 0.01875 0.036333333333333336
0 0.63175 0.5501666666666667 0.02 0.04833333333333333
0 0.1935 0.4086666666666667 0.0335 0.032
0 0.72925 0.41633333333333333 0.031 0.019333333333333334
0 0.016375 0.42666666666666664 0.02725 0.03666666666666667
0 0.770875 0.5495 0.02375 0.047
0 0.349875 0.54 0.02125 0.028
0 0.9275 0.5603333333333333 0.0225 0.03866666666666667
0 0.266625 0.5476666666666666 0.02525 0.04
0 0.417375 0.5509999999999999 0.01825 0.043333333333333335
0 0.476375 0.5121666666666667 0.02225 0.033666666666666664
0 0.137 0.49783333333333335 0.028 0.04033333333333333
0 0.05487499999999999 0.35183333333333333 0.02275 0.030333333333333334
0 0.07800000000000001 0.41783333333333333 0.0165 0.033666666666666664
0 0.6485000000000001 0.474 0.0295 0.030666666666666665
0 0.408625 0.41383333333333333 0.02725 0.033
0 0.806875 0.5111666666666667 0.02525 0.036333333333333336
0 0.61725 0.45466666666666666 0.018 0.037333333333333336
0 0.12525 0.3506666666666667 0.0195 0.018
0 0.29000000000000004 0.48783333333333334 0.037 0.021
0 0.906125 0.584 0.02175 0.04666666666666667
0 0.68875 0.32733333333333337 0.03 0.016666666666666666
0 0.3695 0.5045 0.026 0.043
0 0.331625 0.5378333333333334 0.02425 0.035666666666666666
0 0.14225000000000002 0.5655 0.0205 0.041
0 0.09775 0.5193333333333333 0.025 0.04666666666666667
0 0.240625 0.4066666666666667 0.03075 0.021333333333333333
0 0.15875 0.44649999999999995 0.023 0.03166666666666667
0 0.883125 0.4186666666666667 0.02325 0.029333333333333333
0 0.41350000000000003 0.4545 0.018 0.039
0 0.23325 0.5618333333333333 0.023 0.045
0 0.39775 0.5181666666666667 0.0215 0.03766666666666667
0 0.07975 0.334 0.0265 0.027333333333333334
0 0.701625 0.40349999999999997 0.02675 0.03233333333333333
0 0.061125000000000006 0.5511666666666667 0.02125 0.04833333333333333
0 0.638 0.31266666666666665 0.0275 0.02266666666666667
0 0.420625 0.4211666666666667 0.02275 0.027
0 0.943625 0.32716666666666666 0.01725 0.030333333333333334
0 0.97475 0.3203333333333333 0.0195 0.024666666666666667
0 0.924875 0.5988333333333333 0.02075 0.04566666666666667
0 0.45425 0.43533333333333335 0.0265 0.029333333333333333
0 0.5985 0.4318333333333333 0.0235 0.03966666666666667
0 0.43875000000000003 0.4646666666666667 0.02 0.037333333333333336
0 0.49674999999999997 0.4691666666666667 0.0315 0.035
0 0.495375 0.43883333333333335 0.01925 0.025
0 0.508875 0.45616666666666666 0.02975 0.027
0 0.520375 0.33316666666666667 0.01525 0.033666666666666664
0 0.55975 0.5693333333333334 0.035 0.024666666666666667
0 0.436875 0.4151666666666667 0.01475 0.034333333333333334
0 0.009125 0.4865 0.01825 0.04033333333333333
0 0.6676249999999999 0.5328333333333334 0.01775 0.03966666666666667
0 0.8975000000000001 0.414 0.0215 0.03133333333333333
0 0.67825 0.4131666666666667 0.0195 0.034333333333333334
0 0.87097 0.5794166666666667 0.028059999999999946 0.0515
0 0.21719625 0.47025 0.021607499999999988 0.03283333333333333
0 0.21512499999999998 0.5645 0.02125 0.04766666666666667
0 0.4655 0.4701666666666667 0.019 0.033
0 0.433375 0.5471666666666666 0.01575 0.045
0 0.207125 0.44016666666666665 0.01975 0.03966666666666667
0 0.300625 0.526 0.03025 0.04066666666666666
0 0.15412499999999998 0.4245 0.02275 0.029
0 0.567 0.46166666666666667 0.0185 0.038
0 0.5692499999999999 0.31899999999999995 0.017 0.028666666666666667
0 0.88425 0.5413333333333333 0.021 0.04466666666666667
0 0.958875 0.5463333333333333 0.02875 0.03933333333333333
0 0.20550000000000002 0.47966666666666663 0.0205 0.034666666666666665
0 0.9041250000000001 0.4878333333333333 0.02675 0.025666666666666667
0 0.7046250000000001 0.5695 0.01825 0.044333333333333336
0 0.663875 0.40149999999999997 0.02075 0.035666666666666666
0 0.178875 0.3571666666666667 0.02375 0.027
0 0.774125 0.5151666666666667 0.02975 0.024333333333333332
0 0.058750000000000004 0.4746666666666667 0.0195 0.038
0 0.85975 0.5031666666666667 0.035 0.027666666666666666
0 0.990875 0.534 0.01775 0.036
0 0.62625 0.4053333333333333 0.021 0.03333333333333333
0 0.28250000000000003 0.3586666666666667 0.033 0.016
0 0.15875 0.5576666666666666 0.023 0.042666666666666665
0 0.777375 0.48966666666666664 0.02225 0.03866666666666667
0 0.536375 0.5605 0.02025 0.043
0 0.04525 0.5261666666666667 0.0265 0.041
0 0.483875 0.33566666666666667 0.02825 0.016666666666666666
0 0.6915 0.5003333333333334 0.0305 0.025333333333333333
0 0.600375 0.5589999999999999 0.02175 0.04666666666666667
0 0.881375 0.3135 0.02025 0.029
0 0.017125 0.35966666666666663 0.02525 0.027333333333333334
0 0.29762500000000003 0.45316666666666666 0.02575 0.018333333333333333
0 0.20775000000000002 0.3323333333333333 0.028 0.016
0 0.386875 0.4691666666666667 0.03025 0.026333333333333334
0 0.371875 0.33866666666666667 0.02625 0.014666666666666666
0 0.092875 0.5650000000000001 0.02975 0.036
0 0.74625 0.36433333333333334 0.031 0.019333333333333334
0 0.2865 0.322 0.0295 0.019333333333333334
0 0.721 0.5143333333333333 0.0205 0.04066666666666666
0 0.659625 0.327 0.03375 0.018
0 0.282125 0.5680000000000001 0.02125 0.038
0 0.5543750000000001 0.471 0.03425 0.028666666666666667
0 0.8555 0.5345 0.024 0.021
0 0.3225 0.44399999999999995 0.029 0.02266666666666667
0 0.671125 0.4956666666666667 0.02575 0.034
0 0.717625 0.612 0.02175 0.05466666666666667
0 0.418625 0.32899999999999996 0.02375 0.02266666666666667
0 0.295875 0.5681666666666666 0.02725 0.043
0 0.28550000000000003 0.41083333333333333 0.026 0.04033333333333333
0 0.77125 0.4083333333333333 0.024 0.03866666666666667
0 0.82075 0.4121666666666667 0.028 0.028333333333333332
0 0.2285 0.35083333333333333 0.029 0.02033333333333333
0 0.398125 0.5735 0.02525 0.036333333333333336
0 0.616 0.30533333333333335 0.0215 0.02266666666666667
0 0.47700000000000004 0.40066666666666667 0.02 0.036
0 0.332625 0.32049999999999995 0.01425 0.029666666666666668
0 0.950125 0.4126666666666667 0.02375 0.036
0 0.706875 0.5071666666666667 0.01875 0.034333333333333334
0 0.524375 0.42783333333333334 0.02075 0.035
0 0.609 0.4125 0.019 0.03833333333333333
0 0.744375 0.5283333333333333 0.02275 0.026
0 0.34400000000000003 0.3215 0.016 0.034333333333333334
0 0.8115 0.4716666666666667 0.021 0.03
0 0.767875 0.46299999999999997 0.01725 0.030666666666666665
0 0.26099999999999995 0.4276666666666667 0.0155 0.034
0 0.569875 0.495 0.03325 0.029333333333333333
0 0.9685 0.4225 0.024 0.044333333333333336
0 0.6225 0.5626666666666666 0.0195 0.038
0 0.597375 0.3 0.01875 0.02
0 0.6027499999999999 0.32816666666666666 0.015 0.033666666666666664
0 0.361125 0.46199999999999997 0.02225 0.04066666666666666
0 0.8490000000000001 0.32766666666666666 0.0315 0.017333333333333333
0 0.9851249999999999 0.5018333333333334 0.02375 0.034333333333333334
0 0.413875 0.5038333333333334 0.03375 0.028333333333333332
0 0.720875 0.4633333333333333 0.01875 0.03666666666666667
0 0.343 0.45016666666666666 0.024 0.025666666666666667
0 0.45275 0.4028333333333333 0.018 0.03233333333333333
0 0.07825 0.35900000000000004 0.0305 0.014666666666666666
0 0.518875 0.47733333333333333 0.01975 0.04133333333333333
0 0.5435 0.48450000000000004 0.018 0.037
0 0.732125 0.43283333333333335 0.02825 0.026333333333333334
0 0.10975 0.4415 0.0245 0.03233333333333333
0 0.37162500000000004 0.31916666666666665 0.01675 0.026333333333333334
0 0.6950000000000001 0.3145 0.0275 0.017
0 0.43012500000000004 0.39149999999999996 0.01675 0.03166666666666667
0 0.837 0.5881666666666667 0.016 0.035666666666666666
0 0.982 0.2823333333333333 0.019 0.022
0 0.23663375 0.493 0.035232499999999986 0.03
0 0.04675 0.4483333333333333 0.0195 0.025333333333333333
0 0.14825 0.33949999999999997 0.0145 0.029666666666666668
0 0.40812499999999996 0.383 0.03475 0.02
0 0.18075000000000002 0.5025 0.018 0.049
0 0.456125 0.335 0.02725 0.014666666666666666
0 0.1535 0.49533333333333335 0.0195 0.036
0 0.430875 0.45616666666666666 0.02125 0.033
0 0.6849999999999999 0.44333333333333336 0.0325 0.016
0 0.94975 0.45 0.035 0.03
0 0.094625 0.35200000000000004 0.02175 0.022
0 0.059000000000000004 0.4241666666666667 0.0195 0.025
0 0.622375 0.5073333333333333 0.01725 0.034
0 0.060125000000000005 0.44899999999999995 0.02125 0.030666666666666665
0 0.4895 0.5013333333333333 0.039 0.019333333333333334
0 0.549625 0.4381666666666667 0.01625 0.035
0 0.162375 0.4651666666666667 0.03475 0.027
0 0.7316250000000001 0.5733333333333334 0.01825 0.044
0 0.745125 0.5068333333333334 0.03225 0.023666666666666666
0 0.931875 0.326 0.01925 0.03
0 0.828625 0.45433333333333337 0.02525 0.032
0 0.9446249999999999 0.6026666666666667 0.02575 0.034666666666666665
0 0.5563962499999999 0.506 0.03070749999999998 0.015333333333333332
0 0.26175 0.33866666666666667 0.034 0.017333333333333333
0 0.33812499999999995 0.5111666666666667 0.03775 0.025666666666666667
0 0.7405 0.5585 0.022 0.044333333333333336
0 0.261625 0.4693333333333333 0.02025 0.03266666666666666
0 0.0875 0.4568333333333333 0.0215 0.03166666666666667
0 0.138875 0.3496666666666667 0.01375 0.028
0 0.453625 0.46066666666666667 0.01675 0.034666666666666665
0 0.251875 0.33166666666666667 0.01925 0.014
0 0.825375 0.5093333333333334 0.02275 0.04533333333333334
0 0.964875 0.5278333333333334 0.02125 0.043666666666666666
0 0.51175 0.42033333333333334 0.02 0.03866666666666667
0 0.177875 0.411 0.01475 0.030666666666666665
0 0.8095 0.5923333333333333 0.02 0.048666666666666664
0 0.2534475 0.5171666666666667 0.03610499999999999 0.021
0 0.7513399999999999 0.4698333333333333 0.01732000000000005 0.029
0 0.560625 0.29083333333333333 0.02325 0.011666666666666667
0 0.6721250000000001 0.5866666666666667 0.01825 0.04466666666666667
0 0.0245 0.4555 0.0265 0.025
0 0.68975 0.5515 0.023 0.035666666666666666
0 0.313875 0.40349999999999997 0.01875 0.03166666666666667
0 0.720375 0.5583333333333333 0.01475 0.048
0 0.044375 0.47700000000000004 0.01775 0.03
0 0.740375 0.6898333333333333 0.01725 0.025
0 0.58275 0.30916666666666665 0.0145 0.026333333333333334
0 0.08037499999999999 0.5211666666666667 0.01875 0.04633333333333333
0 0.669 0.4688333333333334 0.016 0.043
0 0.773625 0.44416666666666665 0.03225 0.017
0 0.22075 0.3406666666666667 0.037 0.025333333333333333
0 0.5677500000000001 0.434 0.0175 0.03133333333333333
0 0.0475 0.499 0.016 0.026
0 0.86875 0.313 0.0195 0.024666666666666667
0 0.5935 0.533 0.0325 0.021333333333333333
0 0.043625000000000004 0.5585 0.01825 0.043
0 0.488 0.31633333333333336 0.023 0.018
0 0.40249999999999997 0.48133333333333334 0.0175 0.02
0 0.47175 0.5561666666666667 0.029 0.033666666666666664
0 0.283375 0.5115 0.01925 0.03766666666666667
0 0.607 0.2928333333333333 0.015 0.019666666666666666
0 0.181875 0.46749999999999997 0.02775 0.024333333333333332
0 0.08925 0.477 0.0165 0.03866666666666667
0 0.839875 0.5505 0.04325 0.021
0 0.1425 0.4145 0.0375 0.021666666666666667
0 0.16956625 0.3380833333333333 0.03336750000000001 0.0255
0 0.028249999999999997 0.46499999999999997 0.0185 0.02266666666666667
0 0.9414725 0.49875 0.02855499999999995 0.03716666666666667
0 0.97725 0.5265 0.017 0.04633333333333333
0 0.24969750000000002 0.4555 0.028604999999999988 0.021
0 0.302875 0.5813333333333333 0.01775 0.034666666666666665
0 0.7402500000000001 0.49 0.0335 0.021333333333333333
0 0.23694625000000002 0.4639166666666667 0.033607499999999985 0.022833333333333334
0 0.6829999999999999 0.5811666666666666 0.0205 0.034333333333333334
0 0.8255 0.6021666666666667 0.0175 0.057666666666666665
0 0.007125 0.4605 0.01375 0.023
0 0.9186249999999999 0.4926666666666667 0.02375 0.016666666666666666
0 0.38775 0.5298333333333334 0.0185 0.034333333333333334
0 0.90025 0.4705 0.0365 0.01633333333333333
0 0.006252499999999999 0.41375 0.01325 0.027833333333333335
0 0.031566250000000004 0.4375833333333333 0.041877500000000005 0.028166666666666666
0 0.0045650000000000005 0.44991666666666663 0.010125 0.0225
0 0.02875375 0.4785 0.033752500000000005 0.035333333333333335
0 0.020816249999999998 0.47983333333333333 0.0103775 0.014333333333333333
0 0.025253750000000002 0.49025 0.022752500000000005 0.022833333333333334
0 0.01962875 0.51125 0.017252499999999997 0.0205
0 0.00319 0.47900000000000004 0.005875 0.013666666666666667
0 0.08457125 0.4354166666666667 0.03437750000000001 0.0355
0 0.08425875000000001 0.45325 0.03175250000000001 0.04416666666666667
0 0.06756875 0.486 0.02587749999999999 0.03766666666666667
0 0.07475749999999999 0.49975 0.019 0.03983333333333333
0 0.09844624999999999 0.47675 0.02437750000000001 0.0435
0 0.11388625000000001 0.4715833333333333 0.021252499999999997 0.0405
0 0.11963625 0.47633333333333333 0.013002499999999998 0.032
0 0.13594875 0.4666666666666667 0.026377499999999984 0.035
0 0.057006249999999994 0.5205 0.02375249999999999 0.037
0 0.034005 0.5114166666666666 0.014750000000000003 0.041166666666666664
0 0.029628750000000002 0.5679166666666667 0.0242525 0.0415
0 0.15207625 0.5185000000000001 0.021627499999999997 0.035333333333333335
0 0.16938999999999999 0.49916666666666665 0.01675 0.05266666666666667
0 0.13188624999999998 0.43516666666666665 0.03325249999999998 0.03133333333333333
0 0.13707375 0.44866666666666666 0.033377499999999984 0.022333333333333334
0 0.13863625 0.476 0.031002499999999985 0.043333333333333335
0 0.20126625 0.5008333333333334 0.025502500000000025 0.044
0 0.19539125 0.46975 0.017252500000000025 0.017833333333333333
0 0.23401875 0.43425 0.0310025 0.014833333333333334
0 0.23151875 0.4459166666666667 0.0417525 0.016833333333333332
0 0.23208125 0.4888333333333333 0.0326275 0.03166666666666667
0 0.1685775 0.4105 0.014125 0.03666666666666667
0 0.20808 0.41341666666666665 0.03513000000000002 0.044833333333333336
0 0.2803975 0.45133333333333336 0.02275 0.043
0 0.25870875 0.48991666666666667 0.037627499999999967 0.0395
0 0.2272675 0.5349166666666666 0.01925 0.035166666666666666
0 0.26783375000000004 0.5023333333333333 0.03187749999999997 0.02
0 0.31552499999999994 0.54375 0.0165 0.041166666666666664
0 0.30677375 0.4891666666666667 0.0272525 0.04
0 0.321275 0.49533333333333335 0.01475 0.028
0 0.33302499999999996 0.485 0.0155 0.041666666666666664
0 0.34590124999999994 0.4811666666666667 0.011752499999999997 0.04033333333333333
0 0.30871125 0.4665833333333333 0.0348775 0.0245
0 0.33115125 0.46375 0.0200025 0.027166666666666665
0 0.31033625 0.4598333333333333 0.0421275 0.02033333333333333
0 0.29714749999999995 0.43266666666666664 0.01625 0.028666666666666667
0 0.354965 0.4345833333333334 0.018875 0.030833333333333334
0 0.36927875 0.4718333333333333 0.0330025 0.04733333333333333
0 0.36965374999999995 0.5316666666666667 0.016752499999999997 0.03966666666666667
0 0.37696624999999995 0.4315833333333333 0.017877499999999998 0.03816666666666667
0 0.391155 0.44816666666666666 0.0125 0.025
0 0.391155 0.42725 0.0185 0.03783333333333333
0 0.41140625000000003 0.47683333333333333 0.025752500000000053 0.032
0 0.42778250000000007 0.44558333333333333 0.01975 0.03283333333333333
0 0.38484124999999997 0.40025 0.040127499999999997 0.019833333333333335
0 0.37634124999999996 0.38466666666666666 0.014127499999999998 0.032
0 0.44184625000000005 0.4938333333333333 0.0236275 0.028666666666666667
0 0.44547125000000004 0.5133333333333333 0.0326275 0.025
0 0.39509625000000004 0.5589166666666666 0.0331275 0.05316666666666667
0 0.44941125 0.5455833333333333 0.017752499999999997 0.04683333333333333
0 0.47203875 0.5400833333333334 0.0342525 0.025833333333333333
0 0.4984775 0.55425 0.022625 0.04683333333333333
0 0.4944775 0.5165833333333334 0.025625 0.011833333333333333
0 0.51547875 0.53775 0.014377499999999998 0.0305
0 0.5256675000000001 0.5340833333333334 0.02 0.028833333333333332
0 0.48291375 0.47408333333333336 0.020752499999999997 0.03816666666666667
0 0.47366375000000005 0.436 0.016252499999999996 0.037333333333333336
0 0.5341049999999999 0.5016666666666667 0.018625 0.044
0 0.525355 0.46199999999999997 0.024625 0.03866666666666667
0 0.47566375 0.577 0.020752499999999997 0.047
0 0.53735625 0.44075000000000003 0.01712749999999994 0.030166666666666668
0 0.54216875 0.40991666666666665 0.012752499999999941 0.0265
0 0.5552937499999999 0.4025 0.01925249999999994 0.039
0 0.57698375 0.41183333333333333 0.022877500000000054 0.039
0 0.58823375 0.42675 0.023377500000000054 0.034166666666666665
0 0.58410875 0.4489166666666667 0.025877500000000053 0.021166666666666667
0 0.5945475000000001 0.47383333333333333 0.02825 0.034666666666666665
0 0.59235875 0.5115 0.022127500000000053 0.028
0 0.6098587499999999 0.5076666666666667 0.015127500000000054 0.041666666666666664
0 0.6396737499999999 0.5133333333333333 0.021752499999999942 0.04733333333333333
0 0.6276725000000001 0.479 0.0155 0.03766666666666667
0 0.6081087500000001 0.46825000000000006 0.024377500000000055 0.04083333333333333
0 0.5868574999999999 0.47683333333333333 0.025625 0.042333333333333334
0 0.62923625 0.42758333333333337 0.01862749999999994 0.026833333333333334
0 0.64636125 0.4046666666666667 0.02087749999999994 0.045
0 0.651925 0.443 0.0225 0.03833333333333333
0 0.6522999999999999 0.49291666666666667 0.0185 0.03716666666666667
0 0.64379875 0.5614166666666667 0.01700249999999994 0.0405
0 0.6087962499999999 0.5719166666666667 0.017002500000000056 0.0315
0 0.6543625 0.54525 0.021875 0.05616666666666666
0 0.6783637499999999 0.5368333333333334 0.017877500000000053 0.044333333333333336
0 0.69505375 0.5688333333333334 0.02000249999999994 0.04566666666666667
0 0.68480125 0.46891666666666665 0.021752500000000053 0.03916666666666667
0 0.70230375 0.4776666666666667 0.02125249999999994 0.029
0 0.7311187499999999 0.4725833333333333 0.035877500000000055 0.0445
0 0.764245 0.4331666666666667 0.03813 0.017
0 0.7620575 0.4900833333333333 0.0295 0.03816666666666667
0 0.75224375 0.5472499999999999 0.020127500000000055 0.051166666666666666
0 0.8006225 0.49541666666666667 0.019875 0.05583333333333333
0 0.78830875 0.48075 0.02125249999999994 0.042833333333333334
0 0.7598075000000001 0.5949166666666666 0.0235 0.05316666666666667
0 0.76662 0.5716666666666667 0.024375 0.04666666666666667
0 0.8040612500000001 0.5651666666666667 0.030002500000000053 0.028333333333333332
0 0.8109362499999999 0.5440833333333334 0.014752500000000054 0.017833333333333333
0 0.85068875 0.58475 0.019752500000000055 0.03716666666666667
0 0.83525125 0.5095833333333333 0.029127500000000056 0.05416666666666667
0 0.8284374999999999 0.4766666666666667 0.03025 0.042333333333333334
0 0.85450125 0.48491666666666666 0.043377500000000055 0.030833333333333334
0 0.8673150000000001 0.47600000000000003 0.050754999999999995 0.035
0 0.8928162500000001 0.5104166666666666 0.03675249999999994 0.026833333333333334
0 0.89800625 0.5323333333333333 0.03387750000000005 0.04833333333333333
0 0.88231625 0.44958333333333333 0.035252499999999944 0.025833333333333333
0 0.9413837500000001 0.484 0.03837749999999994 0.036333333333333336
0 0.930945 0.514 0.01925 0.03933333333333333
0 0.92038125 0.5213333333333333 0.021877500000000053 0.04
0 0.929195 0.49025 0.025 0.0435
0 0.9055687499999999 0.5038333333333334 0.016752500000000056 0.013333333333333334
0 0.9521962500000001 0.48541666666666666 0.03425249999999994 0.0415
0 0.96069625 0.4806666666666667 0.029252499999999942 0.043
0 0.94150875 0.56175 0.01887749999999994 0.044833333333333336
0 0.95557125 0.5680833333333333 0.02275249999999994 0.051166666666666666
0 0.993825 0.5599166666666667 0.01175 0.03383333333333333
0 0.9865112500000001 0.486 0.029627500000000053 0.025
0 0.9971375 0.5109166666666667 0.005625 0.0265
0 0.8361262500000001 0.39641666666666664 0.022127500000000053 0.0385
0 0.80574875 0.41733333333333333 0.023627500000000055 0.04
0 0.7894337499999999 0.45066666666666666 0.02475249999999994 0.03266666666666666
0 0.79956125 0.44233333333333336 0.03225250000000005 0.034333333333333334
0 0.77968375 0.38383333333333336 0.02000249999999994 0.033
0 0.98362875 0.34883333333333333 0.03200249999999994 0.02033333333333333
0 0.8612787500000001 0.323125 0.02662749999999994 0.037083333333333336
0 0.51434875 0.31216666666666665 0.0336275 0.017333333333333333
0 0.515785 0.3005 0.025249999999999943 0.013
0 0.5175987500000001 0.29125 0.0268775 0.0235
0 0.50065875 0.3281666666666667 0.03250249999999994 0.017666666666666667
0 0.47690750000000004 0.31775000000000003 0.02575 0.029833333333333333
0 0.46321874999999996 0.3164166666666667 0.020627500000000056 0.023833333333333335
0 0.5467875 0.30333333333333334 0.018 0.029333333333333333
0 0.5507887499999999 0.3165833333333333 0.02525249999999994 0.0325
0 0.35558625 0.33058333333333334 0.0188775 0.0345
0 0.35758625 0.30983333333333335 0.014377499999999998 0.018333333333333333
0 0.17082124999999998 0.34708333333333335 0.0331275 0.020166666666666666
0 0.08825374999999999 0.33949999999999997 0.038502499999999995 0.024333333333333332
0 0.03687375 0.35541666666666666 0.0285025 0.0295
0 0.009810000000000001 0.3603333333333333 0.020125 0.028666666666666667
0 0.0041225 0.3455833333333333 0.00975 0.0205
0 0.618395 0.8155 0.065755 0.044333333333333336
0 0.7153200000000001 0.37862500000000004 0.018 0.039989999999999935
0 0.301995 0.4019183333333333 0.015 0.03765666666666668
