0 0.255 0.20400000000000001 0.01125 0.007
0 0.39573375 0.5952016666666667 0.016842499999999972 0.017403333333333347
0 0.40790750000000003 0.5976 0.023625 0.01219999999999997
0 0.418 0.6024999999999999 0.01925 0.012666666666666666
0 0.35897875 0.6078399999999999 0.012707499999999981 0.02128666666666671
0 0.37354125 0.6092566666666667 0.010167500000000019 0.019839999999999993
0 0.388245 0.6099583333333334 0.01024000000000001 0.020076666666666673
0 0.403125 0.6084166666666667 0.021 0.009833333333333333
0 0.36346375000000003 0.61334 0.01067750000000001 0.02128666666666671
0 0.36511000000000005 0.6253850000000001 0.01088499999999999 0.023830000000000004
0 0.34829125 0.628185 0.02016750000000002 0.0197033333333333
0 0.3151875 0.6120816666666666 0.020875 0.01449666666666667
0 0.345385 0.61264 0.014519999999999983 0.01705333333333336
0 0.34591625 0.6204733333333333 0.01758249999999998 0.023386666666666694
0 0.33050625 0.6276799999999999 0.02007249999999999 0.017539999999999965
0 0.31401625 0.634845 0.014407500000000028 0.020616666666666714
0 0.3115525 0.6499116666666667 0.02048000000000002 0.021176666666666656
0 0.3789275 0.6112299999999999 0.01025 0.0199533333333333
0 0.40440125 0.6154299999999999 0.026387500000000046 0.010526666666666643
0 0.31175 0.6206216666666667 0.021375 0.01624333333333334
0 0.30424999999999996 0.6241216666666667 0.01425 0.015910000000000007
0 0.30315624999999996 0.6403233333333334 0.0186875 0.023160000000000007
0 0.408485 0.6226916666666666 0.02322000000000003 0.014330000000000002
0 0.28072375 0.6263700000000001 0.012782500000000026 0.01774000000000001
0 0.292755 0.6245133333333334 0.01615499999999997 0.01428666666666671
0 0.3721925 0.6267816666666667 0.010220000000000028 0.019203333333333374
0 0.3885575 0.6258733333333334 0.02636500000000001 0.016586666666666663
0 0.418125 0.62708 0.018 0.01782666666666667
0 0.2633175 0.6356666666666666 0.02038499999999999 0.021
0 0.451595 0.6383283333333333 0.0105 0.02632333333333334
0 0.42389 0.634 0.012029999999999973 0.01633333333333333
0 0.27121375000000003 0.6372816666666667 0.018532500000000028 0.02207666666666667
0 0.35389625 0.6369866666666666 0.0095625 0.021786666666666708
0 0.34971874999999997 0.6594949999999999 0.0213125 0.030423333333333327
0 0.38782249999999996 0.6313133333333333 0.02025 0.009580000000000003
0 0.46145875000000003 0.63852 0.0138125 0.027326666666666673
0 0.28175 0.6381666666666667 0.01875 0.020666666666666667
0 0.28746875 0.6427816666666667 0.0184375 0.027243333333333338
0 0.2959375 0.6388233333333334 0.018625 0.027160000000000007
0 0.299115 0.6566666666666667 0.02748000000000002 0.011666666666666667
0 0.36175999999999997 0.63659 0.0105 0.015413333333333336
0 0.39670875000000005 0.63912 0.01883249999999998 0.014573333333333343
0 0.38693249999999996 0.6415683333333334 0.018470000000000028 0.01600999999999999
0 0.409255 0.6540066666666667 0.011759999999999991 0.030346666666666654
0 0.38579625 0.64803 0.010322499999999991 0.01493999999999998
0 0.34541625 0.6422416666666667 0.009582499999999982 0.01949666666666667
0 0.41427125 0.6429116666666665 0.0093125 0.017410000000000005
0 0.37443750000000003 0.6424166666666667 0.013125 0.0135
0 0.33351 0.6499133333333333 0.01776999999999998 0.02650666666666666
0 0.33348500000000003 0.6631466666666667 0.024404999999999972 0.024033333333333302
0 0.36435875 0.6503099999999999 0.013052500000000009 0.023439999999999978
0 0.42293749999999997 0.648745 0.021125 0.01974333333333334
0 0.4000425 0.66185 0.010875 0.03624000000000001
0 0.36931749999999997 0.6614733333333332 0.013279999999999972 0.03676666666666665
0 0.4281875 0.6607433333333333 0.017875 0.02899333333333334
0 0.32227125 0.6586983333333333 0.010207499999999982 0.018396666666666686
0 0.37977625000000004 0.6605233333333334 0.009802500000000009 0.023119999999999967
0 0.38815625 0.6673633333333333 0.01616750000000002 0.03760666666666664
0 0.418235 0.6626233333333333 0.020720000000000027 0.02375333333333333
0 0.35934375 0.670015 0.015457499999999982 0.029549999999999955
0 0.30439625 0.6647 0.02904250000000002 0.014933333333333318
0 0.34784875 0.6816616666666666 0.01344749999999999 0.0331566666666666
0 0.33715125 0.6822283333333333 0.01205250000000001 0.029876666666666704
0 0.30887499999999996 0.6788333333333334 0.0205 0.015333333333333332
0 0.4689375 0.6907850000000001 0.016625 0.028816666666666605
0 0.36236500000000005 0.6929383333333333 0.018914999999999963 0.025789999999999962
0 0.38128625 0.6968333333333334 0.01332249999999999 0.029333333333333333
0 0.446985 0.6977650000000001 0.012720000000000026 0.03251666666666673
0 0.50575 0.6968716666666667 0.01375 0.027410000000000007
0 0.34900000000000003 0.6963516666666667 0.01975 0.022296666666666624
0 0.42334375 0.6969383333333334 0.0139375 0.02554333333333337
0 0.40114625 0.708915 0.0133125 0.03816333333333326
0 0.43134874999999995 0.7031366666666667 0.010447499999999992 0.02727333333333339
0 0.6217812500000001 0.7033333333333333 0.0136875 0.027
0 0.58953625 0.7033149999999999 0.012322499999999991 0.028703333333333376
0 0.59991625 0.7048766666666667 0.0138125 0.030993333333333338
0 0.43797375 0.7060533333333333 0.008802500000000008 0.030440000000000054
0 0.45188999999999996 0.70915 0.020529999999999972 0.028160000000000004
0 0.458625 0.7159749999999999 0.024375 0.023783333333333302
0 0.4394375 0.7308816666666667 0.014875 0.036963333333333445
0 0.6110000000000001 0.705 0.01025 0.027
0 0.63775 0.700755 0.01825 0.016510000000000066
0 0.64071875 0.7183200000000001 0.0168125 0.02411999999999989
0 0.64298375 0.7308399999999999 0.016157500000000026 0.04207333333333342
0 0.4127075 0.7086266666666667 0.011125 0.032239999999999935
0 0.48576625 0.71234 0.013157500000000027 0.03340666666666675
0 0.6554375 0.7080399999999999 0.012625 0.02558666666666674
0 0.39266125 0.710915 0.01584249999999997 0.02816333333333326
0 0.39064 0.722955 0.023470000000000026 0.027756666666666662
0 0.6825 0.7079733333333332 0.01525 0.026953333333333374
0 0.52136 0.708375 0.021470000000000027 0.02266333333333326
0 0.5178125 0.7196416666666666 0.0215 0.026790000000000116
0 0.3216975 0.7135833333333333 0.01875 0.03346666666666655
0 0.36578125 0.7121416666666667 0.0228125 0.029116666666666638
0 0.49714 0.7115349999999999 0.011779999999999973 0.03557666666666667
0 0.6687649999999999 0.7117216666666667 0.014029999999999973 0.027783333333333455
0 0.290615 0.7100150000000001 0.02848000000000002 0.019030000000000047
0 0.5670575 0.7090966666666666 0.02186500000000001 0.01880666666666669
0 0.6921975 0.7169483333333333 0.020875 0.0286566666666666
0 0.71799 0.712925 0.027644999999999982 0.023149999999999938
0 0.73120875 0.7108816666666666 0.027167500000000018 0.014763333333333321
0 0.70821875 0.7201716666666667 0.0273125 0.013983333333333273
0 0.75345875 0.7167066666666666 0.02366750000000002 0.025746666666666595
0 0.42145249999999995 0.7203050000000001 0.015154999999999972 0.0371233333333333
0 0.47662499999999997 0.724 0.0125 0.036333333333333336
0 0.628 0.7207883333333334 0.015375 0.03675666666666666
0 0.54622375 0.7192816666666667 0.014967499999999972 0.026230000000000017
0 0.30745875000000006 0.7217166666666666 0.014042500000000019 0.031953333333333375
0 0.7726875000000001 0.7282433333333334 0.029125 0.04282000000000001
0 0.33078250000000003 0.72666 0.015375 0.03799333333333334
0 0.6059374999999999 0.7145366666666666 0.013315000000000054 0.01591333333333341
0 0.61103125 0.738995 0.0223125 0.03567666666666673
0 0.5108750000000001 0.727805 0.018809999999999945 0.0361233333333333
0 0.7901100000000001 0.7258466666666666 0.023470000000000026 0.03070666666666663
0 0.377625 0.7255 0.0145 0.027333333333333334
0 0.3879225 0.741065 0.014595000000000028 0.02676333333333332
0 0.66137 0.73175 0.01150999999999999 0.04422666666666676
0 0.58835375 0.7331333333333333 0.012957499999999981 0.04046000000000004
0 0.7830925 0.7302233333333332 0.019875 0.033533333333333304
0 0.46325 0.731305 0.017559999999999944 0.03569666666666672
0 0.4878125 0.7314133333333334 0.017125 0.03817333333333333
0 0.5586875 0.7354716666666666 0.013125 0.04503666666666656
0 0.74390625 0.7314016666666667 0.019977499999999964 0.03286333333333338
0 0.3503225 0.7298833333333333 0.01839499999999998 0.027433333333333393
0 0.59765625 0.7334999999999999 0.0100625 0.034666666666666665
0 0.7529275000000001 0.73146 0.02075 0.033533333333333304
0 0.42798500000000006 0.7317483333333333 0.015720000000000026 0.030836666666666738
0 0.36251625000000004 0.7364350000000001 0.017157500000000027 0.03520333333333338
0 0.36203625 0.7532833333333334 0.01482249999999999 0.034866666666666636
0 0.6215937500000001 0.7331616666666666 0.0165625 0.03401000000000007
0 0.5798424999999999 0.7348716666666667 0.012125 0.03125666666666666
0 0.277115 0.7358333333333333 0.01698000000000002 0.030666666666666665
0 0.6853750000000001 0.7374266666666666 0.024190000000000055 0.037953333333333374
0 0.30945875 0.7800583333333333 0.02066750000000002 0.05155000000000003
0 0.6533800000000001 0.7362766666666666 0.011845000000000027 0.03544666666666672
0 0.2849275 0.7384999999999999 0.016894999999999983 0.030666666666666665
0 0.5011875 0.740745 0.015625 0.037510000000000064
0 0.5294325 0.7321633333333333 0.01874000000000001 0.01799333333333334
0 0.770375 0.737 0.018 0.028333333333333332
0 0.5341662500000001 0.7365183333333334 0.023582499999999982 0.02596333333333329
0 0.71840625 0.7321816666666667 0.0314375 0.01795666666666663
0 0.6986562500000001 0.7422066666666667 0.0164375 0.033920000000000075
0 0.37424375 0.7405316666666667 0.015427500000000009 0.031423333333333324
0 0.7398275000000001 0.7396866666666666 0.01590499999999997 0.03176666666666673
0 0.29339625 0.7426600000000001 0.016457499999999983 0.03434666666666666
0 0.4502025 0.7398166666666667 0.020654999999999972 0.028559999999999947
0 0.6672025 0.7421433333333334 0.020404999999999972 0.03337999999999996
0 0.3475 0.7425 0.01325 0.025333333333333333
0 0.543 0.7465183333333334 0.016309999999999946 0.02996333333333329
0 0.34017749999999997 0.74805 0.0165 0.03349333333333334
0 0.6763125000000001 0.7525366666666666 0.025815000000000053 0.038739999999999934
0 0.50803125 0.7536366666666666 0.0170625 0.04694666666666671
0 0.30000000000000004 0.7503333333333334 0.01675 0.025666666666666667
0 0.30131875 0.7572616666666667 0.02205250000000001 0.0407833333333333
0 0.5519375 0.754845 0.016315000000000055 0.03703666666666671
0 0.526 0.7703333333333333 0.01675 0.03766666666666667
0 0.3730725 0.7630383333333334 0.030664999999999963 0.017589999999999995
0 0.34713999999999995 0.7722416666666667 0.017529999999999973 0.035910000000000004
0 0.404 0.816185 0.03225 0.03257666666666667
0 0.5816250000000001 0.8342283333333333 0.03 0.029876666666666704
0 0.38196874999999997 0.87123 0.0403125 0.04182000000000001
0 0.33213625 0.6134533333333333 0.0195625 0.01574666666666667
0 0.33069875000000004 0.6199933333333333 0.0224375 0.020160000000000008
0 0.32638625 0.6419866666666667 0.0210625 0.020826666666666674
0 0.33148 0.641155 0.014625 0.01749666666666667
0 0.40141125 0.6347266666666667 0.017032500000000027 0.010540000000000039
0 0.4350625 0.6389733333333334 0.012434999999999946 0.02886666666666671
0 0.4431875 0.6381183333333333 0.01125 0.027910000000000008
0 0.31729124999999997 0.74555 0.014542500000000019 0.04107333333333342
0 0.33296375 0.7403516666666665 0.020262500000000044 0.04855666666666669
0 0.5282300000000001 0.6979099999999999 0.0315 0.024326666666666674
0 0.5374375 0.71414 0.017539999999999965 0.020359999999999975
0 0.57059375 0.7367333333333334 0.0154375 0.03532666666666667
0 0.57404625 0.7144933333333332 0.024717499999999972 0.02182666666666667
0 0.71471875 0.7363649999999999 0.0348125 0.02157666666666667
0 0.7205 0.752195 0.03 0.018910000000000007
