0 0.47237500000000004 0.37033333333333335 0.01775 0.027333333333333334
0 0.7357499999999999 0.6356666666666667 0.033 0.026
0 0.21525000000000002 0.6478333333333334 0.027 0.03833333333333333
0 0.3055 0.6255 0.024 0.03833333333333333
0 0.801875 0.6625 0.01825 0.04633333333333333
0 0.707 0.6626666666666666 0.022 0.05266666666666667
0 0.22299999999999998 0.6678616666666667 0.0365 0.03760999999999998
0 0.656 0.38066666666666665 0.0105 0.024
0 0.53875 0.33416666666666667 0.011 0.023666666666666666
0 0.4175 0.6718333333333333 0.02 0.045
0 0.384875 0.5523333333333333 0.01575 0.032
0 0.52225 0.5341666666666667 0.0145 0.035
0 0.699125 0.5958333333333333 0.02175 0.04033333333333333
0 0.294 0.5273333333333334 0.0205 0.03933333333333333
0 0.442 0.653 0.0295 0.030666666666666665
0 0.395625 0.5933333333333334 0.02175 0.032
0 0.745625 0.6015 0.03275 0.022333333333333334
0 0.377 0.5333333333333333 0.023 0.012666666666666666
0 0.42525 0.5365 0.026 0.028333333333333332
0 0.17900000000000002 0.6586666666666667 0.0185 0.04133333333333333
0 0.892375 0.588 0.02125 0.034666666666666665
0 0.231375 0.5950000000000001 0.01925 0.035333333333333335
0 0.3175 0.4703333333333333 0.0175 0.03266666666666666
0 0.336 0.38716666666666666 0.024 0.021
0 0.495375 0.314 0.01425 0.018
0 0.698875 0.4765 0.02225 0.03766666666666667
0 0.5295000000000001 0.334 0.0095 0.024
0 0.19725 0.5521666666666667 0.023 0.027666666666666666
0 0.332375 0.4726666666666666 0.01825 0.028666666666666667
0 0.34887500000000005 0.6553333333333333 0.01775 0.04133333333333333
0 0.573875 0.4513333333333333 0.01625 0.03333333333333333
0 0.508625 0.6565 0.01975 0.04633333333333333
0 0.65475 0.5955 0.018 0.03833333333333333
0 0.131125 0.533 0.01325 0.035333333333333335
0 0.558125 0.5356666666666666 0.02675 0.02266666666666667
0 0.448125 0.45366666666666666 0.02075 0.04533333333333334
0 0.432375 0.38216666666666665 0.01175 0.01633333333333333
0 0.1635 0.6548333333333334 0.0135 0.03833333333333333
0 0.12562500000000001 0.5818333333333333 0.01775 0.035
0 0.878 0.5505 0.017 0.029
0 0.06125 0.5483333333333333 0.019 0.017333333333333333
0 0.6078749999999999 0.6153333333333333 0.01925 0.042666666666666665
0 0.8412499999999999 0.5756666666666667 0.0185 0.042666666666666665
0 0.48475 0.5403333333333333 0.029 0.021333333333333333
0 0.658375 0.5093333333333333 0.02025 0.02666666666666667
0 0.29625 0.668 0.019 0.04666666666666667
0 0.807625 0.623 0.01325 0.04
0 0.334875 0.6545000000000001 0.01625 0.03966666666666667
0 0.7208749999999999 0.4776666666666667 0.01575 0.034
0 0.013999999999999999 0.5806666666666667 0.015 0.035333333333333335
0 0.74735375 0.644155 0.03579250000000002 0.04097666666666669
0 0.474875 0.39616666666666667 0.02225 0.024333333333333332
0 0.61975 0.37433333333333335 0.02 0.032
0 0.220375 0.4911666666666667 0.01375 0.035
0 0.5972500000000001 0.6368333333333334 0.0235 0.034333333333333334
0 0.671 0.39283333333333337 0.0255 0.021666666666666667
0 0.178625 0.5445 0.02025 0.019
0 0.645625 0.5076666666666666 0.02575 0.024
0 0.8452500000000001 0.6071666666666666 0.026 0.024333333333333332
0 0.43625 0.36866666666666664 0.019 0.027333333333333334
0 0.047 0.58 0.0225 0.048666666666666664
0 0.262625 0.66 0.02025 0.04466666666666667
0 0.9548749999999999 0.5948333333333333 0.02575 0.022333333333333334
0 0.8175 0.6631666666666667 0.0225 0.039
0 0.173375 0.6211666666666666 0.02775 0.026333333333333334
0 0.5085 0.37866666666666665 0.025 0.017333333333333333
0 0.4445 0.5568333333333333 0.0315 0.021
0 0.616 0.3903333333333333 0.0225 0.03266666666666666
0 0.27587500000000004 0.529 0.02475 0.036
0 0.430625 0.7051666666666667 0.02225 0.03966666666666667
0 0.7899999999999999 0.6278333333333332 0.025 0.037
0 0.240375 0.663 0.02525 0.038
0 0.37362500000000004 0.6441666666666667 0.01975 0.03966666666666667
0 0.308 0.4851666666666667 0.0135 0.033
0 0.58075 0.3656666666666667 0.0215 0.02
0 0.284125 0.6665 0.02325 0.05433333333333333
0 0.358625 0.41283333333333333 0.01875 0.034333333333333334
0 0.110125 0.5176666666666667 0.02175 0.029333333333333333
0 0.031 0.6769999999999999 0.0365 0.02266666666666667
0 0.676875 0.4878333333333333 0.01925 0.033666666666666664
0 0.7558750000000001 0.6763333333333333 0.02875 0.030666666666666665
0 0.5593750000000001 0.4413333333333333 0.02425 0.021333333333333333
0 0.5245000000000001 0.44766666666666666 0.0255 0.017333333333333333
0 0.6597500000000001 0.6476666666666667 0.0135 0.044
0 0.3765 0.466 0.0175 0.04133333333333333
0 0.406 0.5033333333333333 0.014 0.034666666666666665
0 0.545875 0.42133333333333334 0.01375 0.035333333333333335
0 0.7751250000000001 0.5658333333333333 0.01475 0.041
0 0.53325 0.37 0.011 0.029333333333333333
0 0.12875 0.6021666666666667 0.033 0.03766666666666667
0 0.6475000000000001 0.34900000000000003 0.0255 0.018
0 0.5476249999999999 0.38083333333333336 0.01575 0.021666666666666667
0 0.325125 0.43600000000000005 0.02725 0.02266666666666667
0 0.7118749999999999 0.5626666666666666 0.02975 0.016
0 0.591875 0.45899999999999996 0.02625 0.019333333333333334
0 0.32499999999999996 0.515 0.0175 0.034666666666666665
0 0.45254125 0.35984 0.015082499999999981 0.02501333333333332
0 0.08124999999999999 0.595 0.021 0.04
0 0.3815 0.5 0.018 0.03333333333333333
0 0.297625 0.48200000000000004 0.01325 0.034
0 0.8576037499999999 0.5765 0.024707499999999983 0.053
0 0.54 0.6571666666666667 0.0195 0.041666666666666664
0 0.5655 0.4036666666666667 0.0135 0.036
0 0.5261250000000001 0.6426666666666666 0.02275 0.03666666666666667
0 0.512375 0.4026666666666667 0.02775 0.016
0 0.425125 0.6843333333333333 0.02325 0.034666666666666665
0 0.139375 0.5478333333333333 0.01875 0.030333333333333334
0 0.3375 0.5111666666666667 0.015 0.03833333333333333
0 0.6657500000000001 0.5941666666666666 0.02 0.041
0 0.119125 0.558 0.02175 0.024
0 0.6469999999999999 0.47783333333333333 0.019 0.029
0 0.3775 0.37216666666666665 0.012 0.023666666666666666
0 0.46449999999999997 0.5361666666666667 0.0155 0.027666666666666666
0 0.406625 0.3743333333333333 0.01075 0.024666666666666667
0 0.3655 0.5111666666666667 0.0185 0.030333333333333334
0 0.21675 0.5645 0.0255 0.024333333333333332
0 0.493375 0.522 0.01825 0.034
0 0.67275 0.541 0.027 0.015333333333333332
0 0.4255 0.5573333333333333 0.019 0.03133333333333333
0 0.394625 0.5446666666666667 0.01375 0.037333333333333336
0 0.35150000000000003 0.3978333333333333 0.017 0.030333333333333334
0 0.681625 0.517 0.01325 0.028
0 0.0735 0.6541666666666667 0.019 0.04766666666666667
0 0.159625 0.5091666666666667 0.01425 0.030333333333333334
0 0.21225 0.5546666666666666 0.0115 0.024666666666666667
0 0.287625 0.5888333333333333 0.02675 0.036333333333333336
0 0.595125 0.668 0.03175 0.027333333333333334
0 0.26925 0.504 0.0195 0.02666666666666667
0 0.779375 0.6261666666666666 0.01825 0.037
0 0.4815 0.3666666666666667 0.019 0.024
0 0.858 0.5326666666666667 0.0125 0.023333333333333334
0 0.568125 0.5691666666666667 0.03075 0.021666666666666667
0 0.210875 0.5033333333333333 0.01675 0.024666666666666667
0 0.502375 0.34833333333333333 0.02075 0.02666666666666667
0 0.644625 0.5275 0.02275 0.02033333333333333
0 0.3705 0.6076666666666667 0.015 0.04066666666666666
0 0.517875 0.4865 0.02575 0.031
0 0.631375 0.6198333333333333 0.01725 0.049666666666666665
0 0.029375 0.5776666666666667 0.01775 0.04066666666666666
0 0.5495 0.34450000000000003 0.02 0.021
0 0.450875 0.3726666666666667 0.02275 0.02266666666666667
0 0.837375 0.6458333333333334 0.03125 0.024333333333333332
0 0.351625 0.6806666666666666 0.02825 0.016
0 0.425375 0.3793333333333333 0.01175 0.021333333333333333
0 0.554125 0.6719999999999999 0.01875 0.03933333333333333
0 0.46387500000000004 0.5231666666666667 0.02275 0.029666666666666668
0 0.37325 0.5548333333333333 0.016 0.035
0 0.147625 0.5126666666666667 0.01525 0.022
0 0.625365 0.3400016666666667 0.014230000000000019 0.02200333333333333
0 0.505125 0.5121666666666667 0.02925 0.027
0 0.01225 0.5498333333333333 0.024 0.022333333333333334
0 0.63 0.48233333333333334 0.015 0.042666666666666665
0 0.201375 0.5636666666666666 0.01425 0.03266666666666666
0 0.59875 0.41866666666666663 0.0235 0.02666666666666667
0 0.056875 0.6556666666666666 0.01975 0.05266666666666667
0 0.730875 0.5488333333333334 0.02225 0.033666666666666664
0 0.35925 0.6970000000000001 0.033 0.021333333333333333
0 0.5677500000000001 0.3725 0.0135 0.027666666666666666
0 0.480875 0.4038333333333333 0.01725 0.027
0 0.171125 0.5015 0.01675 0.027
0 0.57 0.588 0.023 0.036
0 0.560375 0.5228333333333334 0.02525 0.013666666666666667
0 0.21225000000000002 0.594 0.0235 0.04
0 0.38175 0.394 0.0215 0.021333333333333333
0 0.44925 0.523 0.015 0.030666666666666665
0 0.538 0.35966666666666663 0.014 0.023333333333333334
0 0.58725 0.3315 0.012 0.019666666666666666
0 0.481875 0.5626666666666668 0.01975 0.03333333333333333
0 0.225625 0.5366666666666666 0.01525 0.03866666666666667
0 0.646625 0.5593333333333333 0.01425 0.036
0 0.827125 0.5271666666666667 0.02525 0.02033333333333333
0 0.663875 0.47483333333333333 0.01275 0.035666666666666666
0 0.5792499999999999 0.3271666666666667 0.0085 0.019666666666666666
0 0.516625 0.3545 0.00925 0.024333333333333332
0 0.394 0.36350000000000005 0.014 0.017666666666666667
0 0.099125 0.6456666666666666 0.02825 0.043333333333333335
0 0.93325 0.581 0.0185 0.03866666666666667
0 0.30874999999999997 0.6758333333333333 0.0135 0.051
0 0.625 0.5615 0.0195 0.053
0 0.1915 0.5075 0.0235 0.017666666666666667
0 0.7971250000000001 0.8246666666666667 0.01825 0.019333333333333334
0 0.542375 0.5315 0.01425 0.042333333333333334
0 0.15587499999999999 0.6213333333333334 0.01975 0.03333333333333333
0 0.717125 0.5444166666666667 0.01375 0.035833333333333335
0 0.64775 0.37333333333333335 0.0155 0.023333333333333334
0 0.7775000000000001 0.5356666666666667 0.0155 0.032
0 0.6325000000000001 0.5318333333333334 0.026 0.013666666666666667
0 0.30662500000000004 0.5886666666666667 0.02175 0.04066666666666666
0 0.31425000000000003 0.5986666666666667 0.03 0.032
0 0.6075 0.5441666666666666 0.0155 0.041
0 0.75025 0.5096666666666667 0.0205 0.013333333333333334
0 0.6345 0.5436666666666667 0.0285 0.017333333333333333
0 0.691625 0.5408333333333333 0.01525 0.03833333333333333
0 0.432375 0.39866666666666667 0.02275 0.018
0 0.225625 0.8136666666666668 0.01525 0.023333333333333334
0 0.3845 0.615 0.018 0.05266666666666667
0 0.08124999999999999 0.5701666666666666 0.019 0.039
0 0.37912500000000005 0.5213333333333334 0.02475 0.017333333333333333
0 0.6585000000000001 0.8523333333333333 0.0155 0.02266666666666667
0 0.59 0.5316666666666667 0.015 0.034
0 0.5225 0.7195 0.0365 0.027666666666666666
0 0.45025 0.47250000000000003 0.0285 0.027
0 0.32425 0.6195 0.0155 0.036333333333333336
0 0.504125 0.6953333333333334 0.02675 0.02666666666666667
0 0.2 0.5258333333333334 0.011 0.026333333333333334
0 0.523375 0.36566666666666664 0.01025 0.027333333333333334
0 0.465 0.5585 0.014 0.042333333333333334
0 0.603625 0.331 0.01475 0.019333333333333334
0 0.768125 0.535 0.01175 0.03266666666666666
0 0.617375 0.3561666666666667 0.02125 0.011
0 0.81975 0.6325 0.017 0.04633333333333333
0 0.7102499999999999 0.5151666666666667 0.0145 0.035666666666666666
0 0.825125 0.549 0.02975 0.018
0 0.563375 0.5519999999999999 0.03225 0.016666666666666666
0 0.139625 0.668 0.01575 0.05
0 0.5663750000000001 0.3496666666666667 0.01625 0.023333333333333334
0 0.24737499999999998 0.5346666666666667 0.01325 0.035333333333333335
0 0.692375 0.5056666666666667 0.01375 0.034666666666666665
0 0.5988749999999999 0.37116666666666664 0.02175 0.010333333333333333
0 0.43574999999999997 0.624 0.0145 0.04733333333333333
0 0.5865 0.40549999999999997 0.0135 0.027666666666666666
0 0.519375 0.3905 0.03275 0.018333333333333333
0 0.026625000000000003 0.5545 0.02925 0.022333333333333334
0 0.647875 0.36033333333333334 0.02375 0.015333333333333332
0 0.66775 0.527 0.027 0.013333333333333334
0 0.22175 0.5225 0.0145 0.033
0 0.641875 0.4958333333333333 0.02375 0.008333333333333333
0 0.60775 0.45516666666666666 0.014 0.034333333333333334
0 0.582875 0.3453333333333333 0.02425 0.012
0 0.61125 0.349 0.0265 0.011333333333333334
0 0.51525 0.33849999999999997 0.012 0.01633333333333333
0 0.504625 0.335 0.01775 0.016
0 0.570375 0.33016666666666666 0.00925 0.02033333333333333
0 0.0021275 0.583385 0.00975 0.03599000000000001
0 0.0315025 0.5647233333333334 0.028499999999999998 0.036660000000000005
0 0.04519 0.5638066666666668 0.019625 0.04048666666666668
0 0.0571275 0.5753883333333334 0.01975 0.041990000000000006
0 0.0700025 0.5716383333333334 0.018 0.04082333333333334
0 0.08143875 0.5390633333333333 0.022872500000000004 0.024660000000000005
0 0.08812625 0.5440616666666667 0.0192475 0.03132333333333334
0 0.0991875 0.5462283333333333 0.014125 0.034323333333333345
0 0.10918749999999999 0.5408116666666667 0.011625 0.03582333333333334
0 0.1200625 0.5299816666666667 0.012375 0.033490000000000006
0 0.1391875 0.5225666666666667 0.016125 0.026993333333333338
0 0.15475 0.536065 0.022 0.035323333333333345
0 0.09643750000000001 0.5730533333333334 0.022125 0.023326666666666673
0 0.11056250000000001 0.5743050000000001 0.019375 0.033823333333333344
0 0.08637625 0.528565 0.025247500000000003 0.014330000000000002
0 0.16175 0.5294833333333333 0.0255 0.03249333333333334
0 0.1489375 0.5618083333333334 0.029125 0.035156666666666676
0 0.1578125 0.5610583333333333 0.024625 0.03599000000000001
0 0.162 0.5766366666666667 0.023 0.046820000000000014
0 0.176 0.5652216666666666 0.01775 0.03832333333333334
0 0.1728125 0.5848016666666667 0.024125 0.033823333333333344
0 0.188125 0.5869666666666667 0.01825 0.047153333333333346
0 0.201875 0.5937150000000001 0.02125 0.041323333333333344
0 0.199625 0.6405366666666666 0.02025 0.03499333333333334
0 0.223 0.6029633333333333 0.02 0.036493333333333336
0 0.23325 0.5636399999999999 0.017 0.03282666666666667
0 0.23693750000000002 0.542395 0.017375 0.03799000000000001
0 0.11549999999999999 0.6375366666666666 0.0225 0.029660000000000006
0 0.123625 0.6438683333333333 0.0305 0.042323333333333345
0 0.1416875 0.6063783333333332 0.017875 0.03498999999999993
0 0.16225 0.6068800000000001 0.0175 0.02499333333333334
0 0.1243125 0.6800433333333333 0.016875 0.045986666666666676
0 0.123 0.662275 0.0305 0.04382333333333334
0 0.14753125 0.6406149999999999 0.0200625 0.03632333333333334
0 0.1531875 0.6754383333333334 0.016125 0.04049000000000008
0 0.2308125 0.6364766666666667 0.016125 0.04415333333333334
0 0.2438125 0.6315616666666667 0.018875 0.04032333333333334
0 0.30075 0.8157283333333334 0.0395 0.03399000000000008
0 0.32937500000000003 0.7885683333333333 0.01975 0.028990000000000085
0 0.274125 0.6437733333333333 0.01875 0.04532000000000001
0 0.32725 0.6882616666666667 0.0235 0.04365666666666668
0 0.17962499999999998 0.5230666666666667 0.01225 0.02999333333333334
0 0.1913125 0.5298133333333334 0.015125 0.028826666666666674
0 0.2105625 0.5286483333333334 0.012875 0.03282333333333334
0 0.2295625 0.5017383333333334 0.009125 0.03165666666666667
0 0.2001875 0.49299166666666666 0.026875 0.014830000000000003
0 0.238375 0.49090666666666666 0.01225 0.026993333333333338
0 0.239375 0.5138183333333334 0.01275 0.022163333333333337
0 0.2516875 0.5190666666666667 0.011125 0.03132666666666667
0 0.24906250000000002 0.49099166666666666 0.011375 0.03282333333333334
0 0.258125 0.48974166666666663 0.0135 0.03199000000000001
0 0.26249999999999996 0.5188183333333334 0.0145 0.03549000000000001
0 0.26225 0.549475 0.0225 0.03715666666666668
0 0.24350000000000002 0.5672216666666667 0.0245 0.04299000000000001
0 0.244625 0.59838 0.0165 0.04865333333333327
0 0.25787499999999997 0.59338 0.01325 0.0479866666666666
0 0.2669375 0.5843833333333334 0.016875 0.045986666666666676
0 0.2786875 0.5843833333333334 0.021875 0.05098666666666668
0 0.28187500000000004 0.5363116666666667 0.01575 0.041490000000000006
0 0.28768750000000004 0.6121266666666667 0.019375 0.0474866666666666
0 0.273125 0.48422833333333337 0.0155 0.03765666666666668
0 0.2848125 0.4919766666666667 0.014125 0.04148666666666668
0 0.30481250000000004 0.538965 0.018375 0.041823333333333344
0 0.31425000000000003 0.5244683333333334 0.014 0.03882333333333334
0 0.31975000000000003 0.5478783333333332 0.022 0.040989999999999936
0 0.34525 0.5427966666666667 0.033 0.02849333333333334
0 0.34609375 0.5537733333333333 0.0296875 0.027826666666666673
0 0.322 0.5709616666666666 0.02375 0.0411566666666666
0 0.3331875 0.5902083333333332 0.020625 0.05498333333333327
0 0.360125 0.5851283333333334 0.01825 0.038489999999999934
0 0.346875 0.5807983333333334 0.01225 0.03549000000000001
0 0.34331249999999996 0.61737 0.016875 0.04831999999999994
0 0.35662499999999997 0.6242866666666667 0.01725 0.0484866666666666
0 0.36731250000000004 0.5698833333333333 0.016375 0.03266000000000001
0 0.39299999999999996 0.5713 0.0305 0.03182666666666667
0 0.401125 0.6289516666666667 0.01625 0.04082333333333334
0 0.42024999999999996 0.6278683333333333 0.0195 0.03965666666666667
0 0.416625 0.5961266666666667 0.021 0.04015333333333327
0 0.41100000000000003 0.5648850000000001 0.013 0.041656666666666675
0 0.371 0.66529 0.0375 0.041819999999999934
0 0.32175 0.6657949999999999 0.017 0.0491566666666666
0 0.4489375 0.666465 0.025125 0.04582333333333334
0 0.405 0.6681316666666667 0.018 0.042156666666666676
0 0.389625 0.643555 0.01375 0.041656666666666675
0 0.4291875 0.6239766666666667 0.010125 0.038820000000000014
0 0.449 0.6141466666666666 0.01475 0.04848666666666668
0 0.4599375 0.603565 0.014875 0.04499000000000001
0 0.4768125 0.6121466666666667 0.020125 0.04315333333333334
0 0.4631875 0.65022 0.017875 0.046320000000000014
0 0.47937500000000005 0.6533850000000001 0.02175 0.04299000000000001
0 0.4544375 0.6900433333333335 0.017375 0.046653333333333345
0 0.4678125 0.70004 0.018375 0.05265333333333327
0 0.477125 0.6880416666666667 0.02225 0.03865666666666667
0 0.4926875 0.668465 0.017875 0.04582333333333334
0 0.5041249999999999 0.6715483333333334 0.017 0.03565666666666668
0 0.5259375 0.68196 0.015625 0.05215333333333334
0 0.5415625 0.6902083333333333 0.017375 0.03999000000000001
0 0.5513750000000001 0.6520516666666667 0.01875 0.040656666666666674
0 0.4975 0.6204766666666667 0.017 0.05148666666666668
0 0.44125 0.5808116666666666 0.0245 0.040156666666666674
0 0.47925 0.5759783333333334 0.0245 0.034156666666666675
0 0.4841875 0.604055 0.014625 0.04099000000000001
0 0.49793750000000003 0.5768116666666667 0.014375 0.041490000000000006
0 0.5079374999999999 0.6125533333333333 0.020625 0.045986666666666676
0 0.5104375 0.5762283333333333 0.017625 0.03599000000000001
0 0.5143125000000001 0.555735 0.026375 0.03199000000000001
0 0.5033125 0.5601499999999999 0.031125 0.02449333333333334
0 0.52425 0.6127783333333333 0.0185 0.05398333333333335
0 0.352875 0.5189683333333334 0.0195 0.03149000000000001
0 0.35862499999999997 0.54088 0.01825 0.027660000000000007
0 0.4011875 0.52305 0.024125 0.018660000000000006
0 0.407625 0.5401283333333333 0.01625 0.030823333333333265
0 0.43524999999999997 0.5243000000000001 0.0165 0.04048666666666668
0 0.441625 0.5018883333333334 0.01725 0.04099000000000001
0 0.4270625 0.5087200000000001 0.012875 0.044653333333333343
0 0.419125 0.5118866666666667 0.017 0.030326666666666672
0 0.46025 0.49722333333333335 0.021 0.035660000000000004
0 0.4306875 0.4699816666666667 0.016875 0.03449000000000001
0 0.393625 0.49989 0.01525 0.030993333333333338
0 0.4006875 0.47023000000000004 0.016125 0.03266000000000001
0 0.3599375 0.48689333333333334 0.015625 0.03499333333333334
0 0.349125 0.466815 0.01675 0.040156666666666674
0 0.4666875 0.4716533333333333 0.019875 0.029160000000000005
0 0.4728125 0.4902316666666667 0.013125 0.034323333333333345
0 0.4828125 0.5143933333333334 0.014625 0.04332000000000001
0 0.5095625 0.530805 0.016375 0.022830000000000003
0 0.5375624999999999 0.5474683333333334 0.020625 0.043156666666666677
0 0.534125 0.506395 0.0145 0.03932333333333334
0 0.5046875 0.4874 0.030375 0.036993333333333336
0 0.54475 0.49656500000000003 0.01375 0.03965666666666667
0 0.5614375 0.49873000000000006 0.023625 0.019326666666666673
0 0.5397500000000001 0.4633233333333333 0.01825 0.031160000000000007
0 0.5568125 0.475735 0.022875 0.03799000000000001
0 0.547 0.5786366666666667 0.01525 0.04415333333333334
0 0.5627500000000001 0.6007983333333334 0.01825 0.041156666666666675
0 0.543875 0.6180416666666667 0.0175 0.039989999999999935
0 0.554 0.6247916666666667 0.01225 0.03748999999999993
0 0.56725 0.6523666666666667 0.01675 0.04332000000000001
0 0.57525 0.6337883333333334 0.016 0.05548333333333327
0 0.5913125 0.6482016666666667 0.024125 0.03099000000000001
0 0.5909375 0.6066283333333333 0.019125 0.03482333333333327
0 0.5901875000000001 0.5773033333333334 0.021875 0.03416
0 0.5736875 0.5345633333333334 0.012875 0.02399333333333334
0 0.585875 0.5440616666666668 0.0175 0.034656666666666676
0 0.599875 0.56314 0.01475 0.04748666666666668
0 0.6084375 0.5825516666666667 0.016125 0.04565666666666668
0 0.6236875 0.5868016666666667 0.020875 0.034156666666666675
0 0.6155 0.635705 0.02425 0.0466566666666666
0 0.56675 0.5115700000000001 0.03475 0.02099333333333334
0 0.59625 0.49749166666666667 0.01575 0.04082333333333334
0 0.57675 0.49515833333333337 0.02175 0.03649000000000001
0 0.5995 0.5174016666666666 0.016 0.033323333333333344
0 0.613125 0.5243183333333333 0.016 0.03249000000000001
0 0.613375 0.5103983333333334 0.01975 0.03699000000000001
0 0.6175 0.48348833333333335 0.01675 0.03682333333333334
0 0.6119375 0.4734083333333334 0.021875 0.03632333333333334
0 0.63319875 0.5143 0.0263125 0.030906666666666676
0 0.6386675 0.56729 0.020375 0.03474000000000001
0 0.657355 0.5546683333333333 0.01375 0.040156666666666674
0 0.671855 0.5623333333333334 0.01725 0.04082000000000001
0 0.6817925 0.58666 0.021875 0.04815333333333335
0 0.6811675 0.5591666666666667 0.014875 0.023160000000000007
0 0.6919175 0.574915 0.017375 0.03799000000000001
0 0.6406475 0.6024916666666666 0.016125 0.04665666666666667
0 0.6447725000000001 0.6441483333333333 0.019625 0.04599000000000001
0 0.6081475 0.6703083333333333 0.034625 0.03432333333333327
0 0.67545875 0.6658916666666667 0.022997499999999945 0.0411566666666666
0 0.6726462500000001 0.63865 0.024122499999999946 0.046653333333333345
0 0.68883375 0.6468133333333334 0.022747499999999945 0.04798666666666668
0 0.69195875 0.6229866666666667 0.03249749999999994 0.028326666666666674
0 0.7138950000000001 0.643065 0.019125 0.021830000000000002
0 0.7179574999999999 0.6636433333333334 0.019 0.02932666666666667
0 0.717145 0.5802483333333334 0.034375 0.031156666666666676
0 0.713395 0.5920783333333334 0.028375 0.03915666666666667
0 0.7365824999999999 0.5750833333333333 0.02175 0.02982666666666667
0 0.7682074999999999 0.6103233333333333 0.01775 0.04165333333333335
0 0.7552075 0.6601433333333334 0.022 0.019326666666666673
0 0.7452075 0.5561699999999999 0.02 0.046320000000000014
0 0.7610824999999999 0.569085 0.019 0.034156666666666675
0 0.75627 0.5450900000000001 0.014375 0.03282666666666667
0 0.7009575 0.5148333333333333 0.01225 0.028660000000000005
0 0.70177 0.5401600000000001 0.020375 0.03132666666666667
0 0.71757375 0.5097933333333333 0.0095625 0.034073333333333344
0 0.7282612500000001 0.5199166666666666 0.0169375 0.03449333333333334
0 0.73069875 0.5062949999999999 0.0228125 0.02774333333333334
0 0.74407375 0.5286216666666667 0.0239375 0.028076666666666673
0 0.7376475000000001 0.48634499999999997 0.017875 0.034656666666666676
0 0.7613325 0.4915933333333333 0.0205 0.03349333333333334
0 0.75658375 0.52575 0.020747499999999947 0.02582666666666667
0 0.776645 0.5030066666666667 0.017125 0.03399333333333334
0 0.7922075000000001 0.5166700000000001 0.02425 0.03332666666666667
0 0.78702 0.5300833333333334 0.021875 0.025160000000000005
0 0.802645 0.5211683333333333 0.016625 0.03732333333333334
0 0.813395 0.5195016666666666 0.014875 0.03165666666666667
0 0.7263975 0.5579083333333333 0.008125 0.018163333333333337
0 0.7881475000000001 0.5596616666666666 0.015875 0.03599000000000001
0 0.79070875 0.571075 0.020747499999999947 0.03915666666666667
0 0.8047712499999999 0.5759066666666667 0.016372499999999946 0.04282000000000001
0 0.8143325 0.5739916666666667 0.01125 0.040656666666666674
0 0.8244575000000001 0.5780733333333333 0.0175 0.04482000000000001
0 0.8350199999999999 0.5837383333333332 0.016625 0.04249000000000001
0 0.8363325 0.5319200000000001 0.034 0.026826666666666672
0 0.8463324999999999 0.5453316666666667 0.0145 0.029323333333333344
0 0.86377 0.5579116666666666 0.023875 0.030156666666666675
0 0.867645 0.5439983333333333 0.017125 0.03032333333333334
0 0.8863325000000001 0.5634950000000001 0.02225 0.034656666666666676
0 0.8767699999999999 0.5935699999999999 0.021625 0.04415333333333334
0 0.66921 0.5085083333333333 0.0145 0.028323333333333343
0 0.8560212500000001 0.6290783333333333 0.019872499999999946 0.03749000000000001
0 0.87777 0.63308 0.025125 0.02149333333333334
0 0.7853975 0.6704033333333334 0.027375 0.02182666666666667
0 0.9015850000000001 0.5596766666666666 0.014 0.02199333333333334
0 0.909085 0.5813383333333333 0.02025 0.041656666666666675
0 0.919335 0.5750883333333333 0.01775 0.035156666666666676
0 0.94270875 0.5726716666666667 0.022247499999999944 0.03699000000000001
0 0.94977 0.5593433333333333 0.022125 0.04098666666666668
0 0.53392 0.7629833333333332 0.02 0.047320000000000015
0 0.38789749999999995 0.37726166666666666 0.011625 0.03249000000000001
0 0.36471 0.39084166666666664 0.015 0.03099000000000001
0 0.372335 0.41258666666666666 0.01975 0.03482666666666667
0 0.34246 0.4221666666666667 0.0185 0.027660000000000007
0 0.346335 0.38951 0.02425 0.025326666666666674
0 0.39020999999999995 0.41125333333333336 0.0255 0.01749333333333334
0 0.3965225 0.38734166666666664 0.010625 0.032656666666666674
0 0.4153975 0.37859333333333334 0.010875 0.02749333333333334
0 0.40670999999999996 0.4030883333333333 0.01325 0.032156666666666674
0 0.41783499999999996 0.40575333333333335 0.0115 0.02749333333333334
0 0.42533499999999996 0.42091833333333334 0.018 0.03782333333333334
0 0.41421 0.4391616666666667 0.02075 0.03699000000000001
0 0.40946 0.4508266666666667 0.02375 0.028326666666666674
0 0.39820999999999995 0.43183 0.02425 0.030993333333333338
0 0.442835 0.40658666666666665 0.02025 0.02849333333333334
0 0.45645874999999997 0.40017166666666665 0.015247500000000002 0.03899000000000001
0 0.46951999999999994 0.35793333333333327 0.022125 0.028160000000000004
0 0.46270875 0.34752000000000005 0.018747500000000004 0.02665999999999997
0 0.47770875 0.37826166666666666 0.0277475 0.018163333333333337
0 0.4930825 0.39159166666666667 0.0125 0.03882333333333334
0 0.438835 0.4394116666666667 0.0185 0.03949000000000001
0 0.46277124999999997 0.42866499999999996 0.013872500000000003 0.03299000000000001
0 0.46889625 0.435665 0.021122500000000002 0.03832333333333334
0 0.480895 0.4448283333333333 0.012125 0.033990000000000006
0 0.4877075 0.4275816666666667 0.01275 0.04449000000000001
0 0.44227249999999996 0.353935 0.013625 0.019830000000000004
0 0.5049575000000001 0.4441616666666667 0.01925 0.03865666666666667
0 0.479085 0.3470916666666667 0.01725 0.019830000000000004
0 0.4902725 0.34867333333333334 0.014625 0.02199333333333334
0 0.50639625 0.3589216666666667 0.020622500000000002 0.02349666666666667
0 0.493585 0.36600333333333335 0.01275 0.015660000000000007
0 0.51114625 0.320015 0.015622500000000003 0.01799666666666667
0 0.5230825 0.32367999999999997 0.01475 0.02599333333333334
0 0.5425825 0.3270133333333333 0.01525 0.023660000000000007
0 0.52477 0.3440083333333333 0.009375 0.01799666666666667
0 0.551145 0.35734 0.016375 0.024660000000000005
0 0.5577075 0.36092 0.01725 0.024826666666666674
0 0.5602075 0.38025 0.011 0.022160000000000006
0 0.5535825 0.40707499999999996 0.01275 0.040156666666666674
0 0.5368949999999999 0.39233 0.018625 0.028660000000000005
0 0.5393325 0.4134083333333333 0.01475 0.03782333333333334
0 0.5263325 0.4193216666666667 0.01325 0.04465666666666668
0 0.51564625 0.42240500000000003 0.010872500000000002 0.03815666666666668
0 0.551335 0.3226783333333333 0.0095 0.020330000000000004
0 0.56014625 0.32609333333333335 0.012372499999999946 0.024826666666666674
0 0.56270875 0.31909666666666664 0.012747499999999945 0.017160000000000005
0 0.5962075 0.32942666666666665 0.01 0.022160000000000006
0 0.6037075 0.34225833333333333 0.02125 0.01449666666666667
0 0.5840825 0.3529216666666667 0.023 0.012830000000000003
0 0.59777 0.3621683333333333 0.017875 0.011330000000000003
0 0.5819574999999999 0.3768316666666667 0.01575 0.029323333333333344
0 0.592895 0.389245 0.016875 0.03182333333333334
0 0.6039575 0.38982833333333333 0.02225 0.033323333333333344
0 0.578645 0.40649 0.017125 0.04165333333333335
0 0.628145 0.3759983333333333 0.012125 0.03299000000000001
0 0.6329575000000001 0.3553366666666667 0.01225 0.025660000000000006
0 0.636895 0.38024833333333335 0.013375 0.03649000000000001
0 0.61655125 0.334425 0.0090625 0.015163333333333336
0 0.6256462500000001 0.4298183333333333 0.025372499999999944 0.03499000000000001
