0 0.51529125 0.46482833333333334 0.02283249999999998 0.05532333333333334
0 0.4690625 0.47341 0.037875 0.05048666666666668
0 0.5551362500000001 0.48919666666666667 0.0313125 0.06073333333333335
0 0.5236762500000001 0.5038616666666667 0.0300625 0.06989666666666669
0 0.44375000000000003 0.4922283333333333 0.044 0.04682333333333334
0 0.50479125 0.50508 0.017332499999999983 0.05017333333333333
0 0.5663750000000001 0.5202633333333333 0.0275 0.06752666666666664
0 0.5296675000000001 0.5226933333333333 0.031625 0.06038666666666669
0 0.59508375 0.5230966666666667 0.026417500000000017 0.06119333333333331
0 0.4891875 0.5181083333333333 0.036125 0.047403333333333346
0 0.6339475 0.5231666666666666 0.024644999999999983 0.04533333333333334
0 0.618375 0.5294066666666667 0.0235 0.051733333333333346
0 0.57451 0.54557 0.020769999999999983 0.06273333333333335
0 0.5383962499999999 0.5447833333333333 0.032542500000000016 0.06076666666666665
0 0.58777125 0.54726 0.018292500000000017 0.05418666666666665
0 0.6538125 0.5568416666666667 0.019875 0.05601666666666665
0 0.63246875 0.57114 0.0286875 0.05605333333333336
0 0.5976662500000001 0.5779083333333334 0.027582499999999982 0.06281666666666669
0 0.612625 0.5842683333333333 0.026 0.06286999999999997
0 0.52125 0.5946666666666667 0.02775 0.06233333333333333
0 0.5518949999999999 0.587025 0.031375 0.053903333333333345
0 0.5645 0.6026566666666666 0.039625 0.05164666666666669
