0 0.082328216374269 0.10731907894736842 0.02412280701754386 0.03399122807017544
0 0.09740497076023391 0.12198464912280702 0.026133040935672515 0.04029605263157895
0 0.5001827485380117 0.1259594298245614 0.018457602339181287 0.046052631578947366
0 0.11778143274853801 0.13390899122807018 0.02046783625730994 0.05098684210526316
0 0.12929459064327486 0.13486842105263158 0.021198830409356724 0.05345394736842105
0 0.17598684210526316 0.1274671052631579 0.02942251461988304 0.03700657894736842
0 0.1025219298245614 0.13404605263157895 0.023574561403508772 0.04358552631578947
0 0.1442799707602339 0.13856907894736842 0.015716374269005847 0.047697368421052634
0 0.15771198830409355 0.14802631578947367 0.01699561403508772 0.06112938596491228
0 0.16968201754385964 0.1411732456140351 0.02046783625730994 0.04358552631578947
0 0.4108187134502924 0.14528508771929824 0.01114766081871345 0.036458333333333336
0 0.5276864035087719 0.13829495614035087 0.03874269005847953 0.022478070175438597
0 0.4743238304093567 0.15419407894736842 0.014985380116959063 0.049342105263157895
0 0.4635416666666667 0.19366776315789475 0.02887426900584795 0.039473684210526314
0 0.4763340643274854 0.19353070175438597 0.02412280701754386 0.03755482456140351
0 0.38066520467836257 0.1522752192982456 0.03234649122807018 0.041666666666666664
0 0.4954312865497076 0.14487390350877194 0.022478070175438597 0.025767543859649123
0 0.46034356725146197 0.15940241228070173 0.018092105263157895 0.0537280701754386
0 0.5521747076023392 0.15734649122807018 0.033625730994152045 0.035910087719298246
0 0.26187865497076024 0.1517955043859649 0.03709795321637427 0.03056469298245614
0 0.13386330409356725 0.16694078947368424 0.02046783625730994 0.05180921052631579
0 0.41620979532163743 0.1654331140350877 0.017178362573099414 0.046600877192982455
0 0.4292763157894737 0.17489035087719296 0.019919590643274854 0.06332236842105263
0 0.3989400584795322 0.1728344298245614 0.01918859649122807 0.05537280701754386
0 0.38742690058479534 0.17310855263157895 0.02101608187134503 0.041666666666666664
0 0.37600511695906436 0.1898300438596491 0.03216374269005848 0.03289473684210526
0 0.4955226608187135 0.16831140350877194 0.02887426900584795 0.04303728070175439
0 0.5189144736842105 0.1602247807017544 0.04093567251461988 0.02631578947368421
0 0.5183662280701754 0.18914473684210528 0.02046783625730994 0.05345394736842105
0 0.44051535087719296 0.1820175438596491 0.014619883040935672 0.060032894736842105
0 0.45129751461988304 0.18092105263157893 0.012792397660818713 0.0556469298245614
0 0.09749634502923978 0.16954495614035087 0.041301169590643276 0.0268640350877193
0 0.5571089181286549 0.17228618421052633 0.03216374269005848 0.027960526315789474
0 0.1985562865497076 0.1859237938596491 0.025219298245614034 0.05194627192982456
0 0.21980080409356725 0.18379934210526316 0.020924707602339183 0.043859649122807015
0 0.10928362573099415 0.18037280701754388 0.03527046783625731 0.035910087719298246
0 0.3156980994152047 0.19065241228070176 0.028143274853801168 0.05263157894736842
0 0.5334429824561403 0.1962719298245614 0.020650584795321638 0.04523026315789474
0 0.49917763157894735 0.2050438596491228 0.021564327485380116 0.05619517543859649
0 0.5177266081871346 0.22930372807017543 0.034173976608187134 0.04331140350877193
0 0.5252192982456141 0.24396929824561403 0.01699561403508772 0.05016447368421053
0 0.24205043859649122 0.19366776315789475 0.027777777777777776 0.04111842105263158
0 0.26896016081871343 0.19897889254385964 0.019462719298245616 0.05228892543859649
0 0.5436769005847953 0.20052083333333331 0.022478070175438597 0.0537280701754386
0 0.5392452485380117 0.2475328947368421 0.018914473684210526 0.061677631578947366
0 0.4139254385964912 0.2060032894736842 0.015533625730994151 0.054276315789473686
0 0.2981313961988304 0.20723684210526316 0.02700109649122807 0.04577850877192982
0 0.5632309941520468 0.1986019736842105 0.03344298245614035 0.024671052631578948
0 0.4882127192982456 0.21395285087719298 0.017178362573099414 0.048793859649122806
0 0.3567251461988304 0.21669407894736842 0.0356359649122807 0.04276315789473684
0 0.42434210526315785 0.22916666666666669 0.025767543859649123 0.057291666666666664
0 0.46938961988304095 0.2288925438596491 0.023391812865497075 0.04632675438596491
0 0.4385964912280702 0.23355263157894735 0.0356359649122807 0.04413377192982456
0 0.4523026315789474 0.23506030701754385 0.028326023391812866 0.046052631578947366
0 0.5599415204678362 0.22985197368421054 0.028691520467836257 0.03728070175438596
0 0.3204267178362573 0.2393092105263158 0.027549342105263157 0.05400219298245614
0 0.3474049707602339 0.2421532346491228 0.02320906432748538 0.05311129385964912
0 0.6566154970760234 0.2505825109649123 0.01699561403508772 0.06928453947368421
0 0.6682200292397661 0.2506853070175439 0.01608187134502924 0.041666666666666664
0 0.4668311403508772 0.2563048245614035 0.03545321637426901 0.04139254385964912
0 0.4864766081871345 0.2572642543859649 0.02722953216374269 0.0400219298245614
0 0.5855263157894738 0.25887472587719296 0.042214912280701754 0.041049890350877194
0 0.5641447368421053 0.25890899122807015 0.04111842105263158 0.03344298245614035
0 0.5123355263157895 0.26918859649122806 0.025219298245614034 0.04577850877192982
0 0.2840826023391813 0.27179276315789475 0.02046783625730994 0.048793859649122806
0 0.4461805555555555 0.27946820175438597 0.03435672514619883 0.041666666666666664
0 0.3359831871345029 0.29632675438596495 0.02046783625730994 0.05235745614035088
0 0.35316154970760233 0.2948190789473684 0.01644736842105263 0.04824561403508772
0 0.20550073099415206 0.28481359649122806 0.01608187134502924 0.026589912280701754
0 0.23464912280701752 0.29262609649122806 0.01699561403508772 0.04111842105263158
0 0.1421783625730994 0.2953673245614035 0.02138157894736842 0.04276315789473684
0 0.3814875730994152 0.3018092105263158 0.025219298245614034 0.05235745614035088
0 0.3099415204678363 0.29536732456140347 0.01699561403508772 0.03782894736842105
0 0.015168128654970761 0.30417351973684215 0.018457602339181287 0.052700109649122806
0 0.24872076023391815 0.30825109649122806 0.018457602339181287 0.05482456140350877
0 0.17196637426900585 0.3118146929824561 0.01882309941520468 0.05482456140350877
0 0.16036184210526316 0.3340186403508772 0.019005847953216373 0.0537280701754386
0 0.2648940058479532 0.3100328947368421 0.021929824561403508 0.05016447368421053
0 0.003380847953216374 0.3066063596491228 0.006944444444444444 0.0400219298245614
0 0.4448099415204678 0.31332236842105265 0.0268640350877193 0.05180921052631579
0 0.2797880116959064 0.3093475877192982 0.014071637426900584 0.042214912280701754
0 0.20897295321637427 0.3164747807017544 0.020833333333333332 0.05043859649122807
0 0.12280701754385964 0.31661184210526316 0.01918859649122807 0.04797149122807018
0 0.40862573099415206 0.31990131578947373 0.0268640350877193 0.04413377192982456
0 0.2947733918128655 0.3266173245614035 0.01918859649122807 0.05646929824561404
0 0.2751279239766082 0.3508771929824562 0.025950292397660817 0.04851973684210526
0 0.3949195906432748 0.31085526315789475 0.026133040935672515 0.021107456140350877
0 0.4916849415204678 0.33168859649122806 0.02010233918128655 0.057839912280701754
0 0.7144554093567251 0.32908442982456143 0.03326023391812866 0.047149122807017545
0 0.7476242690058479 0.3360745614035088 0.02138157894736842 0.060032894736842105
0 0.03527046783625731 0.3330249451754386 0.01663011695906433 0.05132949561403509
0 0.4299159356725146 0.33168859649122806 0.013157894736842105 0.04577850877192982
0 0.3314144736842105 0.3374451754385965 0.02010233918128655 0.055098684210526314
0 0.051078216374269 0.3371710526315789 0.01827485380116959 0.05400219298245614
0 0.8558114035087719 0.3386787280701754 0.02101608187134503 0.0537280701754386
0 0.13676443713450293 0.33908991228070173 0.021975511695906433 0.05400219298245614
0 0.8160635964912281 0.3349780701754386 0.03033625730994152 0.04468201754385965
0 0.1908808479532164 0.34018640350877194 0.01644736842105263 0.05016447368421053
0 0.0691703216374269 0.34923245614035087 0.01864035087719298 0.06661184210526316
0 0.08257949561403509 0.35899808114035087 0.028645833333333332 0.06489857456140351
0 0.6469298245614035 0.34690241228070173 0.030153508771929825 0.06085526315789474
0 0.3858735380116959 0.3390899122807018 0.025584795321637425 0.04358552631578947
0 0.36284722222222227 0.37088815789473684 0.025219298245614034 0.07044956140350878
0 0.019279970760233918 0.3444353070175439 0.01608187134502924 0.052083333333333336
0 0.0268640350877193 0.3772272478070175 0.020650584795321638 0.04899945175438596
0 0.5476973684210527 0.34978070175438597 0.01663011695906433 0.055098684210526314
0 0.7663559941520468 0.3481359649122807 0.02887426900584795 0.05235745614035088
0 0.4752375730994152 0.34608004385964913 0.013157894736842105 0.046052631578947366
0 0.5068530701754386 0.3484100877192982 0.017909356725146198 0.04906798245614035
0 0.34475511695906436 0.35608552631578944 0.02850877192982456 0.061677631578947366
0 0.31871345029239767 0.3648574561403509 0.027960526315789474 0.04851973684210526
0 0.23702485380116958 0.35471491228070173 0.019554093567251463 0.05893640350877193
0 0.5930190058479532 0.3511513157894737 0.021747076023391813 0.05071271929824561
0 0.41657529239766083 0.3573190789473684 0.020833333333333332 0.06030701754385965
0 0.17406798245614033 0.3547149122807018 0.016812865497076022 0.05180921052631579
0 0.2623355263157895 0.3451206140350877 0.03179824561403509 0.03042763157894737
0 0.6732456140350878 0.3508771929824562 0.02320906432748538 0.04084429824561404
0 0.003289473684210526 0.34155701754385964 0.006396198830409356 0.0200109649122807
0 0.7331871345029239 0.36170504385964913 0.02320906432748538 0.05975877192982456
0 0.6922514619883041 0.36225328947368424 0.021747076023391813 0.05592105263157895
0 0.7137244152046783 0.37047697368421056 0.023391812865497075 0.05975877192982456
0 0.457328216374269 0.36328125 0.023757309941520467 0.06016995614035088
0 0.5307931286549707 0.3632127192982456 0.017909356725146198 0.05838815789473684
0 0.5115131578947368 0.3638980263157895 0.02540204678362573 0.044407894736842105
0 0.49031432748538006 0.3899396929824561 0.017726608187134504 0.049890350877192985
0 0.5064875730994152 0.3945997807017544 0.039108187134502925 0.03892543859649123
0 0.5747441520467836 0.36348684210526316 0.01663011695906433 0.05674342105263158
0 0.5612207602339182 0.37856359649122806 0.01882309941520468 0.057291666666666664
0 0.11750730994152046 0.3649945175438597 0.020650584795321638 0.05646929824561404
0 0.29504751461988304 0.35800438596491224 0.023391812865497075 0.04139254385964912
0 0.21299342105263158 0.3651315789473684 0.03070175438596491 0.0512609649122807
0 0.09073464912280702 0.3702713815789474 0.03344298245614035 0.06016995614035088
0 0.6104943347953216 0.3711622807017544 0.02042214912280702 0.055098684210526314
0 0.5818485014619883 0.3868558114035088 0.019965277777777776 0.05962171052631579
0 0.6147660818713451 0.4179002192982456 0.01918859649122807 0.06469298245614036
0 0.579312865497076 0.44411321271929827 0.02905701754385965 0.05228892543859649
0 0.6282894736842105 0.37715871710526316 0.015899122807017545 0.06763980263157894
0 0.3846856725146199 0.37143640350877194 0.020650584795321638 0.04961622807017544
0 0.40158991228070173 0.3785635964912281 0.017909356725146198 0.060032894736842105
0 0.42772295321637427 0.3764391447368421 0.03435672514619883 0.053865131578947366
0 0.05838815789473684 0.3804481907894737 0.01864035087719298 0.05448190789473684
0 0.09410453216374269 0.4008703399122807 0.022821637426900583 0.06695449561403509
0 0.043768274853801165 0.4115953947368421 0.029970760233918127 0.046600877192982455
0 0.0735562865497076 0.41834566885964913 0.02850877192982456 0.05228892543859649
0 0.04358552631578948 0.4355811403508772 0.03837719298245614 0.036458333333333336
0 0.28654970760233917 0.37404057017543857 0.02320906432748538 0.03892543859649123
0 0.1423611111111111 0.3813048245614035 0.019554093567251463 0.05235745614035088
0 0.0110562865497076 0.38363486842105265 0.013157894736842105 0.05098684210526316
0 0.1745248538011696 0.3976151315789474 0.030153508771929825 0.05975877192982456
0 0.20230263157894737 0.3985745614035088 0.03271198830409357 0.0693530701754386
0 0.19572368421052633 0.4388706140350877 0.03782894736842105 0.02768640350877193
0 0.4724049707602339 0.3955592105263158 0.02320906432748538 0.06332236842105263
0 0.25566520467836257 0.38733552631578944 0.01882309941520468 0.04577850877192982
0 0.7985197368421053 0.3974780701754386 0.023026315789473683 0.055098684210526314
0 0.7395833333333333 0.39158442982456143 0.029788011695906433 0.04057017543859649
0 0.15615862573099415 0.395422149122807 0.017543859649122806 0.04550438596491228
0 0.15058479532163743 0.42297149122807015 0.016264619883040937 0.023300438596491228
0 0.11513157894736843 0.39281798245614036 0.028691520467836257 0.03974780701754386
0 0.3000730994152047 0.39542214912280704 0.03234649122807018 0.04057017543859649
0 0.31642909356725146 0.40350877192982454 0.021564327485380116 0.04194078947368421
0 0.29906798245614036 0.4061129385964912 0.031432748538011694 0.039473684210526314
0 0.2953216374269006 0.43983004385964913 0.03125 0.03837719298245614
0 0.28006213450292394 0.4418859649122807 0.019005847953216373 0.0381030701754386
0 0.30112390350877194 0.4643640350877193 0.02366593567251462 0.057839912280701754
0 0.2847907529239766 0.47639117324561403 0.023346125730994153 0.04680646929824561
0 0.26882309941520466 0.4743695175438597 0.03490497076023392 0.03673245614035088
0 0.7743055555555556 0.4081688596491228 0.024671052631578948 0.06606359649122807
0 0.7583150584795322 0.4132401315789474 0.023026315789473683 0.06030701754385965
0 0.6714638157894737 0.4076206140350877 0.02421418128654971 0.057291666666666664
0 0.7011147660818713 0.4085800438596491 0.02010233918128655 0.048793859649122806
0 0.6837536549707602 0.41584429824561403 0.025950292397660817 0.04742324561403509
0 0.6544225146198831 0.41858552631578944 0.034173976608187134 0.02987938596491228
0 0.5452302631578947 0.40995065789473684 0.021929824561403508 0.06140350877192982
0 0.23940058479532164 0.40063048245614036 0.030884502923976608 0.03837719298245614
0 0.1789108187134503 0.40995065789473684 0.022112573099415205 0.04331140350877193
0 0.38112207602339176 0.4025493421052631 0.03728070175438596 0.025767543859649123
0 0.8126827485380117 0.41885964912280704 0.02101608187134503 0.05619517543859649
0 0.00402046783625731 0.41049890350877194 0.008223684210526315 0.0400219298245614
0 0.3270285087719298 0.4133771929824562 0.03326023391812866 0.04358552631578947
0 0.5256761695906432 0.41241776315789475 0.02010233918128655 0.04057017543859649
0 0.4182200292397661 0.41036184210526316 0.02850877192982456 0.032072368421052634
0 0.02595029239766082 0.42406798245614036 0.01699561403508772 0.04577850877192982
0 0.33360745614035087 0.4276315789473684 0.039108187134502925 0.04851973684210526
0 0.25858918128654973 0.4311951754385965 0.020285087719298246 0.04961622807017544
0 0.1335891812865497 0.43516995614035087 0.022112573099415205 0.054276315789473686
0 0.1442799707602339 0.4503495065789474 0.031432748538011694 0.03584155701754386
0 0.2387609649122807 0.42297149122807015 0.025219298245614034 0.03042763157894737
0 0.72953216374269 0.43283991228070173 0.03271198830409357 0.05016447368421053
0 0.7243238304093568 0.44956140350877194 0.027046783625730993 0.057839912280701754
0 0.37618786549707606 0.421875 0.016812865497076022 0.027138157894736843
0 0.4014985380116959 0.4668311403508772 0.017726608187134504 0.034265350877192985
0 0.39208698830409355 0.47697368421052627 0.023757309941520467 0.05290570175438596
0 0.4989035087719298 0.4376370614035088 0.025767543859649123 0.05921052631578947
0 0.1133954678362573 0.4194078947368421 0.03289473684210526 0.0200109649122807
0 0.26918859649122806 0.4350328947368421 0.020285087719298246 0.05071271929824561
0 0.40095029239766083 0.43585526315789475 0.0356359649122807 0.04194078947368421
0 0.5137061403508771 0.44503837719298245 0.02284356725146199 0.06140350877192982
0 0.48355263157894735 0.4443530701754386 0.014802631578947368 0.05893640350877193
0 0.47496345029239767 0.4576480263157895 0.019919590643274854 0.05482456140350877
0 0.35434941520467833 0.43516995614035087 0.030153508771929825 0.03892543859649123
0 0.4335252192982456 0.4337993421052631 0.02768640350877193 0.029605263157894735
0 0.4536732456140351 0.44366776315789475 0.03216374269005848 0.03234649122807018
0 0.43850511695906436 0.4602521929824561 0.03179824561403509 0.027138157894736843
0 0.874360380116959 0.4387335526315789 0.0402046783625731 0.03728070175438596
0 0.007492690058479532 0.446546052631579 0.014802631578947368 0.04797149122807018
0 0.01297514619883041 0.4745751096491228 0.025767543859649123 0.07168311403508772
0 0.025813230994152045 0.4973958333333333 0.027869152046783627 0.06962719298245613
0 0.10900950292397661 0.43695175438596495 0.03435672514619883 0.02823464912280702
0 0.7950475146198831 0.44750548245614036 0.019005847953216373 0.049342105263157895
0 0.8386330409356725 0.4517543859649123 0.02284356725146199 0.05235745614035088
0 0.7120796783625731 0.4535361842105263 0.017543859649122806 0.054276315789473686
0 0.6993786549707602 0.4647752192982456 0.017726608187134504 0.06030701754385965
0 0.724780701754386 0.49492872807017546 0.01918859649122807 0.052083333333333336
0 0.7091785453216374 0.498046875 0.022706505847953216 0.0463952850877193
0 0.6517726608187134 0.4461348684210526 0.03216374269005848 0.03728070175438596
0 0.2322733918128655 0.45668859649122806 0.02942251461988304 0.05400219298245614
0 0.53125 0.4605263157894737 0.014802631578947368 0.062225877192982455
0 0.15821454678362573 0.4504865679824561 0.03536184210526316 0.03940515350877193
0 0.3718932748538012 0.4550438596491228 0.02138157894736842 0.04632675438596491
0 0.35818713450292394 0.4645010964912281 0.021747076023391813 0.052083333333333336
0 0.37618786549707606 0.47697368421052627 0.012426900584795321 0.04523026315789474
0 0.3268457602339181 0.46313048245614036 0.02631578947368421 0.06030701754385965
0 0.6847587719298246 0.4432565789473684 0.018457602339181287 0.02055921052631579
0 0.6722404970760234 0.4521655701754386 0.034722222222222224 0.024671052631578948
0 0.6579861111111112 0.4769736842105263 0.03216374269005848 0.04084429824561404
0 0.6745248538011697 0.4857456140350877 0.03271198830409357 0.04523026315789474
0 0.046052631578947366 0.46128015350877194 0.02540204678362573 0.054961622807017545
0 0.06186038011695906 0.4569627192982456 0.03289473684210526 0.04303728070175439
0 0.11156798245614034 0.4594298245614035 0.02412280701754386 0.04468201754385965
0 0.8163377192982456 0.45559210526315785 0.0268640350877193 0.02987938596491228
0 0.30934758771929827 0.4694353070175439 0.016721491228070175 0.05263157894736842
0 0.07291666666666667 0.46504934210526316 0.0360014619883041 0.039473684210526314
0 0.06990131578947369 0.4897889254385965 0.03216374269005848 0.04536732456140351
0 0.053705226608187134 0.5073670504385965 0.025721856725146198 0.04475054824561404
0 0.04349415204678363 0.5437225877192982 0.016264619883040937 0.051535087719298246
0 0.5990497076023392 0.4623081140350877 0.0400219298245614 0.03399122807017544
0 0.5684393274853802 0.4883497807017544 0.027046783625730993 0.049342105263157895
0 0.5875365497076024 0.4828673245614035 0.023940058479532164 0.03125
0 0.6038925438596491 0.49643640350877194 0.03654970760233918 0.03042763157894737
0 0.5794042397660819 0.5142543859649122 0.033625730994152045 0.03755482456140351
0 0.2052266081871345 0.4617598684210526 0.03709795321637427 0.03070175438596491
0 0.20211988304093567 0.4819078947368421 0.026133040935672515 0.023848684210526317
0 0.7458881578947368 0.47738486842105265 0.02266081871345029 0.06304824561403509
0 0.7635233918128654 0.49684758771929827 0.0133406432748538 0.07182017543859649
0 0.7494517543859649 0.49506578947368424 0.020285087719298246 0.05235745614035088
0 0.7753106725146199 0.5132949561403508 0.023757309941520467 0.06743421052631579
0 0.18220029239766083 0.47327302631578944 0.017726608187134504 0.049890350877192985
0 0.5519919590643275 0.48396381578947373 0.019005847953216373 0.06798245614035088
0 0.540296052631579 0.5028782894736842 0.019371345029239765 0.054276315789473686
0 0.4303728070175439 0.4754660087719298 0.031615497076023395 0.049890350877192985
0 0.4225603070175438 0.4836896929824561 0.026224415204678362 0.05098684210526316
0 0.42909356725146197 0.5270010964912281 0.023940058479532164 0.05482456140350877
0 0.24926900584795322 0.4765625 0.019554093567251463 0.04824561403508772
0 0.2349232456140351 0.49040570175438597 0.01644736842105263 0.05838815789473684
0 0.7775950292397661 0.4716282894736842 0.017361111111111112 0.03344298245614035
0 0.8477704678362573 0.4862938596491228 0.022478070175438597 0.06277412280701754
0 0.8442068713450293 0.5205592105263158 0.029605263157894735 0.07044956140350878
0 0.8332419590643275 0.539953399122807 0.0266812865497076 0.04673793859649123
0 0.9342105263157895 0.48519736842105265 0.024671052631578948 0.05838815789473684
0 0.3330820540935673 0.4759114583333333 0.027732090643274854 0.038171600877192985
0 0.3470394736842105 0.4915021929824562 0.02722953216374269 0.035910087719298246
0 0.8786549707602339 0.47752192982456143 0.030519005847953216 0.04084429824561404
0 0.951937134502924 0.48464912280701755 0.01882309941520468 0.05180921052631579
0 0.9689327485380117 0.5049342105263158 0.02284356725146199 0.05455043859649123
0 0.1720577485380117 0.4845120614035088 0.02631578947368421 0.047149122807017545
0 0.14642726608187134 0.48985745614035087 0.024762426900584795 0.04742324561403509
0 0.7996162280701754 0.47546600877192985 0.02887426900584795 0.02850877192982456
0 0.08817616959064327 0.49139939692982454 0.025219298245614034 0.06572094298245613
0 0.48565423976608185 0.48985745614035087 0.029970760233918127 0.04797149122807018
0 0.8228252923976609 0.5015076754385965 0.01827485380116959 0.07017543859649122
0 0.5127010233918129 0.49410635964912275 0.027412280701754384 0.05263157894736842
0 0.4579678362573099 0.5005482456140351 0.015533625730994151 0.060032894736842105
0 0.6785453216374269 0.5001370614035088 0.028326023391812866 0.05646929824561404
0 0.9144736842105263 0.5023300438596491 0.02503654970760234 0.06030701754385965
0 0.9249817251461988 0.5023300438596491 0.0222953216374269 0.05921052631578947
0 0.807108918128655 0.5041118421052632 0.019005847953216373 0.05674342105263158
0 0.8792945906432749 0.49945175438596495 0.03289473684210526 0.04797149122807018
0 0.8625730994152047 0.5130208333333333 0.018092105263157895 0.07072368421052631
0 0.6921600877192983 0.5013706140350878 0.017909356725146198 0.05071271929824561
0 0.6865862573099415 0.5466008771929824 0.02138157894736842 0.06551535087719298
0 0.9032346491228069 0.504797149122807 0.02046783625730994 0.05592105263157895
0 0.21920687134502925 0.5020559210526315 0.021564327485380116 0.047149122807017545
0 0.472953216374269 0.515625 0.015899122807017545 0.06716008771929824
0 0.27010233918128657 0.5053111293859649 0.02284356725146199 0.043242872807017545
0 0.5014619883040936 0.5227521929824561 0.019554093567251463 0.06551535087719298
0 0.16493055555555555 0.5138432017543859 0.027777777777777776 0.04331140350877193
0 0.3506944444444444 0.5211074561403508 0.033808479532163746 0.059484649122807015
0 0.6475694444444444 0.5175438596491228 0.020833333333333332 0.05180921052631579
0 0.20961257309941522 0.5157620614035088 0.033808479532163746 0.047697368421052634
0 0.32675438596491224 0.5217927631578947 0.018457602339181287 0.05646929824561404
0 0.2582922149122807 0.5199424342105263 0.03138706140350877 0.049479166666666664
0 0.39482821637426896 0.5223410087719298 0.025950292397660817 0.05098684210526316
0 0.3839546783625731 0.5357730263157894 0.01882309941520468 0.03618421052631579
0 0.3678728070175438 0.5511239035087719 0.014437134502923976 0.05975877192982456
0 0.3854166666666667 0.5555098684210527 0.027595029239766082 0.05263157894736842
0 0.3626644736842105 0.6101288377192983 0.01864035087719298 0.05797697368421053
0 0.7872807017543859 0.5213815789473684 0.019554093567251463 0.04797149122807018
0 0.29349415204678364 0.5272752192982456 0.01699561403508772 0.05317982456140351
0 0.34420687134502925 0.5707236842105263 0.012426900584795321 0.04632675438596491
0 0.3309576023391813 0.5848410087719298 0.015533625730994151 0.06195175438596491
0 0.34438961988304095 0.6081414473684211 0.02448830409356725 0.048793859649122806
0 0.1983735380116959 0.5260416666666666 0.041666666666666664 0.046875
0 0.18265716374269006 0.5383771929824561 0.023391812865497075 0.02549342105263158
0 0.27914839181286555 0.5278577302631579 0.017543859649122806 0.048314144736842105
0 0.656889619883041 0.5350877192982456 0.014985380116959063 0.06277412280701754
0 0.6734740497076024 0.5527686403508771 0.02275219298245614 0.05866228070175439
0 0.41831140350877194 0.5374177631578947 0.020650584795321638 0.06633771929824561
0 0.9579678362573099 0.5272752192982456 0.03527046783625731 0.046052631578947366
0 0.3135051169590643 0.5374177631578947 0.02266081871345029 0.06304824561403509
0 0.3321454678362573 0.534265350877193 0.019371345029239765 0.05345394736842105
0 0.12527412280701755 0.5315241228070176 0.023026315789473683 0.05016447368421053
0 0.8774671052631579 0.5335800438596491 0.01608187134502924 0.05482456140350877
0 0.6022478070175439 0.5298793859649124 0.038011695906432746 0.034265350877192985
0 0.5974278143274854 0.5496162280701754 0.03961074561403509 0.038651315789473686
0 0.6067251461988304 0.556469298245614 0.030519005847953216 0.04358552631578947
0 0.6370614035087719 0.5626370614035088 0.02284356725146199 0.05317982456140351
0 0.6212536549707602 0.5726425438596492 0.020833333333333332 0.07264254385964912
0 0.5860745614035088 0.5956688596491229 0.019919590643274854 0.0644188596491228
0 0.491593567251462 0.5441337719298246 0.020650584795321638 0.06112938596491228
0 0.05537280701754386 0.5420778508771931 0.017726608187134504 0.05043859649122807
0 0.08132309941520467 0.5356359649122807 0.02905701754385965 0.03755482456140351
0 0.701937134502924 0.5412554824561403 0.01882309941520468 0.043859649122807015
0 0.013157894736842105 0.5439967105263157 0.026133040935672515 0.04331140350877193
0 0.5280519005847952 0.5455043859649122 0.02850877192982456 0.04468201754385965
0 0.5276864035087719 0.5674342105263158 0.03033625730994152 0.02987938596491228
0 0.16282894736842107 0.5424890350877193 0.023940058479532164 0.03755482456140351
0 0.46536915204678364 0.5492050438596491 0.02850877192982456 0.046600877192982455
0 0.24394645467836257 0.5397135416666666 0.039245248538011694 0.02597313596491228
0 0.11220760233918128 0.5601699561403509 0.020285087719298246 0.06304824561403509
0 0.024945175438596492 0.5583881578947368 0.021929824561403508 0.04851973684210526
0 0.09457236842105263 0.5659265350877193 0.01864035087719298 0.05921052631578947
0 0.066109283625731 0.579015899122807 0.015807748538011698 0.07168311403508772
0 0.07469846491228072 0.6046806469298245 0.0200109649122807 0.04913651315789474
0 0.08506944444444445 0.6149945175438597 0.021564327485380116 0.041666666666666664
0 0.7174250730994152 0.5710663377192982 0.022934941520467836 0.06729714912280702
0 0.29824561403508776 0.5688048245614035 0.024305555555555556 0.06112938596491228
0 0.07803362573099415 0.5644188596491228 0.016264619883040937 0.05180921052631579
0 0.5474232456140351 0.5660635964912281 0.017543859649122806 0.04797149122807018
0 0.804093567251462 0.5626370614035087 0.03819444444444445 0.05098684210526316
0 0.19864766081871346 0.557702850877193 0.033808479532163746 0.02412280701754386
0 0.2596856725146199 0.5699013157894737 0.024305555555555556 0.04906798245614035
0 0.15880847953216373 0.578125 0.02138157894736842 0.057839912280701754
0 0.010964912280701754 0.5727796052631579 0.021747076023391813 0.043859649122807015
0 0.14583333333333334 0.571546052631579 0.019919590643274854 0.03919956140350877
0 0.15021929824561403 0.6018366228070176 0.01663011695906433 0.042214912280701754
0 0.03974780701754386 0.5767543859649122 0.017178362573099414 0.04797149122807018
0 0.05436769005847953 0.5948464912280702 0.01608187134502924 0.05455043859649123
0 0.03728070175438596 0.6006030701754387 0.02284356725146199 0.057291666666666664
0 0.50484283625731 0.583470394736842 0.015350877192982455 0.06030701754385965
0 0.6440972222222222 0.5742872807017544 0.020833333333333332 0.04139254385964912
0 0.38742690058479534 0.5794956140350878 0.02320906432748538 0.04961622807017544
0 0.3993969298245614 0.6086896929824561 0.011330409356725146 0.044407894736842105
0 0.3885233918128655 0.609375 0.013706140350877192 0.04523026315789474
0 0.35836988304093564 0.5756578947368421 0.013706140350877192 0.04084429824561404
0 0.1204312865497076 0.5855263157894737 0.023574561403508772 0.05674342105263158
0 0.23935489766081872 0.5888157894736842 0.024945175438596492 0.06112938596491228
0 0.5611293859649122 0.590734649122807 0.0222953216374269 0.057291666666666664
0 0.5502558479532164 0.5901864035087719 0.013706140350877192 0.04632675438596491
0 0.5696271929824561 0.6119791666666666 0.023574561403508772 0.03673245614035088
0 0.09968932748538012 0.5830592105263158 0.010599415204678362 0.03974780701754386
0 0.17845394736842105 0.590734649122807 0.017909356725146198 0.05290570175438596
0 0.4909539473684211 0.5953947368421052 0.019371345029239765 0.059484649122807015
0 0.4599780701754386 0.5948464912280702 0.016264619883040937 0.05674342105263158
0 0.6524122807017544 0.5884046052631579 0.02101608187134503 0.04331140350877193
0 0.2004751461988304 0.5895010964912281 0.01663011695906433 0.04331140350877193
0 0.19188596491228072 0.5966282894736842 0.013706140350877192 0.046600877192982455
0 0.3040021929824562 0.6000548245614035 0.024853801169590642 0.06332236842105263
0 0.41915661549707606 0.5750068530701755 0.04025036549707602 0.02953673245614035
0 0.4423428362573099 0.5956688596491228 0.021929824561403508 0.05235745614035088
0 0.47322733918128657 0.596765350877193 0.015350877192982455 0.05345394736842105
0 0.31990131578947373 0.5979989035087719 0.016812865497076022 0.054276315789473686
0 0.6638340643274855 0.5921052631578948 0.027046783625730993 0.04194078947368421
0 0.5121527777777778 0.5966282894736843 0.016812865497076022 0.048793859649122806
0 0.6014254385964912 0.6015625 0.011878654970760233 0.05098684210526316
0 0.1373355263157895 0.6023848684210527 0.01425438596491228 0.047149122807017545
0 0.5290570175438597 0.6007401315789473 0.023940058479532164 0.04057017543859649
0 0.5316154970760234 0.6158168859649124 0.02503654970760234 0.04276315789473684
0 0.02046783625730994 0.6007401315789473 0.015899122807017545 0.03782894736842105
0 0.12351516812865496 0.6095120614035088 0.02288925438596491 0.051535087719298246
0 0.6864035087719298 0.6085526315789473 0.02138157894736842 0.04906798245614035
0 0.2721125730994152 0.6054002192982456 0.027595029239766082 0.04057017543859649
0 0.3779925073099415 0.6138980263157895 0.019325657894736843 0.05756578947368421
0 0.009502923976608187 0.6121162280701754 0.018092105263157895 0.05235745614035088
0 0.6752558479532164 0.611156798245614 0.022478070175438597 0.044407894736842105
0 0.40963084795321636 0.612561677631579 0.01023391812865497 0.046121162280701754
0 0.610562865497076 0.6151315789473685 0.019919590643274854 0.05016447368421053
0 0.25995979532163743 0.609375 0.02010233918128655 0.029331140350877194
0 0.20732821637426901 0.6363760964912281 0.021929824561403508 0.06359649122807018
0 0.6493969298245614 0.6291118421052632 0.029970760233918127 0.04523026315789474
0 0.5898665935672515 0.6566611842105263 0.0333516081871345 0.06578947368421052
0 0.472953216374269 0.6957236842105263 0.03453947368421053 0.034265350877192985
0 0.43247441520467833 0.7612390350877193 0.023026315789473683 0.04139254385964912
0 0.46555190058479534 0.7790570175438597 0.019736842105263157 0.031524122807017545
0 0.6180555555555556 0.7941337719298246 0.030153508771929825 0.026589912280701754
0 0.4702119883040936 0.8090734649122807 0.012975146198830409 0.018092105263157895
0 0.034722222222222224 0.8844572368421053 0.0133406432748538 0.03179824561403509
0 0.10094937865497076 0.5001740679824561 0.02078764619883041 0.061609100877192985
0 0.11803271198830409 0.49823464912280696 0.023346125730994153 0.06575657894736846
0 0.1362390350877193 0.47640899122807023 0.03289473684210526 0.024155701754385934
0 0.4063185307017544 0.4259183114035088 0.03047331871345029 0.031524122807017545
0 0.45760233918128657 0.40984786184210525 0.013523391812865496 0.03515625
0 0.4447076023391813 0.4137719298245614 0.0317763157894737 0.049857456140350906
0 0.42505025584795325 0.5988555372807017 0.02124451754385965 0.028440241228070175
0 0.4241136695906433 0.6164336622807017 0.02320906432748538 0.028645833333333332
0 0.3527046783625731 0.5610265899122807 0.015625 0.0385827850877193
0 0.3636869517543859 0.5210389254385965 0.037154605263157885 0.04194078947368421
0 0.6313194444444444 0.4754043311403509 0.02444078947368417 0.051055372807017545
0 0.6270559210526315 0.49551123903508776 0.020924707602339183 0.06366502192982457
0 0.557485380116959 0.4299671052631579 0.02823464912280702 0.04865679824561404
0 0.5677768640350876 0.4345874451754386 0.020879020467836257 0.06777686403508772
0 0.591374269005848 0.4041598135964912 0.027138157894736843 0.05722313596491228
0 0.6061312134502924 0.43173519736842103 0.025676169590643276 0.05511513157894735
0 0.62796966374269 0.43342242324561403 0.030975877192982455 0.053933662280701754
