0 0.46325 0.4565 0.0235 0.026333333333333334
0 0.475125 0.6196666666666667 0.02025 0.04066666666666666
0 0.310875 0.26916666666666667 0.03075 0.023
0 0.34675 0.5653333333333334 0.023 0.03666666666666667
0 0.5621250000000001 0.4136666666666667 0.01625 0.048
0 0.5486249999999999 0.581 0.01575 0.034
0 0.541625 0.18616666666666667 0.02225 0.03766666666666667
0 0.6831250000000001 0.5408333333333333 0.01425 0.034333333333333334
0 0.546625 0.3145 0.01875 0.04566666666666667
0 0.604375 0.21933333333333332 0.01625 0.048
0 0.5435 0.5196666666666667 0.0235 0.03133333333333333
0 0.37175 0.4365 0.016 0.03966666666666667
0 0.491125 0.3978333333333333 0.01825 0.04033333333333333
0 0.348625 0.495 0.01525 0.03666666666666667
0 0.246 0.46149999999999997 0.0215 0.03966666666666667
0 0.502375 0.5133333333333333 0.02225 0.03266666666666666
0 0.35274999999999995 0.4485 0.0175 0.04566666666666667
0 0.488875 0.2003333333333333 0.02775 0.034
0 0.3865 0.4275 0.019 0.039
0 0.38175000000000003 0.5875 0.018 0.04766666666666667
0 0.624 0.43866666666666665 0.019 0.03933333333333333
0 0.341125 0.5381666666666667 0.01925 0.039
0 0.336375 0.49633333333333335 0.01325 0.03333333333333333
0 0.41675 0.4736666666666667 0.012 0.042
0 0.344625 0.7256666666666667 0.01875 0.025333333333333333
0 0.577375 0.3146666666666667 0.01525 0.046
0 0.434 0.5148333333333334 0.0185 0.04766666666666667
0 0.637 0.26366666666666666 0.0155 0.046
0 0.29625 0.3185 0.025 0.029
0 0.338625 0.6173333333333334 0.02375 0.038
0 0.53275 0.5575 0.0185 0.03966666666666667
0 0.682125 0.4781666666666667 0.02175 0.034333333333333334
0 0.40775 0.5153333333333333 0.016 0.044
0 0.672 0.5386666666666666 0.0135 0.04133333333333333
0 0.442375 0.21266666666666667 0.02425 0.028
0 0.629625 0.49633333333333335 0.01975 0.034
0 0.39775 0.32466666666666666 0.015 0.04466666666666667
0 0.352625 0.5325 0.01875 0.033
0 0.32212500000000005 0.5706666666666667 0.02775 0.02266666666666667
0 0.5844999999999999 0.5476666666666666 0.027 0.028
0 0.4435 0.42500000000000004 0.017 0.044
0 0.315375 0.33016666666666666 0.02625 0.03766666666666667
0 0.55875 0.353 0.026 0.029333333333333333
0 0.383125 0.3965 0.02725 0.027
0 0.264125 0.48033333333333333 0.02625 0.028
0 0.42062499999999997 0.21283333333333335 0.02225 0.04566666666666667
0 0.3905 0.24933333333333332 0.017 0.04933333333333333
0 0.560125 0.3195 0.02075 0.04566666666666667
0 0.371 0.49283333333333335 0.0195 0.028333333333333332
0 0.682875 0.494 0.02375 0.028
0 0.479125 0.39049999999999996 0.01975 0.043666666666666666
0 0.205375 0.5233333333333333 0.01925 0.03666666666666667
0 0.49412500000000004 0.32016666666666665 0.01975 0.052333333333333336
0 0.45399999999999996 0.438 0.0215 0.04066666666666666
0 0.47350000000000003 0.42966666666666664 0.018 0.048666666666666664
0 0.5025 0.41733333333333333 0.02 0.022
0 0.21712499999999998 0.5275 0.01525 0.041
0 0.37975000000000003 0.255 0.015 0.042
0 0.34425 0.46 0.019 0.035333333333333335
0 0.25075 0.5343333333333333 0.0205 0.034
0 0.49124999999999996 0.4726666666666667 0.0335 0.029333333333333333
0 0.440375 0.4721666666666666 0.01625 0.03966666666666667
0 0.378125 0.5093333333333333 0.02725 0.028666666666666667
0 0.4175 0.43116666666666664 0.016 0.049666666666666665
0 0.402625 0.42200000000000004 0.01525 0.046
0 0.438375 0.2975 0.02925 0.023666666666666666
0 0.537375 0.363 0.02225 0.04933333333333333
0 0.572875 0.5916666666666667 0.02475 0.032
0 0.50476875 0.6215 0.028252499999999996 0.04633333333333333
0 0.5555 0.26766666666666666 0.018 0.044
0 0.28775 0.5363333333333333 0.014 0.034666666666666665
0 0.4955 0.5823333333333334 0.0195 0.04666666666666667
0 0.4915 0.21133333333333335 0.0295 0.028666666666666667
0 0.6577500000000001 0.5368333333333333 0.0155 0.043
0 0.302875 0.5278333333333333 0.02575 0.021
0 0.663875 0.2703333333333333 0.01525 0.04666666666666667
0 0.330625 0.44033333333333335 0.01525 0.04133333333333333
0 0.5673750000000001 0.5048333333333334 0.01825 0.029666666666666668
0 0.312125 0.45699999999999996 0.02525 0.028666666666666667
0 0.602875 0.25716666666666665 0.01625 0.04566666666666667
0 0.45125 0.494 0.018 0.048666666666666664
0 0.705375 0.5448333333333334 0.02525 0.035666666666666666
0 0.5363749999999999 0.28633333333333333 0.01375 0.05
0 0.6930000000000001 0.5325000000000001 0.018 0.043666666666666666
0 0.570125 0.24100000000000002 0.01525 0.03866666666666667
0 0.369625 0.39166666666666666 0.01625 0.021333333333333333
0 0.609375 0.5271666666666667 0.01475 0.042333333333333334
0 0.579125 0.21916666666666668 0.02225 0.027666666666666666
0 0.5942500000000001 0.42566666666666664 0.0275 0.020666666666666667
0 0.382 0.36366666666666664 0.018 0.04066666666666666
0 0.61775 0.23199999999999998 0.0155 0.042
0 0.552875 0.4573333333333333 0.01675 0.04066666666666666
0 0.516 0.21558333333333335 0.0245 0.049833333333333334
0 0.49962500000000004 0.4031666666666667 0.01975 0.043
0 0.56475 0.5458333333333333 0.0205 0.027
0 0.352375 0.244 0.02325 0.025333333333333333
0 0.4865 0.2355 0.026 0.026333333333333334
0 0.5526249999999999 0.2175 0.02975 0.026333333333333334
0 0.30224999999999996 0.7196666666666667 0.0135 0.028
0 0.5455 0.23450000000000001 0.0155 0.033666666666666664
0 0.23775000000000002 0.5048333333333334 0.0305 0.025666666666666667
0 0.531375 0.22466666666666668 0.01925 0.034
0 0.36812500000000004 0.24933333333333335 0.01175 0.03
0 0.653 0.5033333333333333 0.018 0.03
0 0.44612500000000005 0.5353333333333334 0.02175 0.03933333333333333
0 0.364 0.47383333333333333 0.0155 0.04633333333333333
0 0.55925 0.18933333333333333 0.018 0.044
0 0.50625 0.4311666666666667 0.025 0.021
0 0.27825 0.5006666666666667 0.0185 0.035333333333333335
0 0.23275 0.5291666666666667 0.019 0.033
0 0.5038750000000001 0.45899999999999996 0.01425 0.034666666666666665
0 0.44675000000000004 0.615 0.025 0.020666666666666667
0 0.549 0.278 0.012 0.035333333333333335
0 0.36125 0.5196666666666667 0.017 0.038
0 0.297875 0.302 0.02875 0.022
0 0.463375 0.5358333333333334 0.01225 0.04833333333333333
0 0.505125 0.2565 0.01175 0.033
0 0.538375 0.42800000000000005 0.01475 0.046
0 0.596375 0.4518333333333333 0.01525 0.034333333333333334
0 0.499 0.7241666666666667 0.0155 0.019666666666666666
0 0.48262499999999997 0.5680000000000001 0.01425 0.046
0 0.531875 0.24466666666666667 0.02175 0.025333333333333333
0 0.446375 0.3188333333333333 0.02875 0.022333333333333334
0 0.408625 0.5703333333333332 0.01675 0.04733333333333333
0 0.2745 0.5461666666666667 0.019 0.03966666666666667
0 0.486125 0.26316666666666666 0.02825 0.023666666666666666
0 0.40575 0.462 0.016 0.03933333333333333
0 0.453625 0.5208333333333334 0.01375 0.03966666666666667
0 0.395625 0.515 0.01675 0.03933333333333333
0 0.49812500000000004 0.4965 0.01575 0.025
0 0.5467500000000001 0.5013333333333333 0.0195 0.016
0 0.607875 0.4525 0.01425 0.045
0 0.655375 0.813 0.03025 0.030666666666666665
0 0.68075 0.5135 0.0245 0.02033333333333333
0 0.489 0.24733333333333335 0.0285 0.026
0 0.5477500000000001 0.43266666666666664 0.0175 0.04666666666666667
0 0.5201250000000001 0.5583333333333333 0.01275 0.043333333333333335
0 0.45825 0.5904999999999999 0.0155 0.045
0 0.66375 0.5016666666666667 0.019 0.029333333333333333
0 0.318875 0.31116666666666665 0.03025 0.027666666666666666
0 0.35425 0.2763333333333333 0.013 0.03866666666666667
0 0.3205 0.4811666666666667 0.034 0.013666666666666667
0 0.513125 0.24383333333333335 0.01875 0.035
0 0.4435 0.2673333333333333 0.0155 0.042666666666666665
0 0.5095 0.3185 0.0165 0.051
0 0.369875 0.5984999999999999 0.01725 0.035
0 0.519125 0.22449999999999998 0.00725 0.014333333333333333
0 0.39525 0.48383333333333334 0.0185 0.030333333333333334
0 0.57975 0.5691666666666667 0.0325 0.01633333333333333
0 0.259075 0.5134166666666666 0.014625 0.035833333333333335
0 0.27376375000000003 0.5184166666666666 0.0270025 0.03916666666666667
0 0.28732749999999996 0.47475 0.019125 0.043833333333333335
0 0.30464125000000003 0.4905833333333333 0.022002499999999998 0.03816666666666667
0 0.31614125 0.48941666666666667 0.0345025 0.033166666666666664
0 0.29589125 0.5091666666666667 0.0272525 0.03
0 0.3258925 0.5139166666666667 0.037004999999999996 0.0195
0 0.32082999999999995 0.5456666666666666 0.016125 0.04066666666666666
0 0.30332875000000004 0.5450833333333334 0.022377499999999998 0.024166666666666666
0 0.3282675 0.5370833333333334 0.02 0.04083333333333333
0 0.31932875 0.4669166666666667 0.0368775 0.020833333333333332
0 0.2142725 0.5930000000000001 0.0195 0.037333333333333336
0 0.24465 0.5423333333333333 0.02125 0.034
0 0.30644374999999996 0.438375 0.029377499999999997 0.02425
0 0.32382 0.42104166666666665 0.02025 0.042416666666666665
0 0.38139375 0.4689166666666667 0.017252499999999997 0.051166666666666666
0 0.39176999999999995 0.4514166666666667 0.0165 0.03783333333333333
0 0.3766425 0.53825 0.01775 0.044833333333333336
0 0.3852675 0.5446666666666666 0.01475 0.044
0 0.42008249999999997 0.5209166666666667 0.014875 0.050166666666666665
0 0.42839625 0.47491666666666665 0.017502499999999997 0.051833333333333335
0 0.351765 0.5873333333333333 0.018 0.043333333333333335
0 0.36626625 0.56025 0.021002499999999997 0.042166666666666665
0 0.39414249999999995 0.5659166666666666 0.01625 0.0425
0 0.40001875 0.5875 0.0200025 0.027666666666666666
0 0.41883249999999994 0.5718333333333333 0.012875 0.03866666666666667
0 0.42333249999999994 0.5635 0.016875 0.039
0 0.43577124999999994 0.5570833333333334 0.015502499999999997 0.0495
0 0.42320749999999996 0.6098333333333333 0.019125 0.05
0 0.43602124999999997 0.5886666666666667 0.013752499999999997 0.04066666666666666
0 0.45039749999999995 0.56725 0.0175 0.04783333333333333
0 0.47002374999999996 0.5724166666666667 0.013252499999999997 0.04683333333333333
0 0.49096249999999997 0.5985833333333334 0.019125 0.03883333333333333
0 0.50252125 0.56775 0.019252500000000054 0.034166666666666665
0 0.51058375 0.5672499999999999 0.013877500000000055 0.036833333333333336
0 0.52736125 0.576875 0.011427500000000009 0.03275
0 0.56058625 0.5780000000000001 0.02012749999999994 0.035333333333333335
0 0.5897137499999999 0.6105833333333334 0.017877500000000053 0.0435
0 0.60358875 0.6049166666666667 0.016627500000000055 0.03916666666666667
0 0.59140125 0.58375 0.014752500000000054 0.012166666666666666
0 0.42766375 0.4231666666666667 0.0157525 0.051
0 0.466745 0.48170833333333335 0.015095000000000027 0.050083333333333334
0 0.47944875 0.503375 0.0276275 0.03808333333333333
0 0.4819175 0.49020833333333336 0.01919 0.042083333333333334
0 0.47329124999999994 0.525 0.0163125 0.038
0 0.49094875 0.5399583333333333 0.024127499999999996 0.03691666666666667
0 0.50338625 0.5328333333333333 0.024002500000000055 0.030833333333333334
0 0.48914374999999993 0.4415833333333333 0.017752499999999997 0.04516666666666667
0 0.51927125 0.4656666666666667 0.022752500000000054 0.046
0 0.52102125 0.48966666666666664 0.023252500000000054 0.036333333333333336
0 0.51852125 0.4996666666666667 0.018002500000000053 0.038
0 0.51333375 0.5053333333333334 0.020127500000000055 0.042333333333333334
0 0.52558375 0.45616666666666666 0.024127500000000055 0.050666666666666665
0 0.5360837500000001 0.4628333333333333 0.028877500000000056 0.04633333333333333
0 0.56152375 0.4658333333333334 0.018502499999999943 0.038
0 0.54246125 0.48733333333333334 0.03162749999999994 0.018666666666666668
0 0.56358625 0.5186666666666666 0.03687749999999994 0.024666666666666667
0 0.57865125 0.49474999999999997 0.022752500000000054 0.0355
0 0.569025 0.4458333333333333 0.02025 0.03333333333333333
0 0.57833875 0.4295 0.022627500000000054 0.035
0 0.5862762499999999 0.45958333333333334 0.017002500000000056 0.0355
0 0.5672124999999999 0.476 0.022625 0.03333333333333333
0 0.58958875 0.50025 0.027627500000000055 0.0435
0 0.59246375 0.5165000000000001 0.017377500000000056 0.035333333333333335
0 0.52444875 0.5151666666666667 0.028502500000000056 0.04883333333333333
0 0.53623125 0.5325833333333334 0.0206875 0.017333333333333333
0 0.5424475 0.549875 0.021 0.029416666666666667
0 0.5550425 0.5485416666666667 0.021315000000000056 0.02825
0 0.57395875 0.536 0.027877500000000055 0.019666666666666666
0 0.6215237499999999 0.5286666666666667 0.01650249999999994 0.035333333333333335
0 0.637525 0.52825 0.0215 0.0335
0 0.64621375 0.53525 0.025877500000000053 0.033166666666666664
0 0.6052737499999999 0.5085000000000001 0.018002499999999942 0.041666666666666664
0 0.6241375 0.5050416666666666 0.02175 0.03125
0 0.59822875 0.47291666666666665 0.0156875 0.031166666666666665
0 0.6154175000000001 0.473625 0.019065000000000054 0.033416666666666664
0 0.63179375 0.4553333333333333 0.0165625 0.037333333333333336
0 0.6393949999999999 0.4610833333333333 0.01925 0.04583333333333333
0 0.63552 0.4915833333333333 0.022 0.03816666666666667
0 0.6533337499999999 0.46275 0.023127500000000054 0.0425
0 0.6554587500000001 0.47783333333333333 0.022877500000000054 0.042
0 0.669335 0.47583333333333333 0.026125 0.034333333333333334
0 0.6994 0.5060833333333333 0.016 0.03783333333333333
0 0.70615 0.49675 0.02075 0.043833333333333335
0 0.670355 0.5777916666666666 0.021065000000000056 0.041916666666666665
0 0.33557875 0.23975 0.016377499999999996 0.0515
0 0.32976625 0.27658333333333335 0.018252499999999998 0.0495
0 0.31413875 0.28708333333333336 0.0372525 0.022166666666666668
0 0.3445175 0.2755 0.01525 0.05
0 0.37026875 0.28933333333333333 0.021502499999999997 0.04633333333333333
0 0.39902124999999994 0.27708333333333335 0.029752499999999998 0.024833333333333332
0 0.40189624999999995 0.2415 0.013502499999999997 0.05266666666666667
0 0.40983375 0.22775 0.0198775 0.04883333333333333
0 0.42396125 0.26558333333333334 0.028627499999999997 0.04716666666666667
0 0.42683499999999996 0.25516666666666665 0.015625 0.048666666666666664
0 0.4021475 0.29041666666666666 0.044754999999999996 0.028166666666666666
0 0.37852 0.2826666666666666 0.01275 0.023666666666666666
0 0.32845375 0.33483333333333337 0.0196275 0.05
0 0.3397675 0.32241666666666663 0.01375 0.04783333333333333
0 0.35045625 0.31333333333333335 0.014377499999999998 0.050333333333333334
0 0.36289375 0.3095 0.018002499999999998 0.04133333333333333
0 0.35914375 0.3343333333333333 0.016502499999999996 0.04633333333333333
0 0.36801999999999996 0.3388333333333333 0.009 0.025
0 0.37483249999999996 0.33666666666666667 0.014875 0.049666666666666665
0 0.38789625 0.33391666666666664 0.022502499999999998 0.042833333333333334
0 0.41514874999999996 0.33625 0.017252499999999997 0.0485
0 0.41439875 0.3079166666666666 0.022002499999999998 0.043833333333333335
0 0.35514249999999997 0.36733333333333335 0.023 0.04733333333333333
0 0.39727124999999996 0.36483333333333334 0.0227525 0.034333333333333334
0 0.4247725 0.3525 0.017 0.05566666666666667
0 0.42983374999999996 0.33191666666666664 0.018127499999999998 0.0525
0 0.45427249999999997 0.34741666666666665 0.02025 0.0445
0 0.44170624999999997 0.24508333333333332 0.018127499999999998 0.0565
0 0.45714499999999997 0.22649999999999998 0.01825 0.05266666666666667
0 0.45452 0.26216666666666666 0.017 0.048
0 0.4668325 0.24866666666666665 0.017125 0.056666666666666664
0 0.46926999999999996 0.222 0.0125 0.052333333333333336
0 0.45602 0.29050000000000004 0.01975 0.045
0 0.47720875 0.29000000000000004 0.037627499999999994 0.036
0 0.48427125 0.29441666666666666 0.0270025 0.0305
0 0.48064625 0.30566666666666664 0.038502499999999995 0.030333333333333334
0 0.47264125 0.32875 0.029252499999999997 0.026166666666666668
0 0.51089375 0.35933333333333334 0.0197525 0.035
0 0.51833125 0.3414166666666667 0.018127499999999998 0.044833333333333336
0 0.5782737499999999 0.37274999999999997 0.02050249999999994 0.0495
0 0.52002125 0.27066666666666667 0.019002500000000054 0.042666666666666665
0 0.5067699999999999 0.2855 0.02475 0.03766666666666667
0 0.5250212500000001 0.2885 0.016002500000000055 0.062
0 0.56320625 0.25708333333333333 0.02112749999999994 0.0565
0 0.58070875 0.2743333333333333 0.035877500000000055 0.042666666666666665
0 0.5913962500000001 0.30541666666666667 0.019252500000000054 0.04016666666666667
0 0.60008375 0.28850000000000003 0.03162750000000005 0.032
0 0.6158975 0.26808333333333334 0.01525 0.04716666666666667
0 0.6298362500000001 0.2519166666666667 0.014627499999999941 0.05483333333333333
0 0.59214625 0.22825 0.012502500000000055 0.04883333333333333
0 0.5813325 0.25066666666666665 0.017625 0.058666666666666666
0 0.6507075 0.2535 0.015625 0.049666666666666665
0 0.67620875 0.26816666666666666 0.016127500000000055 0.04466666666666667
0 0.526685 0.41231666666666666 0.016375 0.04798666666666668
0 0.5192475 0.4228133333333334 0.015749999999999945 0.04432000000000001
