0 0.6471250000000001 0.23083333333333333 0.024 0.030666666666666665
0 0.65501125 0.23951 0.0256875 0.03464666666666669
0 0.64695875 0.27458333333333335 0.018667500000000017 0.042166666666666665
0 0.6236875000000001 0.24275333333333335 0.027125 0.03250666666666666
0 0.7011975 0.247835 0.01914499999999998 0.03574333333333334
0 0.60203125 0.24267999999999998 0.0283125 0.026326666666666672
0 0.68977 0.24931 0.019625 0.03695333333333334
0 0.7161249999999999 0.2555 0.021 0.043333333333333335
0 0.581875 0.25571666666666665 0.018 0.03807333333333334
0 0.6592662499999999 0.26321666666666665 0.01255250000000001 0.03690666666666668
0 0.63703125 0.269255 0.0141875 0.04615666666666668
0 0.6276250000000001 0.270005 0.014625 0.03899000000000001
0 0.6668649999999999 0.27584 0.015480000000000018 0.04432000000000001
0 0.69135375 0.277335 0.023457499999999982 0.027669999999999997
0 0.7722912500000001 0.28 0.016332499999999982 0.033
0 0.759885 0.283485 0.01735500000000002 0.03596999999999999
0 0.745875 0.2841666666666667 0.0125 0.021333333333333333
0 0.6985 0.281715 0.02725 0.031243333333333338
0 0.601125 0.29013666666666665 0.0195 0.03194000000000002
0 0.7140937500000001 0.28833333333333333 0.0280625 0.026333333333333334
0 0.7325 0.291 0.01475 0.03166666666666667
0 0.6232075 0.29397333333333336 0.03125 0.02705333333333332
0 0.59448875 0.30002500000000004 0.0321875 0.03548999999999997
0 0.64486375 0.2969 0.0290625 0.03423999999999997
0 0.6713224999999999 0.29683499999999996 0.026605000000000018 0.020669999999999997
0 0.69865625 0.30075166666666664 0.0221875 0.029823333333333344
0 0.74108375 0.3081133333333333 0.01758249999999998 0.03522666666666665
0 0.61753125 0.31023 0.015397500000000036 0.036573333333333305
0 0.7133700000000001 0.31303333333333333 0.019259999999999992 0.04042666666666666
0 0.7231675 0.3154516666666667 0.011625 0.04542999999999999
0 0.7875412500000001 0.3123333333333333 0.016332499999999982 0.033666666666666664
0 0.6778912500000001 0.3140833333333334 0.025282500000000027 0.03383333333333333
0 0.67046875 0.31521166666666667 0.0251875 0.03191000000000001
0 0.7985825 0.312465 0.01475 0.035323333333333345
0 0.6500425 0.32206 0.0165 0.04190666666666664
0 0.76947875 0.313235 0.024707499999999983 0.027863333333333344
0 0.5983962500000001 0.3158533333333333 0.02904250000000002 0.029493333333333302
0 0.7320000000000001 0.32716666666666666 0.01425 0.04066666666666666
0 0.63977125 0.32366666666666666 0.013792500000000018 0.03166666666666667
0 0.69698 0.32799833333333334 0.023394999999999982 0.03815666666666668
0 0.6249374999999999 0.33093666666666666 0.01775 0.0368733333333333
0 0.39358375 0.33166500000000004 0.03008249999999998 0.027663333333333335
0 0.81475 0.33066666666666666 0.03375 0.023666666666666666
0 0.7151299999999999 0.33941166666666667 0.016654999999999972 0.041490000000000006
0 0.5926975 0.33981666666666666 0.019644999999999982 0.041193333333333346
0 0.7803749999999999 0.334 0.015 0.026333333333333334
0 0.7418750000000001 0.3436666666666667 0.022 0.043
0 0.6843750000000001 0.3421666666666667 0.0115 0.034
0 0.668875 0.3359166666666667 0.032 0.019833333333333335
0 0.758625 0.3389816666666666 0.015 0.033703333333333335
0 0.7525937500000001 0.36193166666666665 0.0213125 0.036863333333333304
0 0.7703125 0.34353333333333336 0.014875 0.03406666666666668
0 0.6108287499999999 0.3471883333333333 0.020842499999999972 0.038616666666666674
0 0.583125 0.34789333333333333 0.0165 0.04095999999999996
0 0.69525 0.34933333333333333 0.01325 0.03966666666666667
0 0.673125 0.3438333333333333 0.016 0.019333333333333334
0 0.66225 0.3535 0.01775 0.017333333333333333
0 0.6397812500000001 0.352605 0.0180625 0.03845666666666667
0 0.5468012499999999 0.35498833333333335 0.0175625 0.040656666666666674
0 0.5669575 0.35389499999999996 0.02975 0.0341233333333333
0 0.7866249999999999 0.34983333333333333 0.023 0.025333333333333333
0 0.783375 0.3635 0.0255 0.030666666666666665
0 0.7879375000000001 0.3685 0.033125 0.03933333333333333
0 0.62775 0.35958166666666663 0.01925 0.04307666666666664
0 0.72052625 0.36324333333333336 0.014927500000000008 0.04082666666666667
0 0.7070525000000001 0.366965 0.014144999999999982 0.04254333333333337
0 0.6485625 0.37116666666666664 0.017625 0.042666666666666665
0 0.763625 0.37219500000000005 0.016 0.042056666666666694
0 0.5711612500000001 0.369735 0.01107249999999999 0.037143333333333355
0 0.57973 0.379135 0.014875 0.040296666666666626
0 0.6727500000000001 0.3725 0.01475 0.03666666666666667
0 0.6845 0.377 0.01175 0.037
0 0.5990475 0.37782 0.011720000000000027 0.039146666666666684
0 0.6135425 0.3779733333333333 0.012 0.03428666666666663
0 0.66178125 0.38099 0.0210625 0.04424000000000001
0 0.696375 0.378 0.014 0.030333333333333334
0 0.5902499999999999 0.38131333333333334 0.01125 0.0343733333333333
0 0.7293000000000001 0.382755 0.014850000000000023 0.036509999999999994
0 0.55936375 0.3841766666666666 0.0184375 0.03697333333333336
0 0.60583875 0.38572166666666663 0.011782500000000027 0.03645666666666663
0 0.743 0.3880866666666667 0.01575 0.04149333333333334
0 0.6331725 0.39220166666666667 0.011904999999999973 0.037403333333333344
0 0.6267812500000001 0.39835166666666666 0.0153125 0.029630000000000035
0 0.61865625 0.38885333333333333 0.0180625 0.038626666666666705
0 0.79390625 0.3874433333333333 0.0329375 0.02255333333333336
0 0.75790625 0.39216666666666666 0.0234375 0.026
0 0.45287499999999997 0.3953333333333333 0.0265 0.024333333333333332
0 0.7173025 0.40202666666666664 0.018289999999999963 0.039779999999999975
0 0.52349 0.4043333333333333 0.015269999999999982 0.03966666666666667
0 0.29983249999999995 0.40496333333333334 0.020875 0.04165333333333327
0 0.8415625 0.40757 0.016625 0.04719333333333331
0 0.36093749999999997 0.4075 0.022125 0.04066666666666666
0 0.64209375 0.4081266666666667 0.0139375 0.04563333333333329
0 0.7083125 0.40570666666666666 0.014875 0.03625333333333333
0 0.858625 0.4088333333333333 0.0185 0.04
0 0.5740887499999999 0.40603833333333333 0.01596749999999997 0.03748999999999993
0 0.799125 0.45999999999999996 0.019 0.03766666666666667
0 0.3845 0.4100083333333333 0.019 0.03968333333333332
0 0.65540625 0.413245 0.0145625 0.04415666666666668
0 0.6907187499999999 0.40637333333333336 0.0291875 0.03025333333333333
0 0.6876249999999999 0.42352833333333334 0.0285 0.025410000000000005
0 0.5103025 0.4128483333333333 0.013355000000000018 0.03734999999999999
0 0.784375 0.41650000000000004 0.018 0.044
0 0.7826762500000001 0.4349483333333334 0.0200625 0.04290333333333335
0 0.67415625 0.409705 0.0285625 0.03158999999999999
0 0.5535725 0.410045 0.01325 0.03291000000000001
0 0.465855 0.4050416666666667 0.031 0.017083333333333332
0 0.45788500000000004 0.4274266666666667 0.014019999999999982 0.03451999999999998
0 0.5870725 0.4151666666666667 0.015394999999999982 0.038
0 0.7395937499999999 0.4083866666666667 0.0159375 0.027826666666666673
0 0.54038625 0.41829333333333335 0.0128125 0.04174666666666667
0 0.7281562500000001 0.41607000000000005 0.0100625 0.034859999999999974
0 0.5305525 0.4182116666666667 0.011855000000000018 0.044576666666666674
0 0.59746875 0.42337 0.013147500000000036 0.04574000000000001
0 0.399625 0.41684499999999997 0.0225 0.035976666666666685
0 0.8106875 0.42066666666666663 0.014625 0.03966666666666667
0 0.7674475 0.42400000000000004 0.015644999999999982 0.041
0 0.49619875 0.42197 0.0189375 0.03926666666666665
0 0.48338625 0.41990500000000003 0.0173125 0.033856666666666646
0 0.744625 0.43074999999999997 0.018125 0.04489333333333328
0 0.61871875 0.42182499999999995 0.0286875 0.02157666666666667
0 0.8256875 0.4315 0.016125 0.03666666666666667
0 0.761125 0.4366083333333334 0.0195 0.043116666666666636
0 0.54998 0.435875 0.015625 0.04525
0 0.71546875 0.43673333333333336 0.0196875 0.04419999999999997
0 0.7335625 0.4401616666666666 0.010375 0.04175
0 0.70427625 0.4368316666666667 0.02290750000000003 0.03295000000000005
0 0.5785837500000001 0.44069833333333336 0.021917500000000017 0.03706333333333335
0 0.8185312499999999 0.4366566666666667 0.0143125 0.03371999999999995
0 0.518 0.4448533333333334 0.01425 0.04388000000000003
0 0.693365 0.43502833333333335 0.02448000000000002 0.021056666666666692
0 0.65715625 0.441955 0.0190625 0.03775666666666666
0 0.31698000000000004 0.44610833333333333 0.018625 0.04241
0 0.6398125 0.43876499999999996 0.027375 0.03547000000000003
0 0.666125 0.4436583333333334 0.016 0.03365000000000001
0 0.60045875 0.44399999999999995 0.015167500000000018 0.029666666666666668
0 0.50349 0.4493233333333333 0.014730000000000017 0.043266666666666655
0 0.74940625 0.44615666666666665 0.0149375 0.03774000000000001
0 0.5874262499999999 0.4487466666666666 0.0126875 0.034173333333333326
0 0.47148874999999996 0.4487583333333333 0.0140625 0.029849999999999984
0 0.83725 0.443675 0.02325 0.019683333333333317
0 0.43335375 0.45253 0.023957499999999982 0.03472666666666669
0 0.673115 0.45437333333333335 0.01801999999999998 0.04043333333333332
0 0.681385 0.46526999999999996 0.012480000000000019 0.0411266666666667
0 0.7196975 0.4514033333333333 0.020144999999999982 0.034573333333333345
0 0.444645 0.458285 0.016375 0.046429999999999985
0 0.46313499999999996 0.45563666666666663 0.014980000000000018 0.03972666666666669
0 0.5688962500000001 0.45716666666666667 0.018542500000000017 0.04066666666666666
0 0.302605 0.45653 0.01425 0.036726666666666685
0 0.34066625 0.45570166666666667 0.01908249999999998 0.03759666666666665
0 0.45422874999999996 0.4585633333333334 0.016207499999999982 0.04298666666666668
0 0.42090625000000004 0.4592583333333333 0.0175625 0.04365666666666668
0 0.36764499999999994 0.4587316666666667 0.0125 0.04049000000000001
0 0.35975999999999997 0.46543666666666667 0.01876999999999998 0.03857333333333334
0 0.49061374999999996 0.45909833333333333 0.0143125 0.03982333333333334
0 0.8094374999999999 0.4600533333333333 0.016125 0.04356000000000002
0 0.29024 0.4615766666666667 0.015269999999999982 0.04117999999999999
0 0.37956249999999997 0.46416666666666667 0.0195 0.042
0 0.3266775 0.46089833333333335 0.015605000000000018 0.03849000000000001
0 0.53023 0.461275 0.015375 0.03911666666666663
0 0.604125 0.46166666666666667 0.02 0.036333333333333336
0 0.413625 0.4657983333333333 0.02 0.038570000000000014
0 0.40903125 0.47863 0.0138125 0.043073333333333345
0 0.6920937500000001 0.4675 0.0124375 0.042
0 0.7829475 0.46723166666666666 0.016644999999999983 0.04099000000000001
0 0.70175 0.464225 0.009625 0.030116666666666635
0 0.39821875 0.46808833333333333 0.0111875 0.03882333333333334
0 0.722625 0.47250000000000003 0.016 0.04
0 0.38796875000000003 0.47263 0.0158125 0.04274000000000001
0 0.48117624999999997 0.47613666666666665 0.0161875 0.04740666666666667
0 0.7728962500000001 0.468165 0.015542500000000018 0.034323333333333345
0 0.8212499999999999 0.471175 0.02375 0.035316666666666684
0 0.34480125 0.46814500000000003 0.0174375 0.03032333333333334
0 0.55433375 0.4764366666666666 0.014417500000000019 0.04120666666666663
0 0.6115 0.474 0.01825 0.034333333333333334
0 0.75801125 0.470955 0.0138125 0.03407666666666667
0 0.43572875 0.4783916666666667 0.015707499999999982 0.042656666666666676
0 0.509865 0.4762716666666667 0.01598000000000002 0.039123333333333295
0 0.8401875 0.4780183333333333 0.021125 0.046963333333333364
0 0.5424375 0.47767 0.01325 0.03700666666666666
0 0.73209375 0.47983333333333333 0.0229375 0.042
0 0.52133375 0.4793966666666667 0.017917500000000017 0.040873333333333296
0 0.66333375 0.4851666666666667 0.01591750000000002 0.048
0 0.70814625 0.48 0.013542500000000018 0.034333333333333334
0 0.49711374999999997 0.48151166666666667 0.0140625 0.03615666666666668
0 0.58557375 0.48242 0.0205625 0.03623999999999993
0 0.47215625 0.48545333333333335 0.013602499999999964 0.03577333333333331
0 0.6339575 0.4863533333333333 0.0225 0.030373333333333297
0 0.771 0.48674833333333334 0.01675 0.03283666666666667
0 0.644145 0.49193499999999996 0.02475 0.036869999999999965
0 0.6764375 0.49424166666666663 0.013835000000000037 0.044063333333333274
0 0.6228225 0.4822116666666667 0.01889499999999998 0.018330000000000003
0 0.73591625 0.4923283333333333 0.0201875 0.037410000000000006
0 0.85203125 0.48963 0.0241875 0.024926666666666656
0 0.75264125 0.5006833333333334 0.014532500000000028 0.04569999999999997
0 0.42644750000000003 0.49366666666666664 0.013644999999999982 0.024333333333333332
0 0.45899999999999996 0.4946183333333333 0.018289999999999963 0.03244333333333331
0 0.53501125 0.49588 0.0134375 0.03124000000000001
0 0.52325 0.4983333333333333 0.01775 0.029666666666666668
0 0.6948012499999999 0.502665 0.0199375 0.041490000000000006
0 0.7618225000000001 0.4977 0.01225 0.03124666666666667
0 0.6550825 0.501205 0.014375 0.03582333333333327
0 0.79877 0.4996 0.0175 0.03599333333333334
0 0.56896875 0.5021150000000001 0.0143125 0.029896666666666686
0 0.5624375 0.49949 0.010875 0.02131333333333335
0 0.68364625 0.5042516666666667 0.018042500000000017 0.039830000000000004
0 0.8135825 0.5077133333333333 0.023625 0.037093333333333325
0 0.2495 0.5068333333333334 0.02225 0.034
0 0.33115625000000004 0.5081516666666667 0.0135625 0.039903333333333346
0 0.861375 0.5046666666666667 0.022 0.030333333333333334
0 0.4178025 0.5081916666666667 0.016144999999999982 0.036216666666666696
0 0.614385 0.5073716666666667 0.01851999999999998 0.032989999999999936
0 0.3734475 0.51401 0.012644999999999983 0.04035333333333332
0 0.718605 0.5133933333333333 0.0175 0.044726666666666685
0 0.2346875 0.5169933333333333 0.016625 0.046653333333333345
0 0.320375 0.5140816666666667 0.014625 0.03899000000000001
0 0.59715625 0.5161666666666667 0.0140625 0.03933333333333333
0 0.74380125 0.5130133333333333 0.0153125 0.03778000000000005
0 0.3538325 0.5170933333333333 0.014125 0.038519999999999985
0 0.7047187500000001 0.515705 0.017522500000000038 0.0391566666666666
0 0.34296875 0.518 0.0143125 0.03833333333333333
0 0.36363500000000004 0.5168333333333334 0.009019999999999981 0.036
0 0.8407399999999999 0.5220466666666667 0.02073000000000002 0.041573333333333344
0 0.21943749999999998 0.5205 0.021375 0.03666666666666667
0 0.40545875 0.5205649999999999 0.015167500000000018 0.0367966666666667
0 0.57771875 0.51895 0.0126875 0.03709999999999999
0 0.62825 0.5225983333333333 0.016289999999999964 0.038863333333333305
0 0.310125 0.5182083333333334 0.013 0.03258333333333333
0 0.39472875 0.5225000000000001 0.011707499999999982 0.037333333333333336
0 0.387135 0.5241666666666667 0.009019999999999981 0.038
0 0.500125 0.518265 0.0145 0.02619666666666664
0 0.48135500000000003 0.5216283333333332 0.02825 0.03141000000000001
0 0.6189175 0.5207 0.015875 0.029160000000000005
0 0.7843237500000001 0.52258 0.0189375 0.03050666666666666
0 0.37842624999999996 0.5244383333333333 0.0088125 0.03665666666666668
0 0.5029275 0.5282266666666666 0.025605000000000017 0.0425466666666667
0 0.42717750000000004 0.5221100000000001 0.011105000000000018 0.028779999999999972
0 0.5652499999999999 0.5256666666666666 0.02375 0.03233333333333333
0 0.5876250000000001 0.5243533333333333 0.0075 0.03474000000000001
0 0.54844875 0.529685 0.0159375 0.041630000000000035
0 0.6398225 0.5294899999999999 0.01839499999999998 0.041240000000000006
0 0.6473949999999999 0.5425283333333334 0.022 0.034656666666666676
0 0.6584574999999999 0.544 0.016125 0.029666666666666668
0 0.7233962500000001 0.530095 0.013042500000000018 0.036143333333333354
0 0.7275412499999999 0.5597399999999999 0.011832499999999982 0.03539333333333328
0 0.659625 0.5208066666666666 0.02 0.01794666666666664
0 0.297375 0.5219966666666667 0.01625 0.025673333333333326
0 0.6917912500000001 0.5277883333333333 0.016332499999999982 0.03125
0 0.676125 0.5463333333333333 0.022 0.030333333333333334
0 0.436105 0.5244249999999999 0.011 0.02374333333333334
0 0.6058650000000001 0.5273516666666667 0.014519999999999983 0.03557666666666667
0 0.7565625 0.529155 0.017875 0.03599000000000001
0 0.7652500000000001 0.532655 0.01625 0.041656666666666675
0 0.513615 0.5368633333333334 0.014980000000000018 0.04265333333333335
0 0.5266675 0.532935 0.014875 0.03713000000000003
0 0.45183249999999997 0.5335516666666666 0.017625 0.036150000000000015
0 0.5384275000000001 0.5376416666666667 0.013394999999999982 0.036383333333333365
0 0.4676975 0.5371466666666668 0.015644999999999982 0.0306266666666667
0 0.705115 0.5401666666666667 0.012480000000000019 0.04466666666666667
0 0.74510375 0.5407783333333332 0.013457499999999982 0.034156666666666675
0 0.79407375 0.5415266666666666 0.0158125 0.033406666666666675
0 0.773375 0.5395366666666667 0.0095 0.027259999999999993
0 0.48254125000000003 0.5491133333333333 0.01666750000000002 0.03543999999999998
0 0.5614687500000001 0.54314 0.0169375 0.02599333333333334
0 0.28575 0.5509066666666667 0.0175 0.03481333333333335
0 0.6144175 0.545485 0.015375 0.024576666666666674
0 0.71298375 0.551685 0.01819749999999999 0.036536666666666634
0 0.81975 0.5533333333333333 0.02475 0.035
0 0.6937912500000001 0.5479583333333333 0.012332499999999982 0.02575
0 0.403625 0.5469999999999999 0.013 0.019
0 0.78321875 0.5523983333333333 0.0141875 0.03049000000000001
0 0.7906150000000001 0.56348 0.013980000000000018 0.03266000000000001
0 0.74002 0.5545966666666666 0.017875 0.02647333333333336
0 0.869125 0.5613333333333334 0.028 0.030333333333333334
0 0.846895 0.5684233333333333 0.02075 0.039179999999999986
0 0.6763750000000001 0.5598333333333333 0.0115 0.016
0 0.822625 0.5678333333333333 0.0175 0.024
0 0.7369325 0.5673116666666667 0.012200000000000046 0.023410000000000007
0 0.44925000000000004 0.5746666666666667 0.01975 0.027
0 0.104 0.5713333333333334 0.01875 0.019666666666666666
0 0.8309575 0.5789316666666666 0.02525 0.03815666666666668
0 0.72362 0.5781816666666666 0.010990000000000008 0.03145000000000005
0 0.71204125 0.5845 0.013332499999999982 0.030666666666666665
0 0.684 0.5861666666666667 0.01025 0.029333333333333333
0 0.7651662499999999 0.5903333333333334 0.01691750000000002 0.035666666666666666
0 0.369125 0.5843816666666667 0.0135 0.02757000000000001
0 0.17225 0.5936666666666667 0.01425 0.029
0 0.422375 0.5949083333333334 0.0125 0.035183333333333316
0 0.24325 0.5935 0.01675 0.021333333333333333
0 0.7005 0.6011666666666666 0.01175 0.034666666666666665
0 0.3945 0.6003333333333334 0.01375 0.023666666666666666
0 0.22574999999999998 0.601 0.01125 0.019666666666666666
0 0.056625 0.6041666666666666 0.012 0.018
0 0.6395000000000001 0.6041666666666666 0.01275 0.018666666666666668
0 0.43825 0.61007 0.01325 0.020473333333333357
0 0.41250000000000003 0.6191666666666666 0.01175 0.02
0 0.04025 0.6223333333333334 0.01625 0.025666666666666667
0 0.1555 0.6195 0.01725 0.015333333333333332
0 0.59333375 0.63 0.014417500000000019 0.017
0 0.723625 0.63684 0.023 0.030013333333333322
0 0.661 0.6378333333333334 0.02425 0.023333333333333334
0 0.88158375 0.636955 0.019582499999999982 0.023089999999999992
0 0.748125 0.6398333333333334 0.022 0.017333333333333333
0 0.801375 0.6438333333333334 0.013 0.025333333333333333
0 0.45633375000000004 0.6413333333333333 0.017917500000000017 0.017
0 0.915125 0.6603333333333333 0.017 0.021666666666666667
0 0.9485 0.6733333333333333 0.02075 0.023666666666666666
0 0.43652124999999997 0.6781666666666667 0.01820749999999998 0.023333333333333334
0 0.533875 0.91 0.012 0.01633333333333333
0 0.2678125 0.52299 0.024625 0.03199333333333334
0 0.28337500000000004 0.5149916666666666 0.02175 0.03599000000000001
0 0.56401 0.41451666666666664 0.013625 0.028366666666666637
0 0.6133124999999999 0.2603833333333333 0.01775 0.03840666666666668
0 0.6033124999999999 0.26875666666666664 0.02175 0.024826666666666674
0 0.67344875 0.24396666666666667 0.0196875 0.03540666666666668
0 0.67921875 0.2604383333333333 0.014352499999999964 0.05295000000000001
0 0.7323125 0.5278633333333334 0.016 0.03857333333333334
0 0.7544175000000001 0.3043166666666667 0.02 0.01999333333333334
0 0.76423 0.30852333333333337 0.028625 0.027406666666666638
0 0.8026137499999999 0.40183166666666664 0.0331875 0.028823333333333343
0 0.7991762499999999 0.42424166666666663 0.0126875 0.033990000000000006
0 0.80069875 0.36990500000000004 0.0293125 0.03249000000000001
0 0.816355 0.367405 0.014625 0.04515666666666668
