0 0.3883406432748538 0.6528234649122807 0.02266081871345029 0.0381030701754386
0 0.1335891812865497 0.5877192982456141 0.016812865497076022 0.03289473684210526
0 0.9798062865497076 0.513843201754386 0.02942251461988304 0.023848684210526317
0 0.31697733918128657 0.5660635964912281 0.016264619883040937 0.025767543859649123
0 0.6272843567251462 0.6384320175438596 0.022478070175438597 0.03673245614035088
0 0.7670869883040936 0.6025219298245614 0.0268640350877193 0.04111842105263158
0 0.41228070175438597 0.5885416666666666 0.017178362573099414 0.02905701754385965
0 0.41173245614035087 0.6276041666666666 0.021929824561403508 0.036458333333333336
0 0.12088815789473684 0.5275493421052632 0.022478070175438597 0.029331140350877194
0 0.0983187134502924 0.4680646929824561 0.02631578947368421 0.01836622807017544
0 0.3887061403508772 0.5731907894736842 0.015350877192982455 0.027412280701754384
0 0.6540414839181287 0.744298245614035 0.019402412280701768 0.04868421052631577
0 0.09950657894736842 0.5756578947368421 0.015533625730994151 0.018092105263157895
0 0.9425255847953217 0.30235745614035087 0.015899122807017545 0.025767543859649123
0 0.578764619883041 0.5452302631578947 0.019005847953216373 0.03125
0 0.6846673976608187 0.6367872807017544 0.021747076023391813 0.039473684210526314
0 0.5021016081871346 0.7676809210526316 0.01882309941520468 0.04961622807017544
0 0.8388157894736842 0.5422149122807017 0.024853801169590642 0.03782894736842105
0 0.8562682748538011 0.6604989035087719 0.02101608187134503 0.046875
0 0.6060855263157895 0.6245888157894737 0.01882309941520468 0.03755482456140351
0 0.6252741228070176 0.5523574561403509 0.02284356725146199 0.04111842105263158
0 0.6738852339181286 0.673108552631579 0.01516812865497076 0.032072368421052634
0 0.2804577850877193 0.7154440789473685 0.03423428362573098 0.03621710526315786
0 0.13998538011695907 0.7646655701754387 0.025219298245614034 0.0424890350877193
0 0.7413194444444444 0.7497258771929824 0.023574561403508772 0.03837719298245614
0 0.7692799707602339 0.7036732456140351 0.015899122807017545 0.048793859649122806
0 0.5320723684210527 0.6132127192982456 0.014071637426900584 0.03399122807017544
0 0.01726973684210526 0.6480263157894737 0.02101608187134503 0.03399122807017544
0 0.6918859649122806 0.6995614035087718 0.027412280701754384 0.04331140350877193
0 0.40232090643274854 0.5785361842105263 0.015533625730994151 0.038651315789473686
0 0.19407894736842107 0.6417694627192982 0.02010233918128655 0.047245065789473656
0 0.6978252923976609 0.6055372807017544 0.0268640350877193 0.03070175438596491
0 0.39903143274853803 0.6624177631578947 0.02138157894736842 0.028782894736842105
0 0.16072733918128657 0.5068530701754386 0.018457602339181287 0.0268640350877193
0 0.5993238304093568 0.7172423245614035 0.01918859649122807 0.04577850877192982
0 0.41684941520467833 0.7600054824561403 0.019005847953216373 0.03755482456140351
0 0.7591374269005848 0.5578399122807017 0.02448830409356725 0.039473684210526314
0 0.28645833333333337 0.5418037280701755 0.012609649122807017 0.026041666666666668
0 0.7609649122807017 0.6528234649122807 0.02046783625730994 0.04632675438596491
0 0.3983918128654971 0.793859649122807 0.021929824561403508 0.044956140350877194
0 0.8868786549707602 0.6078673245614035 0.02448830409356725 0.04303728070175439
0 0.740405701754386 0.6510416666666666 0.01918859649122807 0.03179824561403509
0 0.654422514619883 0.6518640350877193 0.013157894736842105 0.03070175438596491
0 0.7943165204678363 0.6062225877192983 0.023574561403508772 0.04084429824561404
0 0.7192068713450293 0.5679824561403509 0.017361111111111112 0.03453947368421053
0 0.6263706140350878 0.6639254385964912 0.019554093567251463 0.043859649122807015
0 0.20184576023391812 0.7539747807017544 0.027595029239766082 0.04084429824561404
0 0.6050804093567251 0.5315241228070176 0.021198830409356724 0.03782894736842105
0 0.657986111111111 0.6950383771929824 0.014802631578947368 0.033717105263157895
0 0.6656615497076023 0.6330866228070176 0.022112573099415205 0.04632675438596491
0 0.2898391812865497 0.6559758771929824 0.02266081871345029 0.03782894736842105
0 0.12463450292397661 0.5015076754385965 0.01644736842105263 0.02549342105263158
0 0.33287646198830406 0.7172423245614036 0.021747076023391813 0.04139254385964912
0 0.10005482456140351 0.7320449561403509 0.022112573099415205 0.04906798245614035
0 0.2286485745614035 0.7516337719298246 0.02710709064327484 0.052297149122806946
0 0.31716008771929827 0.7161458333333334 0.027960526315789474 0.04742324561403509
0 0.6061769005847952 0.3286732456140351 0.019736842105263157 0.01699561403508772
0 0.5591191520467836 0.553453947368421 0.01699561403508772 0.03125
0 0.33031798245614036 0.5408442982456141 0.018457602339181287 0.025767543859649123
0 0.4185855263157895 0.6413103070175439 0.020650584795321638 0.033168859649122806
0 0.856999269005848 0.6108826754385965 0.025767543859649123 0.0424890350877193
0 0.17726608187134504 0.7061403508771931 0.01644736842105263 0.03344298245614035
0 0.07227704678362573 0.581140350877193 0.029788011695906433 0.023574561403508772
0 0.6632858187134503 0.5416666666666666 0.023574561403508772 0.043859649122807015
0 0.5646929824561403 0.799890350877193 0.035818713450292396 0.03892543859649123
0 0.37947733918128657 0.6155427631578948 0.01114766081871345 0.032072368421052634
0 0.7529239766081872 0.3482730263157895 0.011330409356725146 0.024396929824561403
0 0.04596125730994152 0.6059484649122807 0.02101608187134503 0.02987938596491228
0 0.2987938596491228 0.5472861842105263 0.020833333333333332 0.02055921052631579
0 0.028417397660818713 0.5375548245614035 0.011513157894736841 0.03728070175438596
0 0.07255116959064327 0.7168311403508772 0.0266812865497076 0.049890350877192985
0 0.487390350877193 0.5790844298245614 0.021198830409356724 0.017269736842105265
0 0.6056286549707602 0.5951206140350878 0.03435672514619883 0.02412280701754386
0 0.45687134502923976 0.5815515350877193 0.03070175438596491 0.02275219298245614
0 0.41246345029239767 0.7191611842105263 0.014619883040935672 0.04577850877192982
0 0.01781798245614035 0.4750548245614035 0.012609649122807017 0.03234649122807018
0 0.32510964912280704 0.6493969298245614 0.01644736842105263 0.0268640350877193
0 0.5185489766081871 0.6334978070175438 0.012244152046783625 0.043859649122807015
0 0.7178362573099415 0.5067160087719298 0.017543859649122806 0.04194078947368421
0 0.8201754385964912 0.5583881578947368 0.02046783625730994 0.047149122807017545
0 0.13861476608187134 0.549342105263158 0.018092105263157895 0.041666666666666664
0 0.2220394736842105 0.6088267543859649 0.017178362573099414 0.03070175438596491
0 0.25118786549707606 0.5823739035087719 0.017361111111111112 0.033168859649122806
0 0.2875392909356725 0.6339007675438596 0.028294956140350862 0.052922149122807
0 0.02101608187134503 0.6913377192982456 0.017178362573099414 0.046052631578947366
0 0.7761330409356725 0.7319078947368421 0.0222953216374269 0.03453947368421053
0 0.15972222222222224 0.6485745614035088 0.01425438596491228 0.03453947368421053
0 0.5616776315789473 0.7199835526315789 0.01663011695906433 0.04413377192982456
0 0.47523757309941517 0.5475603070175439 0.014071637426900584 0.033717105263157895
0 0.5978618421052632 0.6813322368421052 0.01882309941520468 0.03042763157894737
0 0.7540204678362573 0.6680372807017543 0.01864035087719298 0.03508771929824561
0 0.4355811403508772 0.5515350877192983 0.024671052631578948 0.01864035087719298
0 0.7468932748538012 0.6884594298245614 0.021198830409356724 0.03262061403508772
0 0.10517178362573099 0.29605263157894735 0.012244152046783625 0.015899122807017545
0 0.6035270467836257 0.7630208333333334 0.020650584795321638 0.04029605263157895
0 0.32803362573099415 0.37390350877192985 0.019371345029239765 0.020285087719298246
0 0.2711988304093567 0.572094298245614 0.0222953216374269 0.02850877192982456
0 0.26434576023391815 0.5427631578947368 0.01516812865497076 0.025767543859649123
0 0.08753654970760234 0.7476699561403508 0.019736842105263157 0.0512609649122807
0 0.32383040935672514 0.6769462719298246 0.01425438596491228 0.046875
0 0.399671052631579 0.7256030701754386 0.009502923976608187 0.020833333333333332
0 0.09850146198830409 0.6781798245614036 0.012792397660818713 0.04057017543859649
0 0.1048062865497076 0.6463815789473685 0.014437134502923976 0.03892543859649123
0 0.4752375730994152 0.5307017543859649 0.01516812865497076 0.02138157894736842
0 0.09301900584795321 0.5346765350877193 0.017543859649122806 0.033168859649122806
0 0.08927266081871346 0.6548793859649122 0.01699561403508772 0.03508771929824561
0 0.7020285087719298 0.7506853070175439 0.03234649122807018 0.02987938596491228
0 0.6471125730994153 0.6929824561403509 0.017909356725146198 0.04276315789473684
0 0.15670687134502922 0.5919682017543859 0.014802631578947368 0.03536184210526316
0 0.43448464912280704 0.7521929824561403 0.017361111111111112 0.05921052631578947
0 0.14226973684210528 0.5989583333333333 0.014071637426900584 0.03728070175438596
0 0.8988486842105263 0.5777138157894737 0.030153508771929825 0.03536184210526316
0 0.6442799707602339 0.571546052631579 0.023940058479532164 0.03344298245614035
0 0.28600146198830406 0.5831962719298245 0.011330409356725146 0.02768640350877193
0 0.5286915204678362 0.7198464912280701 0.019736842105263157 0.02850877192982456
0 0.2527412280701754 0.549890350877193 0.03179824561403509 0.030153508771929825
0 0.4032328216374269 0.761796875 0.0210124269005848 0.05648848684210531
0 0.06779970760233918 0.6278782894736842 0.025950292397660817 0.023848684210526317
0 0.3666849415204678 0.6451480263157895 0.018092105263157895 0.029331140350877194
0 0.09722222222222222 0.6155427631578947 0.017543859649122806 0.02055921052631579
0 0.3047331871345029 0.5560581140350876 0.02320906432748538 0.0200109649122807
0 0.8845029239766081 0.6639254385964912 0.03545321637426901 0.027960526315789474
0 0.23461805555555557 0.6284827302631579 0.011999269005847968 0.04621436403508776
0 0.1527777777777778 0.5298793859649122 0.01644736842105263 0.02412280701754386
0 0.49990862573099415 0.7257401315789475 0.020285087719298246 0.04194078947368421
0 0.3214546783625731 0.5837445175438597 0.02266081871345029 0.016721491228070175
0 0.5293311403508772 0.5396107456140351 0.017726608187134504 0.021107456140350877
0 0.6927083333333333 0.6777686403508772 0.02101608187134503 0.04194078947368421
0 0.7211257309941521 0.692297149122807 0.017543859649122806 0.038651315789473686
0 0.3231907894736842 0.6085526315789473 0.014071637426900584 0.03892543859649123
0 0.3675986842105263 0.6119791666666667 0.01699561403508772 0.034265350877192985
0 0.6002375730994152 0.7478070175438597 0.019554093567251463 0.03892543859649123
0 0.9192251461988304 0.5783991228070176 0.025219298245614034 0.03399122807017544
0 0.29230628654970764 0.7288925438596492 0.017361111111111112 0.048793859649122806
0 0.12189327485380116 0.5472861842105263 0.019005847953216373 0.03481359649122807
0 0.2671783625730994 0.7420504385964912 0.03399122807017544 0.024671052631578948
0 0.5401133040935672 0.729029605263158 0.011878654970760233 0.033168859649122806
0 0.2057748538011696 0.6011513157894737 0.012426900584795321 0.027412280701754384
0 0.6343037280701754 0.7652014802631579 0.024155701754385934 0.05293037280701758
0 0.034082602339181284 0.4819078947368421 0.022112573099415205 0.02631578947368421
0 0.1353252923976608 0.6981907894736842 0.0268640350877193 0.027960526315789474
0 0.8400950292397661 0.6232182017543859 0.02850877192982456 0.04632675438596491
0 0.5004568713450293 0.5537280701754387 0.01516812865497076 0.04111842105263158
0 0.21875 0.7057291666666667 0.01644736842105263 0.03481359649122807
0 0.4947304459064328 0.6913925438596492 0.018580043859649138 0.03223684210526313
0 0.6375182748538012 0.716282894736842 0.01663011695906433 0.044956140350877194
0 0.3363176169590643 0.6192434210526315 0.02131944444444446 0.03837719298245614
0 0.48254751461988304 0.6529605263157895 0.019919590643274854 0.02138157894736842
0 0.2663559941520468 0.6236293859649122 0.01516812865497076 0.030153508771929825
0 0.009502923976608187 0.5472861842105263 0.014985380116959063 0.02549342105263158
0 0.11650219298245615 0.6000548245614035 0.021747076023391813 0.03892543859649123
0 0.33825201023391815 0.5589295504385965 0.029270833333333347 0.016981907894736793
0 0.6091922514619883 0.6493969298245614 0.01699561403508772 0.02412280701754386
0 0.22174981725146198 0.655734649122807 0.018123172514619895 0.04885964912280696
0 0.4704861111111111 0.7616502192982456 0.01663011695906433 0.05290570175438596
0 0.371984649122807 0.5482456140350876 0.01516812865497076 0.02905701754385965
0 0.7083333333333333 0.775219298245614 0.03508771929824561 0.02905701754385965
0 0.4918676900584795 0.713404605263158 0.011878654970760233 0.03262061403508772
0 0.15649305555555557 0.7116269188596491 0.024367690058479538 0.04331962719298251
0 0.5143457602339181 0.778234649122807 0.01663011695906433 0.05317982456140351
0 0.5339912280701754 0.7924890350877193 0.01644736842105263 0.047149122807017545
0 0.386421783625731 0.7478070175438596 0.018092105263157895 0.05921052631578947
0 0.33497807017543857 0.5959429824561404 0.01864035087719298 0.01864035087719298
0 0.0133406432748538 0.5693530701754386 0.019005847953216373 0.03289473684210526
0 0.23574561403508773 0.5635964912280702 0.01827485380116959 0.02412280701754386
0 0.36065423976608185 0.625 0.01516812865497076 0.022478070175438597
0 0.5504385964912281 0.6986019736842105 0.021929824561403508 0.03919956140350877
0 0.3401864035087719 0.6396655701754386 0.018092105263157895 0.04303728070175439
0 0.537828947368421 0.7532894736842106 0.014619883040935672 0.03508771929824561
0 0.0403874269005848 0.5291940789473685 0.01425438596491228 0.03919956140350877
0 0.2749451754385965 0.543859649122807 0.015899122807017545 0.0268640350877193
0 0.12198464912280702 0.657483552631579 0.015533625730994151 0.046875
0 0.39163011695906436 0.6918859649122806 0.013523391812865496 0.0356359649122807
0 0.010508040935672515 0.5087719298245614 0.02101608187134503 0.03673245614035088
0 0.12874634502923976 0.728344298245614 0.01663011695906433 0.043859649122807015
0 0.033960160818713454 0.5722861842105263 0.025888157894736846 0.02121710526315792
0 0.05400219298245614 0.5130208333333334 0.019919590643274854 0.019462719298245616
0 0.17781432748538012 0.561266447368421 0.01644736842105263 0.024396929824561403
0 0.8298611111111112 0.6881853070175439 0.02412280701754386 0.027138157894736843
0 0.5071271929824561 0.6329495614035088 0.013523391812865496 0.03344298245614035
0 0.9660087719298246 0.5411184210526315 0.031432748538011694 0.03070175438596491
0 0.11275584795321637 0.5779879385964912 0.01206140350877193 0.03700657894736842
0 0.04139254385964912 0.5575657894736842 0.02138157894736842 0.023574561403508772
0 0.3902595029239766 0.5597587719298246 0.023940058479532164 0.018092105263157895
0 0.005208333333333333 0.48615679824561403 0.010416666666666666 0.034265350877192985
0 0.09411549707602339 0.5878563596491228 0.019371345029239765 0.029331140350877194
0 0.035756578947368424 0.4718928179824562 0.029788011695906436 0.03206414473684211
0 0.046218932748538014 0.49484512061403507 0.03298611111111112 0.015211074561403512
0 0.02063505116959064 0.5169736842105264 0.022019371345029237 0.047138157894736854
0 0.029177631578947365 0.519577850877193 0.02010233918128655 0.04631578947368422
0 0.06207236842105264 0.527250548245614 0.029970760233918127 0.024665570175438602
0 0.05243238304093567 0.5460224780701755 0.013797514619883046 0.02247258771929825
0 0.06271198830409357 0.5451329495614035 0.017726608187134504 0.035764802631578954
0 0.07673793859649124 0.5408168859649123 0.01471125730994152 0.043848684210526324
0 0.06508771929824562 0.4971052631578948 0.01699561403508772 0.04357456140350878
0 0.05503654970760234 0.4709333881578947 0.027960526315789477 0.02904879385964913
0 0.05672697368421053 0.4772368421052631 0.03298611111111112 0.024117324561403513
0 0.07655519005847954 0.49210389254385967 0.01343201754385965 0.04590186403508773
0 0.08377375730994152 0.4964884868421053 0.019097222222222224 0.037680921052631586
0 0.09990131578947369 0.486828399122807 0.03801169590643274 0.02959978070175439
0 0.09003289473684212 0.5038870614035088 0.023574561403508762 0.04014802631578948
0 0.10570358187134501 0.5199205043859649 0.019279970760233918 0.04288925438596492
0 0.1106377923976608 0.5282099780701754 0.01653874269005848 0.0405592105263158
0 0.08866228070175439 0.5521203399122807 0.0173611111111111 0.03302357456140345
0 0.10250548245614036 0.5534224232456141 0.022569444444444434 0.01808936403508772
0 0.10182017543859648 0.5615063048245614 0.009685672514619883 0.010139802631578888
0 0.07015899122807018 0.5559580592105263 0.02147295321637427 0.030282346491228015
0 0.0861951754385965 0.5676740679824562 0.010964912280701754 0.013703399122806957
0 0.06015350877192983 0.5713733552631579 0.025767543859649123 0.01836074561403509
0 0.025843384502923977 0.5863089364035088 0.027136330409356726 0.02521107456140358
0 0.02415204678362573 0.5645216557017544 0.008954678362573099 0.019185855263157834
0 0.0076608187134502926 0.5824712171052632 0.015625 0.03453125000000007
0 0.039046052631578954 0.5870751096491228 0.036549707602339186 0.03466557017543861
0 0.012913011695906432 0.6209196820175439 0.02631578947368421 0.033845942982456086
0 0.010445906432748538 0.6102330043859648 0.020650584795321638 0.02452850877192983
0 0.027944078947368424 0.6192763157894736 0.015807748538011698 0.04288925438596492
0 0.04073647660818714 0.625578399122807 0.026955409356725153 0.04069627192982457
0 0.06979349415204679 0.5985855263157894 0.033168859649122806 0.03439144736842106
0 0.06435672514619883 0.6196189692982456 0.03563596491228071 0.03480263157894738
0 0.08208333333333334 0.6146175986842106 0.02101608187134503 0.03576480263157902
0 0.09437317251461988 0.5994764254385966 0.01873172514619882 0.020005482456140356
0 0.10579495614035088 0.5942694627192983 0.0061220760233918125 0.02521107456140358
0 0.08094115497076024 0.6425808662280702 0.039382309941520456 0.03466831140350872
0 0.03173611111111111 0.6672519188596492 0.019005847953216373 0.05330317982456148
0 0.006699561403508771 0.6867776864035088 0.014619883040935672 0.04905427631578955
0 0.007567616959064328 0.653342927631579 0.015807748538011698 0.03590186403508779
0 0.04379751461988304 0.6590981359649122 0.018274853801169597 0.05015350877192983
0 0.05133589181286549 0.6719777960526316 0.03408260233918129 0.07097861842105271
0 0.06591008771929825 0.6724588815789474 0.031432748538011694 0.04343750000000001
0 0.0673263888888889 0.6840364583333334 0.03444809941520468 0.037820723684210474
0 0.07568713450292398 0.6968571820175439 0.03527046783625731 0.044805372807017615
0 0.09218019005847954 0.6965830592105263 0.011787280701754376 0.027266995614035033
0 0.11050073099415204 0.7183018092105263 0.01882309941520468 0.05289199561403516
0 0.11584612573099413 0.6995298793859649 0.015259502923976608 0.050424890350877265
0 0.10853618421052631 0.6794544956140351 0.012883771929824562 0.028640350877192987
0 0.11301352339181286 0.642046326754386 0.01471125730994152 0.04754660087719293
0 0.12475511695906433 0.6227946820175438 0.015716374269005847 0.040287828947368494
0 0.1274049707602339 0.5616570723684211 0.018457602339181287 0.05508497807017545
0 0.13398391812865496 0.5287705592105264 0.009137426900584795 0.015622258771929827
0 0.14540570175438597 0.5126014254385964 0.017543859649122806 0.03233552631578948
0 0.13530884502923976 0.5063665021929825 0.013249269005847953 0.03247532894736843
0 0.14663925438596492 0.5576836622807018 0.01800073099415205 0.04275219298245609
0 0.16482273391812866 0.5421313048245614 0.026955409356725146 0.05330317982456142
0 0.1571472953216374 0.5719325657894737 0.020924707602339183 0.02110197368421053
0 0.16856907894736842 0.5812513706140352 0.013980263157894737 0.04274945175438598
0 0.13014619883040937 0.6391474780701755 0.008589181286549707 0.03631578947368422
0 0.1370906432748538 0.6431921600877193 0.016812865497076022 0.050424890350877265
0 0.14481176900584794 0.6424396929824562 0.027320906432748537 0.05357456140350879
0 0.14896929824561403 0.6179797149122808 0.010782163742690058 0.020553728070175442
0 0.16596491228070176 0.6126370614035088 0.023391812865497075 0.041107456140350884
0 0.17455409356725143 0.6248314144736843 0.020833333333333332 0.05398848684210534
0 0.19835709064327486 0.5554303728070176 0.02860014619883043 0.03576206140350878
0 0.19159539473684212 0.5808456688596492 0.01434576023391815 0.029048793859649067
0 0.1780263157894737 0.5821491228070176 0.014619883040935672 0.02535087719298246
0 0.17971673976608188 0.5379577850877193 0.03335160818713452 0.04521929824561405
0 0.18579312865497077 0.5421367872807017 0.02686403508771932 0.027266995614035096
0 0.19049890350877194 0.6008538925438597 0.026955409356725166 0.03590186403508779
0 0.18172697368421054 0.6339446271929825 0.020010964912280722 0.04343750000000001
0 0.20479897660818716 0.6447025767543859 0.019919590643274854 0.053988486842105214
0 0.2014638157894737 0.5818763706140351 0.015990497076023392 0.030008223684210595
0 0.2338559941520468 0.5893434758771929 0.017726608187134504 0.03699835526315784
0 0.22174890350877194 0.637234100877193 0.018914473684210526 0.04782346491228071
0 0.24504934210526316 0.6213390899122807 0.013066520467836257 0.04754660087719293
0 0.21092105263157898 0.556936677631579 0.027777777777777776 0.035216557017543865
0 0.22005847953216376 0.5652960526315789 0.02722953216374269 0.04151864035087714
0 0.2050730994152047 0.5850959429824562 0.01608187134502924 0.014797149122807022
0 0.2210635964912281 0.5761211622807016 0.014985380116959063 0.024254385964912285
0 0.21443896198830412 0.6065405701754385 0.01653874269005848 0.041518640350877205
0 0.2401608187134503 0.5746820175438596 0.015533625730994151 0.048782894736842115
0 0.2552832602339181 0.5951672149122806 0.01251827485380117 0.04727521929824562
0 0.27255299707602343 0.5824917763157894 0.027503654970760235 0.045219298245613986
0 0.2929294590643275 0.5707086074561404 0.020376461988304093 0.030145285087719242
0 0.27474597953216373 0.6084594298245614 0.022934941520467836 0.036584429824561414
0 0.2879495614035088 0.6073629385964913 0.020285087719298246 0.04480811403508773
0 0.25436951754385967 0.6366186951754386 0.015442251461988304 0.051521381578947444
0 0.2688066520467836 0.653608826754386 0.023300438596491228 0.052617872807017615
0 0.14266447368421054 0.7140350877192982 0.023940058479532164 0.055493421052631595
0 0.15627923976608188 0.7352055921052633 0.028143274853801168 0.043300438596491235
0 0.1643658625730994 0.7367310855263158 0.0245796783625731 0.04932839912280709
0 0.17455409356725146 0.741048519736842 0.027412280701754405 0.04836896929824569
0 0.17606176900584797 0.7635882675438597 0.03243786549707604 0.0449451754385965
0 0.19931652046783627 0.7152768640350878 0.0323464912280702 0.05631578947368423
0 0.20265168128654973 0.734734100877193 0.026224415204678362 0.02672149122807018
0 0.23591191520467839 0.7376795504385965 0.0201937134502924 0.054262609649122884
0 0.22337902046783625 0.7137225877192982 0.019736842105263157 0.040422149122807026
0 0.19742872807017545 0.6922793311403508 0.02448830409356723 0.05097313596491223
0 0.1552595029239766 0.6746025219298245 0.018183479532163743 0.05015350877192983
0 0.13922331871345028 0.6847436951754386 0.02046783625730994 0.029322916666666612
0 0.1325986842105263 0.6854961622807018 0.022569444444444444 0.04261513157894738
0 0.1705190058479532 0.6711088267543859 0.012883771929824562 0.04425712719298241
0 0.1786970029239766 0.6655592105263158 0.011513157894736841 0.035899122807017556
0 0.1851845760233918 0.6902919407894736 0.012061403508771908 0.03823190789473691
0 0.1947331871345029 0.6792612390350877 0.011970029239766082 0.05015076754385973
0 0.2414254385964912 0.7233141447368421 0.021107456140350877 0.06097587719298247
0 0.2616648391812865 0.7167379385964912 0.025767543859649123 0.03576206140350878
0 0.2210032894736842 0.6860444078947368 0.010964912280701754 0.016578947368421058
0 0.21252101608187138 0.6749862938596491 0.012881944444444446 0.03610745614035095
0 0.23416849415204677 0.6704865679824562 0.021366959064327458 0.04932839912280697
0 0.242156432748538 0.6772012061403508 0.014894005847953216 0.04686403508771931
0 0.25577119883040933 0.7010444078947369 0.022934941520467836 0.023843201754385968
0 0.25156798245614037 0.6692530153508772 0.020924707602339183 0.04631304824561398
0 0.26696454678362574 0.6767817982456141 0.02448830409356725 0.038640350877192996
0 0.28464546783625727 0.6854824561403509 0.022934941520467836 0.04261513157894738
0 0.3003618421052631 0.6908963815789474 0.033717105263157895 0.025762061403508778
0 0.3000877192982456 0.6570504385964913 0.015807748538011698 0.04576754385964913
0 0.31370248538011697 0.6517077850877193 0.012335526315789474 0.06467653508771931
0 0.30479349415204676 0.6293023574561403 0.01644736842105263 0.0352165570175438
0 0.3107931286549708 0.7282881030701754 0.0222953216374269 0.03946546052631586
0 0.33394188596491226 0.6811047149122808 0.01516812865497076 0.04343750000000001
0 0.34751096491228073 0.7092023026315789 0.016721491228070175 0.05658991228070177
0 0.326906067251462 0.5692763157894737 0.01827485380116959 0.01740131578947369
0 0.3378709795321637 0.5787308114035087 0.01206140350877193 0.026447368421052636
0 0.35098318713450294 0.5607127192982456 0.024762426900584795 0.038640350877192996
0 0.35637426900584795 0.5729070723684211 0.025310672514619884 0.029597039473684156
0 0.3555975877192982 0.5927754934210526 0.01864035087719298 0.04932839912280709
0 0.35084612573099416 0.6366269188596492 0.012609649122807017 0.03507949561403516
0 0.3496125730994152 0.6627974232456141 0.0200109649122807 0.04987664473684218
0 0.3157584064327485 0.6188815789473684 0.019371345029239765 0.04069627192982457
0 0.30758040935672515 0.5889418859649123 0.021290204678362575 0.048782894736842115
0 0.34106907894736843 0.5397409539473684 0.028691520467836257 0.030693530701754394
0 0.3697605994152046 0.5877686403508773 0.013888888888888888 0.0280921052631579
0 0.3619937865497076 0.5883168859649123 0.008771929824561403 0.017675438596491233
0 0.3683899853801169 0.5661184210526317 0.014619883040935672 0.019046052631578953
0 0.3805884502923977 0.5417283442982457 0.012701023391812866 0.031104714912280708
0 0.379766081871345 0.5821504934210525 0.010325292397660819 0.03713541666666673
0 0.3928782894736842 0.5959909539473683 0.025584795321637425 0.034394188596491175
0 0.4048483187134503 0.6125699013157895 0.026133040935672515 0.026718749999999944
0 0.3865277777777778 0.6262047697368421 0.020741959064327485 0.04905427631578942
0 0.4271436403508772 0.6050328947368421 0.020650584795321638 0.04234100877192983
0 0.4367379385964912 0.5926343201754385 0.01882309941520468 0.041655701754385974
0 0.4497130847953216 0.623874725877193 0.015716374269005847 0.04521655701754381
0 0.373781067251462 0.6522532894736842 0.01663011695906433 0.040833333333333346
0 0.3672021198830409 0.6679413377192983 0.014802631578947368 0.0439857456140351
0 0.37487755847953214 0.6913048245614035 0.026498538011695907 0.043848684210526324
0 0.35491228070175435 0.6933662280701754 0.022021198830409358 0.048234649122807026
0 0.37487755847953214 0.7125493421052631 0.021929824561403508 0.03973684210526317
0 0.3790350877192982 0.728516995614035 0.027869152046783627 0.06919956140350879
0 0.4034777046783625 0.6854906798245615 0.013706140350877192 0.036036184210526324
0 0.41293494152046784 0.6735690789473684 0.014894005847953216 0.038777412280701765
0 0.4262755847953216 0.6802837171052631 0.01781798245614035 0.01987116228070182
0 0.42997624269005846 0.6441776315789474 0.02320906432748538 0.036447368421052645
0 0.4395705409356725 0.6617859100877193 0.03983918128654971 0.02781524122807012
0 0.4310270467836257 0.703921326754386 0.029331140350877194 0.03206414473684205
0 0.42632127192982455 0.7369435307017544 0.01918859649122807 0.04686403508771931
0 0.4351845760233918 0.6837088815789474 0.023026315789473683 0.027269736842105267
0 0.4507182017543859 0.6843256578947369 0.01918859649122807 0.04987938596491229
0 0.45355080409356724 0.7165268640350878 0.008223684210526315 0.021376096491228076
0 0.4633269371345029 0.6693215460526316 0.017359283625731036 0.04809484649122802
0 0.4643777412280702 0.6893270285087719 0.017998903508771973 0.048917214912280654
0 0.4428143274853801 0.6423958333333333 0.01471125730994152 0.04850877192982457
0 0.4044828216374269 0.7073464912280701 0.019371345029239765 0.03425438596491229
0 0.4479769736842105 0.7472299890350877 0.01699561403508772 0.05645559210526311
0 0.46186586257309936 0.7484635416666667 0.014071637426900584 0.07783168859649131
0 0.47209978070175435 0.7194133771929825 0.013888888888888888 0.04850877192982457
0 0.48365862573099416 0.750860745614035 0.024396929824561403 0.04453399122807018
0 0.4911970029239766 0.7653851425438596 0.024305555555555556 0.05083607456140346
0 0.4810544590643275 0.7022176535087719 0.01425438596491228 0.05960526315789475
0 0.5157309941520468 0.7253741776315789 0.015807748538011698 0.05878563596491223
0 0.48014071637426897 0.6696052631578948 0.018092105263157895 0.027269736842105267
0 0.46031249999999996 0.6308771929824561 0.01114766081871345 0.0405592105263158
0 0.47644005847953214 0.633342927631579 0.027869152046783627 0.03453125000000007
0 0.49508040935672515 0.6543092105263157 0.015807748538011698 0.047138157894736854
0 0.5078728070175439 0.6632154605263157 0.018731725146198832 0.046041666666666675
0 0.5135836988304094 0.6726699561403509 0.01918859649122807 0.0474122807017544
0 0.5160508040935672 0.7019928728070175 0.023026315789473683 0.021650219298245617
0 0.5288432017543859 0.6777398574561403 0.021929824561403508 0.03836896929824568
0 0.5290716374269006 0.650951206140351 0.015076754385964912 0.046726973684210533
0 0.4553782894736842 0.5384347587719298 0.027960526315789474 0.02589912280701755
0 0.4706834795321637 0.5602206688596492 0.027320906432748537 0.030556469298245622
0 0.4885014619883041 0.5491913377192983 0.015625 0.04275219298245609
0 0.482562134502924 0.5914624451754386 0.025127923976608187 0.03494243421052626
0 0.4677595029239766 0.602219024122807 0.03444809941520468 0.02740405701754393
0 0.46547514619883035 0.6116735197368421 0.029331140350877194 0.03206414473684205
0 0.49855263157894736 0.6054399671052632 0.020741959064327485 0.03713541666666673
0 0.4904660087719298 0.6254454495614035 0.019919590643274854 0.03220120614035095
0 0.5090140716374268 0.5982456140350877 0.015349049707602383 0.0317872807017544
0 0.5177860014619883 0.5965323464912281 0.015349049707602383 0.03685855263157896
0 0.5208013523391812 0.5769394188596492 0.030517178362573144 0.03192708333333328
0 0.5148620248538012 0.5508347039473684 0.021927997076023435 0.022469846491228015
0 0.5219892178362573 0.5524109100877194 0.018273026315789517 0.031652960526315735
0 0.5398062865497076 0.5568640350877193 0.02138157894736842 0.048234649122807026
0 0.5393512426900585 0.6094174890350877 0.01114766081871345 0.030830592105263104
0 0.5501334064327486 0.6012650767543859 0.02320906432748538 0.042201206140350826
0 0.5596363304093567 0.600375548245614 0.01663011695906433 0.040970394736842115
0 0.5579906798245614 0.5774917763157894 0.027227704678362618 0.026447368421052636
0 0.5705089546783626 0.5598834978070176 0.012425073099415249 0.03398300438596492
0 0.5406304824561403 0.6390995065789474 0.017543859649122806 0.03562774122807025
0 0.5467068713450293 0.6529385964912281 0.015259502923976608 0.036447368421052645
0 0.5460672514619883 0.6800699013157895 0.026589912280701754 0.038643092105263226
0 0.5600018274853802 0.6459498355263158 0.01864035087719298 0.048231907894736914
0 0.5340515350877193 0.6957689144736843 0.01827485380116959 0.028363486842105334
0 0.5681341374269006 0.6830249451754385 0.01608187134502924 0.03686129385964907
0 0.5767233187134503 0.7101548793859649 0.015350877192982455 0.05138432017543855
0 0.588921783625731 0.6972080592105263 0.013249269005847953 0.05206962719298241
0 0.5766319444444444 0.6641145833333334 0.019005847953216373 0.045904605263157906
0 0.582891081871345 0.6479468201754387 0.02238669590643275 0.045904605263157906
0 0.5674945175438596 0.6345860745614035 0.01206140350877193 0.02658442982456141
0 0.595454130116959 0.6284895833333333 0.025582967836257353 0.04206688596491229
0 0.6032209429824562 0.6636362390350877 0.021379751461988346 0.03507949561403503
0 0.6132711988304094 0.6971381578947368 0.01516812865497076 0.03411732456140352
0 0.6209009502923977 0.6844640899122807 0.021107456140350877 0.05289199561403516
0 0.6097679093567252 0.777907072368421 0.03179824561403509 0.052617872807017615
0 0.6161960891812865 0.7272957785087719 0.017907529239766126 0.05193256578947376
0 0.6260179093567252 0.7231167763157894 0.016355994152046784 0.03726973684210527
0 0.6448866959064328 0.761483004385965 0.025950292397660817 0.055630482456140364
0 0.5774543128654971 0.7634703947368421 0.018457602339181287 0.05796052631578949
0 0.5856779970760234 0.7405180921052631 0.015533625730994151 0.06604714912280703
0 0.564250730994152 0.7662787828947369 0.016904239766081873 0.05398848684210534
0 0.5498135964912281 0.7375041118421052 0.015259502923976608 0.05947094298245609
0 0.5489455409356725 0.7868421052631579 0.015899122807017545 0.04192982456140352
0 0.5435087719298245 0.7727974232456141 0.007218567251461988 0.02808936403508779
0 0.5259192251461988 0.7593023574561403 0.014071637426900584 0.052891995614035035
0 0.6380811403508772 0.5521477521929825 0.0200109649122807 0.031652960526315735
0 0.6449342105263158 0.6434882127192982 0.016355994152046784 0.030693530701754332
0 0.6409137426900584 0.6695915570175438 0.015259502923976608 0.040422149122807026
0 0.6615186403508772 0.6604098135964912 0.019919590643274854 0.0352165570175438
0 0.6615643274853802 0.7132428728070175 0.01800073099415205 0.03425438596491229
0 0.6805244883040936 0.712283442982456 0.025219298245614034 0.048782894736842115
0 0.6693311403508772 0.7472327302631578 0.015807748538011698 0.05069901315789481
0 0.6824433479532164 0.7555235745614034 0.018457602339181287 0.05960526315789475
0 0.7094572368421053 0.7332305372807018 0.036366959064327485 0.030693530701754332
0 0.7023300438596491 0.6717064144736842 0.014437134502923976 0.03699835526315784
0 0.7107364766081872 0.6644435307017543 0.015533625730994151 0.04220394736842106
0 0.7283717105263159 0.6608813048245614 0.019005847953216373 0.05316611842105258
0 0.7376251827485379 0.7141844846491228 0.02206688596491228 0.05638432017543861
0 0.7164035087719298 0.7090803179824561 0.03243786549707602 0.04398300438596486
0 0.7180254020467836 0.7339843749999999 0.029376827485380116 0.0444654605263158
0 0.7447295321637427 0.7138418311403508 0.016904239766081873 0.04802905701754387
0 0.7573848684210526 0.7155893640350878 0.016264619883040937 0.06138706140350879
0 0.7806853070175438 0.7088048245614036 0.012335526315789474 0.019320175438596498
0 0.8007876461988304 0.7168873355263158 0.031158625730994153 0.03165296052631586
0 0.7935233918128655 0.695581140350877 0.03572733918128655 0.021924342105263162
0 0.7774725877192982 0.6661060855263158 0.022112573099415205 0.051247258771929774
0 0.781812865497076 0.6517187499999999 0.03517909356725146 0.041107456140350884
0 0.7963413742690059 0.6785074013157895 0.02238669590643275 0.0220586622807017
0 0.8175392909356726 0.6934429824561403 0.025491593567251423 0.04508223684210527
0 0.8062088815789473 0.6495257675438596 0.023115862573099374 0.04631578947368422
0 0.7930519005847952 0.6465117872807017 0.02147295321637427 0.043297697368421005
0 0.8223355263157894 0.659391447368421 0.016812865497076022 0.04001096491228071
0 0.8210115131578947 0.6325356359649124 0.030608552631578908 0.04165570175438585
0 0.8373665935672514 0.6591186951754385 0.02860014619883041 0.03562774122807012
0 0.725297880116959 0.6062116228070176 0.019736842105263157 0.04576754385964913
0 0.7356231725146198 0.5705838815789473 0.03033625730994152 0.04275219298245609
0 0.7491465643274854 0.5638020833333334 0.023574561403508772 0.03411732456140352
0 0.7699342105263157 0.5557716557017545 0.021290204678362575 0.03206414473684211
0 0.7719444444444444 0.5400836074561404 0.036458333333333336 0.028637609649122816
0 0.7518548976608187 0.4957469846491228 0.03892543859649115 0.045216557017543874
0 0.8268603801169591 0.6233305921052631 0.028965643274853802 0.043848684210526324
0 0.8402467105263157 0.6057908442982456 0.02887426900584795 0.038917214912280645
0 0.8666986476608186 0.5991447368421052 0.034994517543859606 0.04069627192982457
0 0.836500365497076 0.5620792214912281 0.023574561403508772 0.04823190789473685
0 0.8582931286549708 0.5727672697368421 0.029331140350877194 0.026033442982456148
0 0.859983552631579 0.5508442982456141 0.03490497076023392 0.038640350877192996
0 0.8824607090643275 0.5834553179824562 0.03015168128654967 0.0298711622807017
0 0.8685727339181287 0.5498848684210526 0.0266812865497076 0.0405592105263158
0 0.8745568347953216 0.5391282894736842 0.03042580409356721 0.04206688596491229
0 0.8921920687134502 0.5470751096491229 0.029877558479532124 0.04700109649122808
0 0.9015131578947368 0.5385745614035088 0.039016812865497075 0.058234649122807035
0 0.9239912280701754 0.5498780153508772 0.026224415204678362 0.048506030701754334
0 0.927235014619883 0.537546600877193 0.0222953216374269 0.0449451754385965
0 0.9426763523391812 0.5552220394736842 0.015897295321637386 0.04439692982456135
0 0.9606451023391812 0.5162938596491229 0.0266812865497076 0.0430263157894737
0 0.35769554093567246 0.7424753289473685 0.017543859649122806 0.05535635964912282
0 0.010811403508771928 0.48093201754385967 0.009685672514619883 0.025487938596491233
0 0.49673793859649124 0.31851836622807017 0.024671052631578948 0.01644462719298246
0 0.49125548245614037 0.28261650219298246 0.015899122807017545 0.03124177631578948
0 0.531734283625731 0.03412280701754386 0.01608187134502924 0.03699561403508772
0 0.7774689327485381 0.32560718201754385 0.01864035087719298 0.01421874999999997
0 0.8053088450292397 0.3150726425438597 0.021564327485380116 0.013977521929824564
0 0.8182839912280702 0.30822231359649127 0.017543859649122806 0.01671875
0 0.9497715643274853 0.34330455043859653 0.015533625730994151 0.026033442982456086
