0 0.45695375000000005 0.41900666666666664 0.02105250000000001 0.024273333333333386
0 0.36039625 0.43693499999999996 0.023042500000000018 0.035130000000000036
0 0.373105 0.4374083333333333 0.031875 0.027076666666666672
0 0.40575 0.4351666666666667 0.02675 0.020666666666666667
0 0.4070475 0.4433516666666667 0.02500999999999999 0.016910000000000005
0 0.41545875000000004 0.4543083333333333 0.013832499999999982 0.029716666666666697
0 0.4362925 0.43345333333333325 0.024375 0.017160000000000005
0 0.45990624999999996 0.4407966666666666 0.015477499999999964 0.02847333333333328
0 0.44833375 0.44486000000000003 0.014582499999999983 0.02805333333333336
0 0.43861500000000003 0.45239166666666664 0.014019999999999982 0.024883333333333365
0 0.47298375 0.44125166666666665 0.02044749999999999 0.022549999999999955
0 0.49969875 0.465985 0.0293125 0.02424333333333334
0 0.52819875 0.448995 0.0146875 0.025910000000000006
0 0.536365 0.46155666666666667 0.02251999999999998 0.026779999999999974
0 0.38023 0.4439483333333333 0.024625 0.015330000000000003
0 0.2867925 0.45118833333333336 0.02325 0.02395666666666663
0 0.31369875 0.45187 0.0204375 0.026660000000000007
0 0.33858375 0.45549999999999996 0.02141750000000002 0.028666666666666667
0 0.324855 0.4756633333333333 0.020125 0.02174666666666667
0 0.31732375 0.4929916666666666 0.0151875 0.038736666666666676
0 0.42706750000000004 0.4545 0.014779999999999972 0.025333333333333333
0 0.46219249999999995 0.4624416666666667 0.01236500000000001 0.03344999999999997
0 0.45642750000000004 0.46864333333333336 0.01789499999999998 0.024380000000000034
0 0.44522875 0.473435 0.014292500000000019 0.027463333333333367
0 0.429995 0.47195000000000004 0.024240000000000008 0.014286666666666633
0 0.507875 0.45166666666666666 0.025 0.015
0 0.4719275 0.4598066666666667 0.012894999999999981 0.029693333333333308
0 0.48095875000000005 0.46231333333333335 0.010667500000000019 0.03503999999999997
0 0.30098 0.4574083333333333 0.01825 0.02374333333333334
0 0.4049325 0.45767166666666664 0.02111500000000001 0.022343333333333323
0 0.4049275 0.46868166666666666 0.026105000000000017 0.01769666666666664
0 0.32433375 0.4581583333333333 0.015417500000000018 0.02574333333333334
0 0.374875 0.4531033333333333 0.0315 0.012126666666666702
0 0.280855 0.45674666666666663 0.017375 0.01374666666666667
0 0.2737925 0.46486999999999995 0.0195 0.021660000000000006
0 0.19076125 0.46736666666666665 0.0146875 0.02582666666666667
0 0.22012500000000002 0.465 0.013 0.017
0 0.24295875 0.46960166666666664 0.02433250000000001 0.026869999999999967
0 0.2095525 0.4685783333333333 0.01285499999999999 0.02574333333333334
0 0.26101125 0.4770983333333333 0.014437500000000028 0.03652999999999997
0 0.287105 0.46512 0.0125 0.015826666666666673
0 0.17482374999999997 0.4677833333333333 0.0170625 0.018826666666666672
0 0.5185425 0.4720533333333333 0.027875 0.021106666666666645
0 0.5521775 0.47050000000000003 0.03089499999999998 0.016666666666666666
0 0.54913625 0.48423499999999997 0.0310625 0.01974333333333334
0 0.22888624999999999 0.4777383333333334 0.0116875 0.029889999999999948
0 0.3030725 0.47816666666666663 0.026105000000000017 0.02666666666666667
0 0.27295874999999997 0.49471166666666666 0.0326875 0.026690000000000054
0 0.284615 0.5012583333333334 0.030480000000000017 0.02648333333333335
0 0.28049 0.5212666666666667 0.018730000000000017 0.042866666666666636
0 0.25932375 0.5199516666666667 0.02493750000000003 0.039330000000000004
0 0.26073 0.5328266666666667 0.02475000000000003 0.03974000000000001
0 0.29790625000000004 0.47666333333333333 0.023352499999999964 0.023453333333333375
0 0.19644875 0.481975 0.0136875 0.03438333333333336
0 0.20433374999999998 0.4996083333333333 0.01558250000000001 0.04515666666666668
0 0.2176775 0.510095 0.02489500000000001 0.03918999999999998
0 0.27605250000000003 0.4819733333333333 0.03014499999999998 0.02294666666666664
0 0.34419875 0.4830733333333333 0.0176875 0.02875333333333333
0 0.21744875 0.49184833333333333 0.0146875 0.038029999999999974
0 0.38248000000000004 0.4887 0.023 0.03332666666666667
0 0.17425 0.482 0.02925 0.01633333333333333
0 0.428 0.48201 0.01825 0.016353333333333313
0 0.41333375 0.49984833333333334 0.016082499999999982 0.04530333333333336
0 0.42214625000000006 0.4989266666666667 0.01704250000000002 0.03151999999999998
0 0.251365 0.4906816666666666 0.01852000000000001 0.02969666666666664
0 0.47419875000000006 0.4859916666666666 0.0159375 0.02607666666666667
0 0.47886500000000004 0.5033333333333333 0.022480000000000017 0.024333333333333332
0 0.40020875000000006 0.4826083333333333 0.030667500000000018 0.015336666666666663
0 0.35748 0.4853683333333333 0.0155 0.018330000000000003
0 0.3556675 0.502725 0.015125 0.035883333333333364
0 0.36789625000000004 0.520265 0.01604250000000002 0.039136666666666695
0 0.53023 0.49789 0.018875 0.0418866666666667
0 0.45423 0.49668166666666663 0.01925 0.03630333333333336
0 0.4328 0.5006416666666667 0.022764999999999987 0.03825666666666666
0 0.46474 0.49856999999999996 0.013730000000000018 0.03574000000000001
0 0.5575 0.5018333333333334 0.01925 0.03666666666666667
0 0.49549 0.499565 0.02023000000000002 0.03241000000000001
0 0.30064125 0.49795666666666666 0.026322499999999992 0.029799999999999955
0 0.38483375 0.5025283333333334 0.02141750000000002 0.03699000000000001
0 0.39275 0.5071666666666667 0.02625 0.043333333333333335
0 0.54604125 0.5051666666666667 0.02066750000000002 0.03666666666666667
0 0.151375 0.5043333333333333 0.0185 0.033666666666666664
0 0.5796662499999999 0.5056966666666667 0.014417500000000019 0.03560666666666665
0 0.50685375 0.5106666666666667 0.016957499999999983 0.041666666666666664
0 0.5182699999999999 0.5099466666666667 0.018625 0.04310666666666665
0 0.44407375 0.5088550000000001 0.0173125 0.03665666666666668
0 0.14101125 0.5064866666666666 0.0181875 0.033740000000000006
0 0.5670824999999999 0.5133333333333333 0.016 0.036333333333333336
0 0.34575 0.5070166666666667 0.01225 0.028966666666666696
0 0.33323 0.5161116666666666 0.019375 0.03932333333333334
0 0.18404125000000002 0.5221666666666667 0.02066749999999999 0.042666666666666665
0 0.1706875 0.5145 0.024125 0.024
0 0.19795875000000002 0.5199716666666666 0.01733250000000001 0.03839000000000002
0 0.406235 0.5152316666666666 0.02000999999999999 0.030910000000000007
0 0.29941750000000006 0.5156999999999999 0.02875 0.03049333333333334
0 0.49057375000000003 0.5270549999999999 0.0210625 0.03355666666666669
0 0.30707375 0.5281399999999999 0.0309375 0.033386666666666696
0 0.34898 0.5323966666666666 0.024125 0.034073333333333344
0 0.4667925 0.5242716666666667 0.02925 0.01999666666666667
0 0.3381775 0.5388466666666666 0.025605000000000017 0.04130666666666669
0 0.28929125 0.5423333333333333 0.02283249999999998 0.034333333333333334
0 0.4110825 0.5487733333333332 0.03275 0.044859999999999976
0 0.243375 0.548185 0.0145 0.0412966666666667
0 0.26323 0.5554866666666667 0.03375000000000003 0.027573333333333342
0 0.32733249999999997 0.5821333333333334 0.0425 0.027826666666666673
0 0.36 0.6372483333333334 0.01725 0.04149666666666667
0 0.37435375 0.6467466666666667 0.021457499999999984 0.045826666666666675
0 0.41950000000000004 0.6448716666666667 0.02775 0.036076666666666674
0 0.30912500000000004 0.6537449999999999 0.036 0.02849000000000001
0 0.405625 0.6845 0.012 0.020666666666666667
0 0.43188499999999996 0.6647433333333334 0.025980000000000017 0.03648666666666668
0 0.32872875 0.6718666666666667 0.02670749999999998 0.04440666666666668
0 0.34216625 0.675365 0.025082499999999983 0.0502366666666666
0 0.390625 0.676 0.016 0.036333333333333336
0 0.38289625 0.6931583333333334 0.016957499999999983 0.04299000000000001
0 0.39783375000000004 0.7164066666666666 0.02091750000000002 0.060186666666666645
0 0.31022875 0.6714933333333334 0.03370749999999998 0.026653333333333345
0 0.35629125 0.6743316666666667 0.01883249999999998 0.03500333333333333
0 0.37204125 0.6811666666666667 0.02016750000000002 0.037333333333333336
0 0.44475 0.6823333333333333 0.01525 0.03766666666666667
0 0.46139625 0.6936416666666667 0.022042500000000017 0.0496566666666666
0 0.41979125 0.693995 0.024332499999999983 0.03300999999999999
0 0.4315 0.6995 0.01725 0.03866666666666667
0 0.42845875000000005 0.7358333333333333 0.020832499999999983 0.04133333333333333
0 0.484125 0.6872416666666666 0.024 0.04584999999999999
0 0.28261374999999994 0.6930766666666666 0.0263125 0.05048666666666668
0 0.2609475 0.68574 0.028644999999999983 0.03448000000000002
0 0.265625 0.7066666666666667 0.0265 0.04766666666666667
0 0.2971875 0.6939533333333334 0.032875 0.03909333333333333
0 0.49570875000000003 0.7101666666666666 0.02816750000000002 0.04666666666666667
0 0.3645825 0.7095 0.022 0.04666666666666667
0 0.37891624999999995 0.7256666666666667 0.018417500000000017 0.049
0 0.30773875 0.7026583333333334 0.0228125 0.03399000000000008
0 0.28047875 0.725195 0.040292500000000016 0.03573666666666668
0 0.3038125 0.7208333333333333 0.008875 0.016666666666666666
0 0.29547874999999996 0.7354483333333334 0.016207499999999982 0.023896666666666684
0 0.33715625 0.7218266666666666 0.022022500000000035 0.05798666666666668
0 0.32977 0.7130799999999999 0.012 0.03849333333333334
0 0.34923875 0.7019283333333334 0.0131875 0.030883333333333363
0 0.31747875000000003 0.7206666666666667 0.019292500000000018 0.05433333333333333
0 0.44908375 0.7239800000000001 0.023417500000000018 0.0436266666666667
0 0.410375 0.7261666666666666 0.022 0.04666666666666667
0 0.359875 0.7366666666666667 0.023 0.057
0 0.464875 0.737 0.0265 0.04566666666666667
0 0.247375 0.7491666666666666 0.025 0.058
0 0.4932925 0.734715 0.042 0.03349000000000008
0 0.34279125 0.7431049999999999 0.01933249999999998 0.051716666666666695
0 0.2825 0.7484916666666667 0.03175 0.04001666666666673
0 0.31075 0.7515000000000001 0.02825 0.044
0 0.43475 0.7598333333333334 0.03825 0.034666666666666665
0 0.33949999999999997 0.8943333333333333 0.02025 0.06233333333333333
0 0.356875 0.9643333333333334 0.026 0.03233333333333333
0 0.3545625 0.9766666666666666 0.021375 0.021
0 0.18153124999999998 0.4885733333333333 0.01989749999999998 0.018580000000000003
0 0.17273 0.5070683333333333 0.03625 0.024410000000000005
0 0.16526125 0.49533499999999997 0.0169375 0.018056666666666617
0 0.2417925 0.482495 0.026625 0.030410000000000006
0 0.2341675 0.5036983333333332 0.021125 0.03932333333333334
0 0.32719875 0.499615 0.0166875 0.03799000000000001
0 0.33991750000000004 0.46991333333333335 0.01725 0.0309066666666666
0 0.35004250000000003 0.4680383333333333 0.01975 0.01699666666666667
0 0.36901125 0.4889083333333333 0.0144375 0.036076666666666674
0 0.4878625 0.45289999999999997 0.020889999999999985 0.03590666666666668
0 0.50498 0.4396116666666666 0.026875 0.018163333333333337
0 0.48823000000000005 0.48294499999999996 0.01875 0.016330000000000004
0 0.50919875 0.4829016666666667 0.0304375 0.02424333333333334
0 0.40427 0.6661583333333334 0.025375 0.04499000000000001
0 0.41180124999999995 0.661535 0.0246875 0.04507000000000001
