0 0.4845 0.7931666666666667 0.025 0.059
0 0.164125 0.4201666666666667 0.02675 0.036333333333333336
0 0.57475 0.44616666666666666 0.04 0.026333333333333334
0 0.7010000000000001 0.5478333333333334 0.0275 0.033666666666666664
0 0.42825 0.421 0.024 0.05466666666666667
0 0.282375 0.45466666666666666 0.02425 0.03866666666666667
0 0.5955 0.5203333333333334 0.0325 0.035333333333333335
0 0.5115000000000001 0.5858333333333333 0.0305 0.024333333333333332
0 0.30912500000000004 0.5161666666666667 0.02675 0.051666666666666666
0 0.35962500000000003 0.6075 0.02175 0.035666666666666666
0 0.293125 0.38333333333333336 0.02525 0.046
0 0.516125 0.5457366666666668 0.03125 0.04919333333333331
0 0.037625 0.3378333333333333 0.02925 0.027666666666666666
0 0.6555 0.538 0.02 0.050666666666666665
0 0.617625 0.522 0.02375 0.048
0 0.271625 0.2295 0.03825 0.042333333333333334
0 0.14725000000000002 0.4728333333333333 0.023 0.033666666666666664
0 0.672375 0.5373333333333333 0.01925 0.05266666666666667
0 0.560875 0.849 0.02775 0.04733333333333333
0 0.5623750000000001 0.5903333333333333 0.02475 0.048666666666666664
0 0.265125 0.3726666666666667 0.02475 0.05
0 0.6178750000000001 0.5723333333333334 0.02475 0.06
0 0.689375 0.5396666666666666 0.01775 0.030666666666666665
0 0.500125 0.4925 0.01725 0.051666666666666666
0 0.351625 0.46166666666666667 0.02325 0.051333333333333335
0 0.445 0.49406666666666665 0.0285 0.0474666666666667
0 0.659375 0.705 0.03025 0.048666666666666664
0 0.7280000000000001 0.6541666666666667 0.0195 0.061
0 0.55725 0.40549999999999997 0.0255 0.059666666666666666
0 0.50125 0.383 0.0315 0.052
0 0.6553749999999999 0.6003333333333334 0.02175 0.054
0 0.46387500000000004 0.5355 0.02675 0.057
0 0.534875 0.5113333333333333 0.02175 0.05533333333333333
0 0.382125 0.44966666666666666 0.03625 0.027333333333333334
0 0.157625 0.4496666666666667 0.03175 0.05
0 0.5726249999999999 0.7723333333333333 0.02175 0.03933333333333333
0 0.312875 0.6053333333333334 0.02275 0.029333333333333333
0 0.69775 0.5815 0.0305 0.034333333333333334
0 0.28625 0.4225 0.0285 0.035666666666666666
0 0.440125 0.43733333333333335 0.02225 0.054
0 0.543 0.6074999999999999 0.0265 0.029
0 0.6835 0.5736666666666667 0.028 0.021333333333333333
0 0.529625 0.5981666666666667 0.03175 0.027666666666666666
0 0.637 0.5055 0.0175 0.05633333333333333
0 0.360875 0.40465 0.02825 0.07330000000000003
0 0.59375 0.5563333333333333 0.0245 0.05466666666666667
0 0.6445 0.6176666666666667 0.018 0.037333333333333336
0 0.54375 0.6313333333333333 0.023 0.02666666666666667
0 0.50987375 0.5195 0.028747499999999947 0.067
0 0.7502500000000001 0.6406666666666666 0.0255 0.06133333333333333
0 0.728 0.547 0.035 0.023333333333333334
0 0.374375 0.8816666666666667 0.02475 0.025333333333333333
0 0.33125 0.42300000000000004 0.027 0.046
0 0.33837500000000004 0.46449999999999997 0.01375 0.04766666666666667
0 0.29662499999999997 0.5883333333333333 0.02425 0.04733333333333333
0 0.5716862500000001 0.5565 0.019627500000000055 0.061
0 0.715375 0.5675 0.01125 0.018333333333333333
0 0.073625 0.35216666666666663 0.03025 0.04766666666666667
0 0.01375 0.3344783333333334 0.027 0.060316666666666685
0 0.01699875 0.37363500000000005 0.0339975 0.05731666666666668
0 0.043811249999999996 0.360805 0.0488725 0.06965000000000002
0 0.0477475 0.40720999999999996 0.026 0.0671466666666666
0 0.07456 0.40162833333333336 0.038625 0.08930999999999994
0 0.0873725 0.39213000000000003 0.03375 0.07664666666666661
0 0.11343500000000001 0.39621333333333336 0.034125 0.08181333333333328
0 0.13174750000000002 0.42137166666666664 0.0325 0.08280999999999994
0 0.1006225 0.3193166666666667 0.04125 0.06931333333333335
0 0.1276225 0.311485 0.04375 0.06898333333333335
0 0.13380999999999998 0.34097666666666665 0.047625 0.053986666666666676
0 0.14724750000000003 0.35339166666666666 0.035 0.06148333333333335
0 0.160435 0.37097 0.037375 0.07731333333333335
0 0.171935 0.374805 0.028625 0.060650000000000016
0 0.19249750000000002 0.36664 0.0195 0.045653333333333344
0 0.20331000000000002 0.36572499999999997 0.029625 0.05481666666666668
0 0.21356 0.3194866666666667 0.031375 0.02932666666666667
0 0.2183725 0.38255333333333336 0.02925 0.07348000000000002
0 0.014 0.4248016666666667 0.03175 0.08030999999999995
0 0.03974875 0.4365483333333333 0.0422475 0.08880999999999994
0 0.0806225 0.46079333333333333 0.03325 0.050986666666666604
0 0.0933725 0.4411316666666667 0.046 0.03299000000000001
0 0.056185 0.4711383333333334 0.025875 0.05331666666666668
0 0.085935 0.47655333333333333 0.058875 0.06448000000000002
0 0.114185 0.49414 0.043375 0.07631333333333336
0 0.13024750000000002 0.5200483333333333 0.0275 0.07248333333333327
0 0.1579975 0.5181316666666667 0.0605 0.04099000000000001
0 0.0102475 0.48495333333333335 0.022 0.04665333333333327
0 0.028497500000000002 0.5066133333333334 0.0375 0.05798666666666668
0 0.04174749999999999 0.5204433333333333 0.044 0.046320000000000014
0 0.0664975 0.53494 0.0555 0.07464666666666668
0 0.020622500000000002 0.5546016666666667 0.04175 0.035323333333333345
0 0.1028725 0.54777 0.04975 0.036326666666666674
0 0.1111225 0.5789283333333334 0.02375 0.049323333333333344
0 0.0424975 0.5859266666666666 0.0595 0.03399333333333334
0 0.1404975 0.5804283333333333 0.0305 0.09031000000000002
0 0.16024750000000001 0.5909249999999999 0.023 0.10930333333333336
0 0.17612250000000002 0.5554333333333333 0.03225 0.07364666666666668
0 0.19399625 0.5516016666666667 0.025497500000000003 0.09197666666666669
0 0.0842475 0.5769283333333334 0.0335 0.028656666666666674
0 0.0793725 0.6170850000000001 0.05475 0.06431666666666669
0 0.0481225 0.6234166666666666 0.03575 0.05765333333333335
0 0.0896225 0.6282483333333334 0.05075 0.05465000000000002
0 0.12249750000000001 0.6169183333333333 0.0405 0.07265000000000002
0 0.18862125 0.42746833333333334 0.0372475 0.07830999999999995
0 0.1808725 0.48062 0.03725 0.05531999999999994
0 0.21062124999999998 0.45629333333333333 0.0312475 0.08131333333333328
0 0.23499499999999998 0.39031166666666667 0.037 0.06665000000000001
0 0.2466225 0.424465 0.04475 0.0543166666666666
0 0.2417475 0.4153016666666667 0.0315 0.04599000000000001
0 0.2662475 0.4636216666666667 0.0335 0.08930999999999994
0 0.2504975 0.4917816666666667 0.036 0.08630999999999994
0 0.30249625 0.49278000000000005 0.039997500000000005 0.10230666666666662
0 0.32112124999999997 0.5221066666666667 0.029247500000000003 0.08631333333333335
0 0.33231 0.4577316666666667 0.035875 0.06648333333333335
0 0.3153725 0.39623 0.03925 0.05915333333333334
0 0.32356 0.40789166666666665 0.020875 0.03782333333333334
0 0.30606 0.4491333333333334 0.023875 0.04898666666666668
0 0.3941225 0.422895 0.0465 0.03549000000000001
0 0.376185 0.42239499999999996 0.032625 0.05581666666666668
0 0.4036225 0.4619666666666667 0.05125 0.044653333333333343
0 0.38212250000000003 0.499875 0.03 0.08447666666666662
0 0.4121225 0.511635 0.03775 0.08730999999999994
0 0.4267475 0.5168 0.0305 0.09530666666666661
0 0.46781 0.4557333333333334 0.055625 0.07581333333333336
0 0.45537249999999996 0.52513 0.03575 0.07097999999999995
0 0.48249749999999997 0.5575466666666667 0.0395 0.07714666666666661
0 0.4829975 0.4863166666666667 0.03 0.07098000000000002
0 0.5469974999999999 0.49798166666666666 0.022 0.06565000000000001
0 0.5701225 0.5141433333333334 0.02825 0.07131333333333335
0 0.21024749999999998 0.5200966666666667 0.0325 0.07298000000000002
0 0.2199975 0.5454233333333333 0.0345 0.08164666666666669
0 0.2316225 0.48977166666666666 0.02825 0.07431666666666668
0 0.2447475 0.5482566666666666 0.033 0.09530666666666669
0 0.2604975 0.5772499999999999 0.0485 0.07598000000000002
0 0.2806225 0.527095 0.03275 0.07365000000000002
0 0.33849625 0.5240966666666667 0.031497500000000005 0.07964666666666669
0 0.36412125 0.4976033333333333 0.0242475 0.04998666666666668
0 0.08631125 0.6582166666666667 0.040372500000000006 0.030160000000000006
0 0.1243725 0.6731283333333333 0.06225 0.08630999999999994
0 0.12949750000000002 0.6930400000000001 0.0525 0.07681333333333336
0 0.1798725 0.6243 0.02675 0.0826466666666666
0 0.20987250000000002 0.6178016666666667 0.04075 0.06865000000000002
0 0.21593500000000002 0.6657900000000001 0.035625 0.08431333333333335
0 0.22974750000000002 0.6402966666666667 0.026 0.10130666666666661
0 0.2720175 0.6404066666666667 0.05037499999999997 0.07598000000000002
0 0.264205 0.61858 0.04674999999999997 0.07231333333333335
0 0.08406 0.7029866666666666 0.039875 0.07114666666666661
0 0.1402475 0.7002383333333333 0.049 0.08664333333333328
0 0.18131000000000003 0.7126566666666666 0.039625 0.08915333333333327
0 0.1869975 0.6725883333333333 0.0555 0.055983333333333274
0 0.15181 0.7314900000000001 0.052125 0.08081333333333335
0 0.12506 0.746985 0.061875 0.03815666666666675
0 0.07181 0.732655 0.046875 0.09214333333333329
0 0.0466225 0.72724 0.0355 0.08064666666666669
0 0.122185 0.7882399999999999 0.050625 0.07798000000000002
0 0.09756 0.8154833333333332 0.043625 0.0988066666666667
0 0.06806000000000001 0.80182 0.030625 0.08481333333333335
0 0.14456 0.7843233333333333 0.041625 0.053153333333333344
0 0.1826225 0.76658 0.063 0.04398666666666653
0 0.17431000000000002 0.819565 0.038625 0.08197666666666661
0 0.13430999999999998 0.8383216666666666 0.051875 0.06715000000000008
0 0.18931 0.8381550000000001 0.030125 0.11713666666666663
0 0.210245 0.868655 0.044 0.09364333333333327
0 0.23012000000000002 0.8909816666666667 0.04375 0.08497666666666662
0 0.20999500000000001 0.7303583333333333 0.0255 0.06698333333333342
0 0.21937 0.7945083333333333 0.04125 0.09130999999999995
0 0.242495 0.8071699999999999 0.0475 0.07598000000000002
0 0.2309775 0.733765 0.040875 0.0873100000000001
0 0.25753875 0.692275 0.03474750000000003 0.08297666666666668
0 0.2502275 0.7545916666666667 0.027625000000000028 0.06498333333333327
0 0.27985125 0.7241833333333334 0.038872500000000004 0.0921400000000001
0 0.271415 0.66835 0.05000000000000003 0.049153333333333424
0 0.31547625 0.6472716666666666 0.039122500000000004 0.06231666666666668
0 0.30653875 0.7075899999999999 0.030747500000000004 0.07231333333333327
0 0.33110125 0.6934266666666666 0.028622500000000002 0.09197333333333328
0 0.33228875 0.6227799999999999 0.0407475 0.04798666666666668
0 0.35372500000000007 0.6452733333333333 0.025375 0.05965333333333334
0 0.28995249999999995 0.7735083333333334 0.04675 0.06864999999999993
0 0.32357749999999996 0.7523483333333333 0.0365 0.06298333333333327
0 0.3465775 0.559065 0.0285 0.09364333333333336
0 0.31716375 0.5705283333333333 0.046747500000000004 0.06415000000000001
0 0.38424375 0.5516766666666667 0.045997500000000004 0.05665333333333335
0 0.4187425 0.5730033333333333 0.0315 0.045986666666666676
0 0.4443675 0.5836683333333333 0.03375 0.060650000000000016
0 0.4663675 0.5928316666666666 0.04325 0.06431666666666669
0 0.49799249999999995 0.6271566666666667 0.048999999999999946 0.05098666666666668
0 0.36587250000000004 0.565595 0.036 0.06415000000000001
0 0.3774975 0.6112483333333334 0.02725 0.05715000000000001
0 0.416435 0.614165 0.069125 0.07897666666666668
0 0.448685 0.627495 0.042875 0.06698333333333335
0 0.41281 0.6364916666666667 0.044875 0.06898333333333335
0 0.3806225 0.6611533333333333 0.0315 0.07431333333333327
0 0.35568500000000003 0.70424 0.035625 0.07148000000000002
0 0.376935 0.7215683333333334 0.023375 0.05981666666666661
0 0.391935 0.7260666666666666 0.036125 0.07981333333333335
0 0.4156225 0.6811616666666667 0.0415 0.0446566666666666
0 0.44156 0.6905766666666666 0.034375 0.07081333333333327
0 0.47055875 0.6625833333333333 0.026622500000000004 0.0978066666666667
0 0.3595775 0.7354833333333334 0.046 0.07364666666666668
0 0.2713275 0.83279 0.0445 0.07298000000000002
0 0.2517025 0.818295 0.04025 0.06598333333333342
0 0.3040775 0.8297916666666666 0.035 0.09297666666666676
0 0.3228275 0.7973000000000001 0.037 0.05865333333333334
0 0.3605775 0.8321233333333334 0.037 0.07498000000000002
0 0.3683275 0.7764716666666667 0.071 0.05498333333333327
0 0.31970249999999995 0.8579500000000001 0.04475 0.07064666666666669
0 0.25595249999999997 0.89294 0.04425 0.07731333333333335
0 0.2760775 0.8876083333333333 0.037 0.08597666666666662
0 0.28932749999999996 0.9252666666666668 0.0385 0.09664000000000002
0 0.3384525 0.8857766666666667 0.04625 0.09697333333333336
0 0.3123275 0.940595 0.0315 0.10463666666666661
0 0.3470775 0.9377633333333333 0.044 0.10097333333333336
0 0.3778275 0.9464283333333334 0.0425 0.0636500000000001
0 0.3920775 0.8751116666666667 0.051 0.08764333333333343
0 0.3847025 0.790135 0.06425 0.06831666666666676
0 0.3890775 0.839955 0.032 0.06531666666666676
0 0.42732624999999996 0.8896083333333333 0.0604975 0.09330999999999995
0 0.41207625000000003 0.9322633333333333 0.07399750000000001 0.05598666666666668
0 0.41632624999999995 0.7288183333333333 0.025497500000000003 0.05831666666666661
0 0.43807625 0.751145 0.046997500000000005 0.08497666666666677
0 0.44357625 0.7816366666666666 0.0589975 0.07531333333333336
0 0.448575 0.816295 0.0595 0.07265000000000009
0 0.48457500000000003 0.8521183333333333 0.06600000000000006 0.04365666666666675
0 0.45232500000000003 0.8954416666666667 0.056 0.06498333333333342
0 0.5532025 0.6571383333333333 0.02675 0.06498333333333327
0 0.5744525 0.64864 0.02525 0.07797999999999994
0 0.5932025 0.637975 0.03075 0.08731000000000003
0 0.5404525 0.5666616666666666 0.03875 0.041990000000000006
0 0.6099525 0.6361433333333334 0.01825 0.05898666666666668
0 0.5140775 0.6463083333333334 0.0465 0.06398333333333335
0 0.4833275 0.6743 0.031 0.06797999999999994
0 0.5144525 0.6996266666666666 0.03025 0.07064666666666661
0 0.5375774999999999 0.6713016666666667 0.0225 0.06331666666666669
0 0.5375775 0.7296183333333334 0.0315 0.07664333333333342
0 0.5734524999999999 0.69696 0.04775 0.053986666666666676
0 0.49432750000000003 0.7284516666666666 0.04 0.07231666666666661
0 0.4732025 0.7421150000000001 0.02375 0.06631666666666676
0 0.5119524999999999 0.7702733333333333 0.04025 0.07598000000000002
0 0.5420775 0.7699416666666666 0.0345 0.09597666666666661
0 0.4883275 0.8262583333333333 0.055 0.04132333333333342
0 0.5160775 0.8174283333333333 0.0385 0.06498333333333342
0 0.5512024999999999 0.8132633333333334 0.03975 0.07931333333333335
0 0.59920125 0.8002666666666667 0.06224750000000006 0.04998666666666668
0 0.6442012500000001 0.8155950000000001 0.07124750000000006 0.05598333333333343
0 0.64532625 0.7567783333333333 0.06449750000000005 0.06698333333333327
0 0.6113262500000001 0.7529450000000001 0.049997500000000056 0.05931666666666661
0 0.5765775 0.731285 0.0445 0.06064999999999994
0 0.61045125 0.7119566666666667 0.04574750000000006 0.05132000000000001
0 0.62970125 0.6864633333333333 0.03574750000000006 0.058986666666666604
0 0.663825 0.6771316666666668 0.049 0.09031000000000002
0 0.62407625 0.6389750000000001 0.02999750000000006 0.06731666666666668
0 0.6410750000000001 0.5666616666666666 0.0325 0.06998333333333334
0 0.678575 0.6556383333333333 0.0445 0.08131000000000002
0 0.7173250000000001 0.6096499999999999 0.052 0.028660000000000005
0 0.7290750000000001 0.5774916666666666 0.0255 0.04565666666666668
0 0.706575 0.6719666666666667 0.029 0.09530666666666669
0 0.731325 0.70929 0.028 0.07998000000000002
0 0.6624125 0.7350566666666667 0.05775 0.04882000000000001
0 0.7014125000000001 0.7313083333333333 0.03475 0.05698333333333343
0 0.7792250000000001 0.6631333333333334 0.054125 0.10314000000000002
0 0.8115375 0.7301166666666666 0.0765 0.06382000000000002
0 0.7564125 0.7437816666666667 0.0405 0.08947666666666661
0 0.8230375000000001 0.6729683333333333 0.038 0.058150000000000014
0 0.5834925 0.8856616666666667 0.046 0.062316666666666604
0 0.26761875 0.33455999999999997 0.0577475 0.05198666666666668
0 0.22662000000000002 0.17160166666666668 0.04875 0.05131666666666666
0 0.178745 0.14877333333333334 0.0395 0.07497999999999998
0 0.482825 0.21109 0.025 0.05032000000000001
0 0.4017425 0.12033166666666667 0.0275 0.05665000000000001
