0 0.78975 0.6471666666666667 0.019 0.035
0 0.826375 0.6373333333333333 0.01525 0.04533333333333334
0 0.545 0.5095 0.0175 0.035
0 0.4505 0.5533333333333333 0.029 0.026
0 0.619625 0.6175 0.01275 0.044333333333333336
0 0.47200000000000003 0.5466666666666667 0.022 0.027333333333333334
0 0.76375 0.6373333333333333 0.0215 0.034666666666666665
0 0.071875 0.6598333333333333 0.03175 0.024333333333333332
0 0.381125 0.6498333333333334 0.03325 0.019666666666666666
0 0.80425 0.5421666666666667 0.0225 0.030333333333333334
0 0.05025 0.6798333333333334 0.0305 0.03766666666666667
0 0.743125 0.39899999999999997 0.02275 0.02666666666666667
0 0.67375 0.326 0.023 0.02
0 0.663625 0.44716666666666666 0.02175 0.025
0 0.57425 0.42883333333333334 0.012 0.037
0 0.742375 0.44783333333333336 0.01975 0.025
0 0.37262500000000004 0.46049999999999996 0.01675 0.027666666666666666
0 0.442125 0.5826666666666667 0.02425 0.027333333333333334
0 0.40287500000000004 0.44899999999999995 0.01575 0.03266666666666666
0 0.467125 0.42933333333333334 0.01425 0.03133333333333333
0 0.430375 0.458 0.02075 0.028
0 0.436125 0.482 0.02225 0.025333333333333333
0 0.413875 0.5423333333333333 0.02025 0.034
0 0.503625 0.4086666666666667 0.01625 0.024
0 0.6771250000000001 0.36483333333333334 0.01825 0.013666666666666667
0 0.67675 0.5651666666666667 0.0125 0.035666666666666666
0 0.3715 0.4165 0.024 0.018333333333333333
0 0.7683749999999999 0.498 0.01175 0.034
0 0.5545 0.546 0.024 0.026
0 0.7568750000000001 0.5185 0.01825 0.029
0 0.6339999999999999 0.44666666666666666 0.017 0.028666666666666667
0 0.5569999999999999 0.5288333333333334 0.0245 0.026333333333333334
0 0.88875 0.6110000000000001 0.0295 0.03133333333333333
0 0.627125 0.4036666666666667 0.01325 0.027333333333333334
0 0.65625 0.4651666666666666 0.02 0.025666666666666667
0 0.43 0.5736666666666668 0.015 0.03333333333333333
0 0.6751250000000001 0.4463333333333333 0.01425 0.02666666666666667
0 0.750125 0.46649999999999997 0.01925 0.024333333333333332
0 0.755625 0.501 0.01375 0.03133333333333333
0 0.531125 0.381 0.01325 0.019333333333333334
0 0.7335 0.4706666666666667 0.0135 0.03333333333333333
0 0.747125 0.548 0.01325 0.03933333333333333
0 0.632375 0.5725 0.01975 0.027666666666666666
0 0.77775 0.493 0.014 0.034
0 0.6629999999999999 0.6315 0.013 0.04633333333333333
0 0.7058749999999999 0.4713333333333333 0.01975 0.024666666666666667
0 0.425125 0.37033333333333335 0.02125 0.012666666666666666
0 0.26475 0.6396666666666666 0.013 0.03933333333333333
0 0.33725 0.5993333333333334 0.02 0.04
0 0.687625 0.5145000000000001 0.01925 0.027666666666666666
0 0.2305 0.641 0.024 0.027333333333333334
0 0.742625 0.515 0.01525 0.03333333333333333
0 0.723375 0.4225 0.02175 0.023
0 0.5906250000000001 0.36916666666666664 0.01225 0.021666666666666667
0 0.42262500000000003 0.5096666666666666 0.01875 0.032
0 0.5835 0.5953333333333334 0.02 0.042
0 0.38175000000000003 0.4265 0.023 0.015
0 0.51525 0.389 0.0205 0.016
0 0.335625 0.4448333333333333 0.01825 0.026333333333333334
0 0.41087500000000005 0.3805 0.02175 0.01633333333333333
0 0.4745 0.6535 0.0175 0.04033333333333333
0 0.915625 0.5293333333333333 0.03475 0.018
0 0.49674999999999997 0.6401666666666667 0.0155 0.042333333333333334
0 0.077625 0.6781666666666667 0.03375 0.026333333333333334
0 0.795375 0.6144999999999999 0.02625 0.017
0 0.699875 0.35000000000000003 0.01825 0.02
0 0.513625 0.5916666666666667 0.02625 0.019333333333333334
0 0.48612500000000003 0.3406666666666667 0.02775 0.017333333333333333
0 0.281375 0.6078333333333333 0.02325 0.027
0 0.534625 0.3993333333333333 0.02075 0.02
0 0.37525 0.4405 0.0235 0.017
0 0.431625 0.3938333333333333 0.01425 0.026333333333333334
0 0.44462500000000005 0.359 0.01675 0.018
0 0.6721250000000001 0.5921666666666667 0.02825 0.017666666666666667
0 0.42775 0.6161666666666666 0.017 0.03833333333333333
0 0.636875 0.5508333333333334 0.01875 0.027666666666666666
0 0.363 0.4078333333333334 0.023 0.021666666666666667
0 0.5351250000000001 0.5245000000000001 0.01825 0.03166666666666667
0 0.563875 0.3635 0.01225 0.023666666666666666
0 0.861625 0.6931666666666667 0.02125 0.03766666666666667
0 0.721375 0.48133333333333334 0.01375 0.032
0 0.591 0.5118333333333334 0.0105 0.03166666666666667
0 0.5714999999999999 0.35683333333333334 0.013 0.023
0 0.473125 0.48633333333333334 0.01425 0.029333333333333333
0 0.6306250000000001 0.3338333333333333 0.01225 0.022333333333333334
0 0.5926250000000001 0.5415 0.01675 0.023666666666666666
0 0.509625 0.3601666666666667 0.01275 0.021
0 0.656125 0.567 0.01125 0.03266666666666666
0 0.716125 0.39516666666666667 0.01275 0.031
0 0.512125 0.4588333333333333 0.01875 0.027666666666666666
0 0.6166250000000001 0.46649999999999997 0.01625 0.030333333333333334
0 0.711625 0.4198333333333333 0.01775 0.021666666666666667
0 0.492 0.36416666666666664 0.013 0.024333333333333332
0 0.521125 0.40049999999999997 0.01575 0.012333333333333333
0 0.6124999999999999 0.4888333333333333 0.0185 0.027666666666666666
0 0.6786249999999999 0.34400000000000003 0.02375 0.014666666666666666
0 0.60137375 0.3535916666666667 0.024247499999999946 0.013483333333333349
0 0.42624999999999996 0.36183333333333334 0.0255 0.013666666666666667
0 0.565625 0.5138333333333334 0.02025 0.021666666666666667
0 0.51925 0.5156666666666666 0.0165 0.032
0 0.566125 0.4395 0.01475 0.027666666666666666
0 0.737125 0.3656666666666667 0.02325 0.014666666666666666
0 0.502125 0.522 0.01275 0.03333333333333333
0 0.709125 0.4395 0.01475 0.030333333333333334
0 0.649875 0.508 0.01975 0.016666666666666666
0 0.611 0.435 0.02 0.012666666666666666
0 0.55375 0.37433333333333335 0.0105 0.026
0 0.6942499999999999 0.5233333333333333 0.015 0.032
0 0.481875 0.5053333333333333 0.01125 0.03133333333333333
0 0.369625 0.39316666666666666 0.02425 0.017
0 0.431875 0.442 0.02425 0.018
0 0.637 0.41133333333333333 0.0215 0.012
0 0.50425 0.5015000000000001 0.016 0.027666666666666666
0 0.45333249999999997 0.43216666666666664 0.01183499999999998 0.027666666666666666
0 0.486125 0.654 0.01425 0.038
0 0.6355 0.5323333333333334 0.011 0.025333333333333333
0 0.291875 0.6338333333333334 0.01825 0.04566666666666667
0 0.711375 0.376 0.01325 0.026
0 0.65875 0.336 0.0185 0.018
0 0.8806250000000001 0.6319999999999999 0.01825 0.04133333333333333
0 0.6683749999999999 0.37 0.02175 0.02666666666666667
0 0.70525 0.40149999999999997 0.02 0.023666666666666666
0 0.8798750000000001 0.5663333333333334 0.01875 0.029333333333333333
0 0.6564987499999999 0.40337833333333334 0.022497499999999945 0.016576666666666674
0 0.457125 0.3676666666666667 0.01275 0.02266666666666667
0 0.4635 0.3973333333333333 0.016 0.025333333333333333
0 0.582875 0.36283333333333334 0.01275 0.023
0 0.29662499999999997 0.608 0.02225 0.02266666666666667
0 0.48175 0.5373333333333334 0.016 0.03333333333333333
0 0.612 0.33099999999999996 0.0125 0.02266666666666667
0 0.43962500000000004 0.37716666666666665 0.02075 0.013
0 0.533875 0.3411666666666667 0.02275 0.015
0 0.401875 0.5978333333333333 0.01525 0.04033333333333333
0 0.37 0.6036666666666667 0.016 0.038
0 0.5985 0.32316666666666666 0.0145 0.02033333333333333
0 0.548875 0.35366666666666663 0.01925 0.015333333333333332
0 0.6746249999999999 0.6288333333333334 0.01575 0.03766666666666667
0 0.241375 0.6176666666666666 0.02775 0.024666666666666667
0 0.6495000000000001 0.5975 0.0195 0.035666666666666666
0 0.847 0.6245 0.015 0.03966666666666667
0 0.7525000000000001 0.6383333333333333 0.0215 0.032
0 0.406875 0.4368333333333333 0.01325 0.035666666666666666
0 0.58875 0.44633333333333336 0.0235 0.02
0 0.64725 0.39 0.023 0.014
0 0.5458737499999999 0.6193333333333333 0.026747499999999945 0.016666666666666666
0 0.561625 0.495 0.01725 0.016
0 0.77525 0.648 0.0175 0.030666666666666665
0 0.834875 0.49416666666666664 0.02475 0.022333333333333334
0 0.5411250000000001 0.638 0.02025 0.034
0 0.68425 0.3551666666666667 0.0185 0.011
0 0.60025 0.6273333333333334 0.0225 0.023333333333333334
0 0.719125 0.3468333333333333 0.01125 0.017
0 0.32575 0.653 0.023 0.026
0 0.27775 0.6207233333333333 0.01675 0.02849333333333334
0 0.27781249999999996 0.643385 0.018125 0.03982333333333334
0 0.253 0.6287216666666667 0.026 0.03582333333333334
0 0.253875 0.6357216666666667 0.02175 0.03749000000000001
0 0.31606125 0.6288883333333334 0.018122500000000003 0.03749000000000001
0 0.3030625 0.634055 0.015625 0.041490000000000006
0 0.330935 0.6130583333333334 0.021125 0.033823333333333344
0 0.3287475 0.62464 0.02875 0.03432666666666667
0 0.3566225 0.6116433333333334 0.02125 0.030993333333333338
0 0.3836225 0.604895 0.01125 0.029823333333333344
0 0.39224749999999997 0.6060616666666667 0.00925 0.033823333333333344
0 0.41181 0.6035616666666667 0.016375 0.03615666666666668
0 0.4063725 0.7107966666666666 0.01975 0.04798666666666668
0 0.4429975 0.664725 0.0165 0.040489999999999936
0 0.45074749999999997 0.644815 0.0175 0.03999000000000001
0 0.4654975 0.6461466666666668 0.0205 0.019326666666666673
0 0.4663725 0.632485 0.03225 0.01599666666666667
0 0.4391225 0.6093233333333333 0.01575 0.04165333333333335
0 0.4473725 0.6143216666666667 0.01525 0.033656666666666675
0 0.455685 0.5848183333333333 0.017375 0.03165666666666667
0 0.4663725 0.6151433333333334 0.02325 0.021660000000000006
0 0.47406 0.6173933333333333 0.020625 0.029160000000000005
0 0.4716225 0.591065 0.0245 0.01249666666666667
0 0.46787249999999997 0.5979816666666667 0.0275 0.01733
0 0.48649749999999997 0.5758216666666667 0.01625 0.03899000000000001
0 0.4909975 0.6148933333333333 0.01925 0.040153333333333346
0 0.5056225 0.6230583333333334 0.027499999999999945 0.031156666666666676
0 0.5067475 0.6411366666666667 0.017249999999999942 0.040320000000000016
0 0.4037475 0.5473883333333334 0.01525 0.03182333333333334
0 0.43581 0.5218116666666667 0.014625 0.03165666666666667
0 0.44756 0.5204783333333333 0.014375 0.03632333333333334
0 0.454185 0.504815 0.011125 0.028656666666666674
0 0.4633725 0.508065 0.01375 0.03715666666666668
0 0.47128125000000004 0.51903 0.0135625 0.03874000000000001
0 0.49624999999999997 0.586315 0.017125 0.03799000000000001
0 0.509 0.6047766666666667 0.0265 0.01424666666666667
0 0.5203749999999999 0.6213966666666666 0.012125 0.04232000000000001
0 0.5164375 0.5700350000000001 0.022125 0.02607666666666667
0 0.50009375 0.55999 0.0114375 0.03199333333333334
0 0.4905 0.5237033333333334 0.01225 0.039906666666666674
0 0.51203125 0.531075 0.0149375 0.03982333333333334
0 0.5263125 0.550945 0.026125 0.028410000000000005
0 0.5331875 0.5450716666666667 0.023125 0.04482333333333334
0 0.5223749999999999 0.563275 0.02575 0.027410000000000007
0 0.5321224999999999 0.584635 0.01875 0.033990000000000006
0 0.5324975 0.6049633333333334 0.01375 0.03132666666666667
0 0.5298725 0.63479 0.01 0.030326666666666596
0 0.5439974999999999 0.5841350000000001 0.01275 0.03899000000000001
0 0.5521225 0.6117950000000001 0.0295 0.02299666666666667
0 0.5561849999999999 0.6312066666666667 0.023375 0.01615999999999993
0 0.5666224999999999 0.6029633333333333 0.019 0.022660000000000007
0 0.5726224999999999 0.6219583333333333 0.013 0.0406566666666666
0 0.56856 0.6464533333333333 0.022875 0.02932666666666667
0 0.5624349999999999 0.6527833333333333 0.022375 0.028326666666666674
0 0.5555599999999999 0.585885 0.017625 0.032156666666666674
0 0.5626224999999999 0.5807200000000001 0.019 0.028826666666666674
0 0.5551849999999999 0.5577266666666667 0.026625 0.026826666666666672
0 0.5742474999999999 0.55581 0.01525 0.047320000000000015
0 0.5846849999999999 0.5594750000000001 0.012875 0.03965666666666667
0 0.5978724999999999 0.5583933333333334 0.02175 0.026826666666666672
0 0.6003724999999999 0.5749716666666667 0.011 0.027656666666666677
0 0.5914974999999999 0.594715 0.011 0.03782333333333334
0 0.5814975 0.6222083333333334 0.01475 0.04348999999999993
0 0.5956224999999999 0.6442033333333332 0.0195 0.02449333333333334
0 0.6075599999999999 0.6431199999999999 0.024125 0.016326666666666673
0 0.6007475 0.6030533333333333 0.01125 0.028160000000000004
0 0.6074975 0.6127166666666667 0.01225 0.03449333333333334
0 0.6286225 0.6164666666666667 0.01125 0.03132666666666667
0 0.63906 0.6217983333333333 0.019125 0.03999000000000001
0 0.611935 0.5813916666666666 0.012625 0.033823333333333344
0 0.6243099999999999 0.5792266666666667 0.018625 0.04748666666666668
0 0.6400599999999999 0.584975 0.017375 0.03965666666666667
0 0.6013725 0.5392366666666667 0.02 0.029160000000000005
0 0.6126225 0.5497333333333333 0.01175 0.030160000000000006
0 0.57187375 0.5242399999999999 0.014997499999999945 0.03049333333333334
0 0.58187375 0.5147433333333333 0.010747499999999945 0.04815333333333335
0 0.6224974999999999 0.5541483333333334 0.01275 0.032656666666666674
0 0.62706 0.5366533333333333 0.011125 0.03366000000000001
0 0.617185 0.5250733333333334 0.015625 0.027826666666666673
0 0.6034974999999999 0.51066 0.01725 0.030993333333333338
0 0.6127475 0.5150766666666666 0.02075 0.031160000000000007
0 0.6321224999999999 0.5108266666666667 0.017 0.021326666666666674
0 0.646435 0.5236566666666667 0.016375 0.027326666666666673
0 0.6519974999999999 0.5346550000000001 0.01525 0.04099000000000001
0 0.647685 0.5686450000000001 0.010625 0.027656666666666677
0 0.670935 0.5575633333333334 0.019625 0.024826666666666674
0 0.68781 0.6317116666666667 0.021875 0.029823333333333268
0 0.6891225 0.607885 0.0115 0.03649000000000001
0 0.6992474999999999 0.61605 0.013 0.03049333333333334
0 0.6533724999999999 0.6218816666666667 0.017 0.04049000000000001
0 0.6724349999999999 0.6030516666666667 0.028875 0.014830000000000003
0 0.6871225 0.5705616666666667 0.014 0.03882333333333334
0 0.69656 0.5790583333333333 0.016875 0.031156666666666676
0 0.7069975 0.5855583333333334 0.0175 0.035156666666666676
0 0.7137475 0.6011366666666667 0.01425 0.01999333333333334
0 0.7201225 0.6004700000000001 0.0195 0.03199333333333334
0 0.66406 0.532155 0.014625 0.04599000000000001
0 0.6754974999999999 0.5378200000000001 0.017 0.017326666666666674
0 0.6899349999999999 0.5502333333333334 0.018625 0.038486666666666676
0 0.7086224999999999 0.5626466666666666 0.021 0.03399333333333334
0 0.6332475 0.7947783333333334 0.0155 0.036323333333333416
0 0.6547474999999999 0.7526216666666666 0.0165 0.03398999999999993
0 0.60056 0.490375 0.012875 0.032989999999999936
0 0.6234349999999999 0.478545 0.013375 0.031323333333333266
0 0.6292474999999998 0.488875 0.013 0.03632333333333327
0 0.6344974999999999 0.473045 0.01 0.03632333333333327
0 0.6433725 0.4845433333333333 0.01675 0.03265999999999993
0 0.6610599999999999 0.4882916666666667 0.021375 0.030489999999999934
0 0.643685 0.46021 0.012875 0.028993333333333263
0 0.6658725 0.467125 0.016 0.03482333333333327
0 0.6783724999999999 0.475705 0.013 0.039323333333333266
0 0.6889349999999999 0.48228666666666664 0.015375 0.01549333333333334
0 0.686435 0.464625 0.019125 0.024496666666666594
0 0.677685 0.4955333333333333 0.019125 0.025660000000000006
0 0.672935 0.5144449999999999 0.011375 0.03915666666666667
0 0.6608099999999999 0.5156116666666667 0.014875 0.034156666666666675
0 0.69406 0.4987 0.027875 0.018993333333333338
0 0.7093725 0.5154449999999999 0.01575 0.031156666666666676
0 0.7063725 0.5316083333333333 0.02275 0.029156666666666674
0 0.71524625 0.5507683333333333 0.02324750000000006 0.03615666666666668
0 0.7253712499999999 0.5639333333333334 0.00974750000000006 0.021160000000000005
0 0.7187475 0.5346083333333334 0.0135 0.03582333333333334
0 0.72724625 0.5407716666666667 0.014497500000000059 0.04249000000000001
0 0.7374949999999999 0.5500183333333334 0.015 0.03899000000000001
0 0.73087125 0.5175283333333334 0.014247500000000059 0.026656666666666676
0 0.7179975 0.50878 0.0125 0.022826666666666672
0 0.7297462499999999 0.5009483333333333 0.01324750000000006 0.035156666666666676
0 0.7403075 0.49161833333333327 0.010625 0.028823333333333343
0 0.7518699999999999 0.48561999999999994 0.017 0.029160000000000005
0 0.7578699999999999 0.5386066666666667 0.01375 0.04182000000000001
0 0.76737 0.5341916666666666 0.01275 0.03799000000000001
0 0.775495 0.5251916666666666 0.01225 0.03932333333333334
0 0.7848700000000001 0.5334416666666666 0.01425 0.032156666666666674
0 0.7032474999999999 0.4854533333333333 0.0265 0.018160000000000006
0 0.712935 0.49028499999999997 0.012875 0.020163333333333335
0 0.7234962500000001 0.44296500000000005 0.01349750000000006 0.02949000000000001
0 0.78593375 0.4862866666666666 0.017877499999999942 0.031160000000000007
0 0.74031 0.6145016666666667 0.013125 0.04099000000000001
0 0.7536225 0.6043383333333333 0.018 0.03799000000000001
0 0.76506 0.6055050000000001 0.016375 0.03899000000000001
0 0.7764975 0.6094200000000001 0.01375 0.028826666666666674
0 0.7905599999999999 0.5181116666666666 0.019125 0.032156666666666674
0 0.8002462499999999 0.50878 0.017247500000000058 0.03382666666666667
0 0.81399625 0.51178 0.01349750000000006 0.03049333333333334
0 0.8246825 0.5150283333333333 0.017375 0.03865666666666667
0 0.838245 0.5231933333333333 0.01775 0.040320000000000016
0 0.8509325 0.5296916666666667 0.014875 0.034656666666666676
0 0.81624625 0.5365233333333332 0.029247500000000058 0.028326666666666674
0 0.8008725 0.43987 0.022 0.03266000000000001
0 0.8356224999999999 0.632015 0.01925 0.041990000000000006
0 0.813685 0.6328483333333333 0.015625 0.034656666666666676
0 0.80256 0.65051 0.012625 0.02499333333333334
0 0.8061849999999999 0.6259333333333333 0.014875 0.02582666666666667
0 0.783185 0.6271 0.012625 0.03049333333333334
0 0.447185 0.487265 0.017875 0.027156666666666676
0 0.44474749999999996 0.46243833333333334 0.0245 0.02449666666666667
0 0.44212250000000003 0.45710666666666666 0.02175 0.024826666666666674
0 0.45631 0.46052333333333334 0.017625 0.027326666666666673
0 0.461185 0.47468499999999997 0.014125 0.03499000000000001
0 0.4839975 0.47751666666666664 0.014 0.029660000000000006
0 0.4888725 0.4985133333333333 0.011 0.023660000000000007
0 0.4936225 0.4768516666666667 0.01075 0.03232333333333334
0 0.500185 0.47235166666666667 0.014375 0.034323333333333345
0 0.5132475 0.488015 0.017749999999999943 0.02899000000000001
0 0.5179975 0.46926999999999996 0.014999999999999944 0.03582666666666667
0 0.5261224999999999 0.46818666666666664 0.0105 0.030660000000000007
0 0.5275599999999999 0.49626333333333333 0.017625 0.02949333333333334
0 0.533185 0.489515 0.015875 0.03132333333333334
0 0.540685 0.47426833333333335 0.020875 0.03549000000000001
0 0.5507475 0.4693533333333333 0.019 0.030993333333333338
0 0.5602162499999999 0.477885 0.0139375 0.028910000000000005
0 0.56896625 0.47201000000000004 0.0180625 0.03232666666666667
0 0.5695287499999999 0.4985033333333333 0.0310625 0.02899333333333334
0 0.4688725 0.4542616666666666 0.011 0.03499000000000001
0 0.47781 0.45905166666666664 0.012125 0.03291000000000001
0 0.487185 0.44867999999999997 0.015625 0.02982666666666667
0 0.50934125 0.44722166666666663 0.030312499999999944 0.023076666666666672
0 0.50415375 0.43580833333333335 0.022312499999999943 0.021410000000000005
0 0.5223099999999999 0.43993166666666667 0.014125 0.03082333333333334
0 0.47309124999999996 0.4325166666666666 0.0120625 0.023160000000000007
0 0.48059125 0.42331166666666664 0.0135625 0.026910000000000007
0 0.503185 0.4267683333333333 0.017625 0.016330000000000004
0 0.43675 0.4207283333333333 0.01575 0.02824333333333334
0 0.53252875 0.43072333333333335 0.0133125 0.03940666666666667
0 0.5410599999999999 0.45047 0.00975 0.032406666666666674
0 0.53252875 0.4525533333333333 0.0065625 0.01074666666666667
0 0.5505912499999999 0.4464283333333333 0.0103125 0.03182333333333334
0 0.56077875 0.4479283333333333 0.0134375 0.03049000000000001
0 0.5878724999999999 0.4760133333333333 0.021 0.02199333333333334
0 0.584935 0.4846766666666667 0.016875 0.021326666666666674
0 0.5814974999999999 0.45810166666666663 0.02575 0.014830000000000003
0 0.6011224999999999 0.4516866666666667 0.017 0.030326666666666672
0 0.6107475 0.45585166666666666 0.02475 0.03965666666666667
0 0.62506 0.4393566666666666 0.011375 0.030993333333333338
0 0.6466824999999999 0.43544 0.013375 0.03049333333333334
0 0.58406 0.4271083333333333 0.011875 0.03682333333333334
0 0.5914975 0.4239433333333333 0.01275 0.028160000000000004
0 0.5976849999999999 0.42011 0.016875 0.024826666666666674
0 0.6089975 0.4153633333333333 0.01475 0.025326666666666674
0 0.616935 0.41568 0.019875 0.02149333333333334
0 0.6189974999999999 0.39964500000000003 0.011375 0.02524333333333334
0 0.5388099999999999 0.4223466666666667 0.010125 0.024326666666666674
0 0.54621625 0.42434666666666665 0.0094375 0.029660000000000006
0 0.5550912499999999 0.42318 0.0095625 0.025660000000000006
0 0.6307787499999999 0.42688499999999996 0.0114375 0.020076666666666673
0 0.64315375 0.42176166666666665 0.0224375 0.021330000000000002
0 0.64215375 0.3996416666666667 0.0238125 0.016410000000000004
0 0.6599349999999999 0.41568 0.018875 0.02999333333333334
0 0.6628099999999999 0.42455166666666666 0.0205 0.019576666666666673
0 0.6652787499999999 0.43317500000000003 0.0241875 0.016663333333333336
0 0.6807475 0.42694 0.017 0.02649333333333334
0 0.6899974999999999 0.4525166666666667 0.0195 0.027660000000000007
0 0.6963725 0.44602 0.01975 0.02932666666666667
0 0.6974349999999999 0.43660666666666664 0.018125 0.02749333333333334
0 0.6990599999999999 0.41294499999999995 0.014125 0.02849000000000001
0 0.6888725 0.40911333333333333 0.012 0.02849333333333334
0 0.7284974999999999 0.41352666666666665 0.0185 0.026993333333333338
0 0.7291225 0.3995316666666666 0.01625 0.03165666666666667
0 0.78137 0.4053633333333333 0.024 0.03132666666666667
0 0.76087125 0.4049466666666666 0.01574750000000006 0.03216000000000001
0 0.7368099999999999 0.38353499999999996 0.020625 0.01399666666666667
0 0.7348725 0.3766 0.02225 0.016326666666666673
0 0.72246625 0.3783916666666666 0.0080625 0.01807666666666667
0 0.7248724999999999 0.358355 0.022375 0.015663333333333335
0 0.7142474999999999 0.3682683333333333 0.01375 0.021663333333333337
0 0.7083412499999999 0.34885666666666665 0.0133125 0.017326666666666636
0 0.70531 0.38767999999999997 0.012 0.022993333333333338
0 0.6847475 0.38334833333333335 0.013375 0.028156666666666677
0 0.6937475 0.380765 0.012625 0.03132333333333334
0 0.70327875 0.37039333333333335 0.0076875 0.017413333333333336
0 0.7141224999999999 0.368685 0.056625 0.029823333333333344
0 0.6527787499999999 0.3354783333333334 0.0155625 0.017576666666666636
0 0.66031 0.3505566666666666 0.022875 0.016080000000000004
0 0.6731225 0.35272333333333333 0.01925 0.016580000000000004
0 0.6522475 0.35543166666666665 0.018 0.012830000000000003
0 0.6747162499999999 0.39854833333333334 0.0188125 0.02074333333333334
0 0.6761849999999999 0.41237833333333335 0.019375 0.01624333333333334
0 0.6594975 0.38167666666666666 0.01575 0.028660000000000005
0 0.641655 0.38530166666666665 0.021809999999999944 0.019576666666666673
0 0.6718099999999999 0.3840516666666667 0.021375 0.02574333333333334
0 0.6494662499999999 0.370675 0.0166875 0.011163333333333336
0 0.64856 0.35955333333333334 0.019875 0.01174666666666667
0 0.637185 0.37134333333333336 0.016375 0.022326666666666672
0 0.6408725 0.330895 0.013875 0.02290999999999997
0 0.640685 0.344225 0.019625 0.01175
0 0.6384662499999999 0.352765 0.0263125 0.011830000000000004
0 0.63034125 0.36226166666666665 0.0161875 0.011163333333333336
0 0.6215912499999999 0.3339783333333333 0.0094375 0.020909999999999967
0 0.6229974999999999 0.34839166666666666 0.0145 0.024410000000000005
0 0.6164362499999999 0.34843166666666664 0.014372499999999946 0.017163333333333336
0 0.6256849999999999 0.3734683333333333 0.013125 0.02624333333333334
0 0.61834125 0.37259333333333333 0.0121875 0.024826666666666674
0 0.60993625 0.3679266666666667 0.011872499999999946 0.02149333333333334
0 0.59825 0.34247666666666665 0.0225 0.013413333333333336
0 0.60053125 0.37105166666666667 0.0135625 0.02224333333333334
0 0.618155 0.38621333333333335 0.021309999999999947 0.010913333333333336
0 0.6090599999999999 0.39325666666666664 0.00975 0.026160000000000006
0 0.60040375 0.3898433333333333 0.0136875 0.025160000000000005
0 0.5988724999999999 0.4052133333333333 0.012125 0.022413333333333337
0 0.5911225 0.39446666666666663 0.008375 0.03274000000000001
0 0.5797487499999999 0.38992666666666664 0.015122499999999945 0.022660000000000007
0 0.5819362499999999 0.3990066666666667 0.011247499999999945 0.022660000000000007
0 0.5686249999999999 0.4157516666666667 0.018625 0.020663333333333336
0 0.5573125 0.4097133333333333 0.02675 0.012080000000000002
0 0.603185 0.3297333333333333 0.008875 0.017913333333333337
0 0.5919662499999999 0.3280666666666667 0.0163125 0.01874666666666667
0 0.58587375 0.334025 0.013622499999999945 0.01199666666666667
0 0.5837487499999999 0.34314666666666666 0.014372499999999946 0.021413333333333298
0 0.5749362499999999 0.34335333333333334 0.015622499999999945 0.0249933333333333
0 0.5620625 0.34014666666666665 0.017125 0.018246666666666633
0 0.56428125 0.34976999999999997 0.0163125 0.01649333333333334
0 0.54575 0.33823166666666665 0.020625 0.0192433333333333
0 0.5710937500000001 0.37547833333333336 0.0153125 0.02024333333333334
0 0.573155 0.38664166666666666 0.018684999999999945 0.021910000000000006
0 0.5606249999999999 0.379395 0.013375 0.024576666666666674
0 0.5626875 0.39809666666666665 0.02575 0.017326666666666674
0 0.5497187499999999 0.4016783333333333 0.0159375 0.007830000000000004
0 0.5421250000000001 0.37122833333333327 0.017875 0.025076666666666674
0 0.5445625000000001 0.3585933333333334 0.017125 0.016913333333333336
0 0.5303125 0.3594266666666667 0.016875 0.02474666666666667
0 0.527375 0.35247 0.014875 0.020160000000000008
0 0.5354062500000001 0.37438000000000005 0.0140625 0.021660000000000006
0 0.541875 0.39091833333333337 0.01825 0.01590999999999993
0 0.52 0.3674666666666667 0.01125 0.02749333333333334
0 0.52594625 0.41534666666666664 0.0126875 0.02099333333333334
0 0.51654 0.41468 0.015749999999999945 0.022326666666666672
0 0.49900875 0.37427499999999997 0.0210625 0.012163333333333337
0 0.5026962500000001 0.3839383333333333 0.0094375 0.00699666666666667
0 0.5083525 0.3808966666666666 0.00475 0.01224666666666667
0 0.51025875 0.3752733333333333 0.020812499999999942 0.022160000000000006
0 0.49550875 0.4039333333333333 0.0184375 0.01849333333333334
0 0.49072750000000004 0.434965 0.009375 0.02557666666666667
0 0.48660375 0.41459666666666667 0.022622500000000004 0.019660000000000007
0 0.467355 0.407975 0.012375 0.024410000000000005
0 0.48160375 0.40047666666666665 0.017622500000000003 0.013913333333333337
0 0.49000875 0.3924333333333333 0.0259375 0.01
0 0.47210375000000004 0.38518499999999994 0.025122500000000002 0.018330000000000003
0 0.48647750000000006 0.38222666666666666 0.01475 0.012580000000000003
0 0.4969775 0.387685 0.019125 0.019663333333333335
0 0.48113375 0.36369 0.0125625 0.024326666666666674
0 0.48466500000000007 0.35427666666666663 0.01375 0.02349333333333334
0 0.4976025 0.35623499999999997 0.014625 0.01807666666666667
0 0.46407125 0.35511166666666666 0.0124375 0.018496666666666668
0 0.46838375 0.3624433333333333 0.0153125 0.026160000000000006
0 0.46982125 0.37152333333333326 0.0185625 0.024160000000000004
0 0.44847750000000003 0.36615 0.010375 0.01374666666666667
0 0.45429 0.3773566666666667 0.014125 0.022326666666666672
0 0.45354 0.39039333333333337 0.022875 0.013413333333333336
0 0.45032125000000006 0.40580499999999997 0.0155625 0.02557666666666667
0 0.45566500000000004 0.41584499999999996 0.014375 0.032656666666666674
0 0.4457275 0.43300666666666665 0.01125 0.023826666666666673
0 0.38439499999999993 0.47335666666666665 0.019125 0.02899333333333334
0 0.3622075 0.46219166666666667 0.019 0.03132333333333334
0 0.3517075 0.4354483333333333 0.016 0.034156666666666675
0 0.39558249999999995 0.4275333333333333 0.01725 0.024326666666666674
0 0.38752 0.4461133333333333 0.015625 0.023826666666666673
0 0.4132075 0.4278683333333333 0.013 0.029323333333333344
0 0.41979000000000005 0.44247166666666665 0.01275 0.029910000000000006
0 0.39326 0.4111883333333333 0.026185000000000003 0.01649666666666667
0 0.4029475 0.40335666666666664 0.023435 0.022826666666666672
0 0.42132125000000004 0.4083983333333333 0.0254375 0.020410000000000005
0 0.42141500000000004 0.41997833333333334 0.01875 0.02557666666666667
0 0.42827 0.3527283333333333 0.017875 0.011330000000000003
0 0.41482125 0.38727666666666666 0.0233125 0.01782666666666667
0 0.4173525 0.3928583333333333 0.019125 0.016663333333333336
0 0.43922750000000005 0.398565 0.01375 0.02224333333333334
0 0.7238674999999999 0.613935 0.01575 0.03299000000000001
0 0.7282424999999999 0.6264316666666666 0.0185 0.03799000000000001
