0 0.65875 0.009833333333333333 0.02125 0.018
0 0.2130625 0.33457000000000003 0.027375 0.024140000000000023
0 0.0360625 0.34178333333333333 0.015875 0.025659999999999968
0 0.57715625 0.35194833333333336 0.0190625 0.027410000000000007
0 0.519015 0.34776666666666667 0.015470000000000027 0.013953333333333338
0 0.38690625 0.35411166666666666 0.0194375 0.022910000000000007
0 0.709885 0.3616666666666667 0.016019999999999982 0.031
0 0.44096875 0.36036666666666667 0.0191875 0.019066666666666683
0 0.594375 0.3692816666666667 0.0155 0.033563333333333355
0 0.4735625 0.363 0.027875 0.02033333333333333
0 0.33871875 0.3639866666666667 0.0189375 0.021660000000000006
0 0.6789999999999999 0.36597999999999997 0.01325 0.024373333333333295
0 0.501625 0.44316666666666665 0.015 0.013333333333333334
0 0.612125 0.45766666666666667 0.0125 0.028333333333333332
0 0.527125 0.4563333333333333 0.014 0.024333333333333332
0 0.6936775 0.4627016666666666 0.018605000000000017 0.03583
0 0.603875 0.46149999999999997 0.0155 0.030666666666666665
0 0.29225 0.46849999999999997 0.01575 0.042666666666666665
0 0.47170749999999995 0.46909333333333336 0.01325 0.035573333333333346
0 0.47897875 0.4771333333333334 0.011707499999999982 0.04498666666666668
0 0.50927 0.4674666666666667 0.020125 0.03182666666666667
0 0.35423 0.4641466666666667 0.013875 0.024660000000000005
0 0.48666624999999997 0.4718333333333333 0.010917500000000017 0.038
0 0.52647875 0.46844 0.020207499999999982 0.0305466666666667
0 0.396865 0.4725 0.015019999999999981 0.03666666666666667
0 0.56507375 0.46425833333333333 0.0320625 0.018849999999999985
0 0.42014625 0.4673333333333334 0.02354250000000002 0.021666666666666667
0 0.59669875 0.46903666666666666 0.0140625 0.026826666666666672
0 0.6080212500000001 0.4922216666666666 0.01704250000000002 0.029443333333333307
0 0.30376125000000004 0.477 0.0161875 0.03966666666666667
0 0.5435725 0.47623000000000004 0.011394999999999982 0.038126666666666705
0 0.36027125000000004 0.47344833333333336 0.01729250000000002 0.03076999999999998
0 0.378125 0.472655 0.0085 0.022976666666666687
0 0.49533249999999995 0.4793966666666667 0.01225 0.0351266666666667
0 0.46710375 0.48248 0.014457499999999983 0.03996000000000004
0 0.72690625 0.4792166666666666 0.0155625 0.03790666666666668
0 0.38737499999999997 0.4796666666666667 0.0115 0.033
0 0.6498862500000001 0.47386999999999996 0.0204375 0.023826666666666673
0 0.3463025 0.4822783333333333 0.013855000000000018 0.03689000000000003
0 0.2788025 0.48177833333333336 0.012355000000000019 0.035223333333333356
0 0.45491625 0.4825633333333334 0.017917500000000017 0.0361266666666667
0 0.6262399999999999 0.48466666666666663 0.014730000000000017 0.03966666666666667
0 0.2678025 0.48300000000000004 0.014355000000000019 0.035
0 0.6847087500000001 0.47864 0.02866750000000002 0.026279999999999974
0 0.680855 0.48603166666666664 0.02275 0.02249666666666667
0 0.3374275 0.4845 0.015105000000000018 0.03666666666666667
0 0.586865 0.487555 0.012480000000000019 0.04077666666666664
0 0.5885 0.5248333333333333 0.01075 0.03866666666666667
0 0.40557375 0.4863983333333334 0.0138125 0.040656666666666674
0 0.5101249999999999 0.48260833333333336 0.022 0.031116666666666636
0 0.325855 0.4865 0.016375 0.034
0 0.6357612499999999 0.4866983333333333 0.0119375 0.03599000000000001
0 0.36327125 0.488155 0.021792500000000017 0.03668999999999998
0 0.55458375 0.4797666666666666 0.02141750000000002 0.019160000000000007
0 0.565125 0.4921383333333333 0.013 0.04060999999999997
0 0.57533375 0.48910166666666666 0.011082499999999981 0.03546333333333337
0 0.6159487499999999 0.4908883333333333 0.0131875 0.03210999999999998
0 0.65977125 0.48686166666666664 0.0276875 0.01872333333333336
0 0.52498 0.4953033333333333 0.016125 0.03574000000000001
0 0.6013025 0.49422166666666667 0.017855000000000017 0.02477666666666664
0 0.36973999999999996 0.5019833333333333 0.019230000000000018 0.0389666666666667
0 0.37799 0.5006550000000001 0.01673000000000002 0.033023333333333314
0 0.44334375000000004 0.5080516666666667 0.017352499999999965 0.04613666666666662
0 0.54788625 0.503095 0.0144375 0.03349666666666667
0 0.49679125 0.49912666666666666 0.02866750000000002 0.0258266666666666
0 0.5601462500000001 0.51102 0.014542500000000019 0.04466666666666667
0 0.66420875 0.49738333333333334 0.02816750000000002 0.017566666666666682
0 0.45226 0.5061666666666667 0.010769999999999981 0.03
0 0.54337 0.5094033333333333 0.023490000000000007 0.028473333333333357
0 0.65274 0.5134 0.02023000000000002 0.033573333333333344
0 0.41014625000000005 0.5151566666666667 0.013042500000000018 0.04335333333333331
0 0.508895 0.5113716666666667 0.011 0.03432333333333327
0 0.43127125 0.51399 0.012792500000000017 0.03968666666666665
0 0.38837499999999997 0.5135000000000001 0.0115 0.029333333333333333
0 0.4203025 0.5158333333333334 0.010855000000000017 0.03333333333333333
0 0.580375 0.5163333333333333 0.009 0.035
0 0.46360375 0.5091883333333334 0.011957499999999982 0.02395666666666663
0 0.47451999999999994 0.5154000000000001 0.020125 0.0315333333333333
0 0.518375 0.51834 0.012 0.04165333333333335
0 0.602625 0.5101666666666667 0.021 0.02
0 0.39965625 0.5194 0.012477499999999964 0.03580000000000003
0 0.6324274999999999 0.5205666666666666 0.015105000000000018 0.03857333333333334
0 0.50223875 0.5199550000000001 0.0140625 0.03398999999999993
0 0.675375 0.5223333333333333 0.017 0.033666666666666664
0 0.61944875 0.5192733333333334 0.0181875 0.026993333333333338
0 0.5694175 0.523815 0.014 0.03474333333333334
0 0.49319875 0.5250216666666666 0.0128125 0.03249000000000001
0 0.5382925000000001 0.522925 0.0295 0.02483
0 0.5992925000000001 0.52344 0.01425 0.019660000000000007
0 0.48641625 0.5372716666666667 0.0209375 0.04023666666666668
0 0.6082612500000001 0.53452 0.0229375 0.02649333333333334
0 0.38626125 0.53168 0.0166875 0.023580000000000004
0 0.44120875000000004 0.5404850000000001 0.014667500000000017 0.031303333333333364
0 0.5583549999999999 0.5404033333333333 0.015 0.035193333333333306
0 0.5346775 0.5362983333333333 0.02939499999999998 0.01824333333333334
0 0.53757375 0.5504283333333333 0.0248125 0.01649666666666667
0 0.48028125000000005 0.5511783333333333 0.024727499999999965 0.03873000000000002
0 0.42727125 0.5463333333333333 0.01979250000000002 0.027
0 0.41527125 0.55832 0.022792500000000018 0.02102666666666664
0 0.5170525 0.5474633333333333 0.017855000000000017 0.026593333333333323
0 0.40386500000000003 0.5482766666666667 0.012480000000000019 0.028220000000000026
0 0.610125 0.5443333333333333 0.016 0.017
0 0.504375 0.55197 0.017 0.03372666666666669
0 0.39279250000000004 0.5552833333333334 0.012125 0.03356666666666668
0 0.47250000000000003 0.55623 0.02275 0.0341266666666667
0 0.46251125000000004 0.5610666666666667 0.0171875 0.038486666666666676
0 0.45358375 0.5586916666666667 0.019417500000000018 0.03207666666666667
0 0.38302125 0.5607266666666666 0.012792500000000017 0.03578666666666663
0 0.35927125 0.5601983333333334 0.02379250000000002 0.023396666666666684
0 0.5171675 0.57038 0.0115 0.03624000000000001
0 0.437125 0.5608333333333333 0.014375 0.036833333333333336
0 0.5667612500000001 0.5782233333333333 0.0160625 0.04811333333333331
0 0.5451675 0.5774999999999999 0.01475 0.03933333333333333
0 0.49674999999999997 0.5766666666666667 0.01025 0.036333333333333336
0 0.556365 0.5778 0.011980000000000018 0.03926666666666665
0 0.5255 0.5725 0.00675 0.026
0 0.337995 0.5806666666666667 0.016240000000000008 0.03833333333333333
0 0.5826775 0.5768333333333333 0.01710500000000002 0.03
0 0.42989499999999997 0.5764916666666667 0.020125 0.03099000000000001
0 0.5378437500000001 0.5828749999999999 0.021102499999999965 0.03808333333333333
0 0.348755 0.5843516666666667 0.014529999999999973 0.041630000000000035
0 0.5077925 0.5838283333333334 0.016 0.03749000000000001
0 0.59564625 0.5848533333333333 0.013042500000000018 0.03396000000000004
0 0.475375 0.58 0.029 0.02033333333333333
0 0.4725 0.5925833333333334 0.02825 0.0205
0 0.4560725 0.5790000000000001 0.01789499999999998 0.013666666666666667
0 0.45074 0.5928599999999999 0.014230000000000019 0.04005333333333336
0 0.45522375 0.6173649999999999 0.018467499999999974 0.03932333333333334
0 0.57482375 0.5873033333333333 0.0163125 0.02172666666666669
0 0.39080250000000005 0.6001666666666666 0.014644999999999981 0.04066666666666666
0 0.43748000000000004 0.5972766666666667 0.015 0.03488666666666669
0 0.3990525 0.5983183333333334 0.012144999999999982 0.03630333333333336
0 0.49233374999999996 0.5914083333333334 0.010417500000000019 0.022483333333333348
0 0.489365 0.61595 0.012980000000000018 0.033099999999999984
0 0.61524 0.600055 0.018730000000000017 0.03377666666666664
0 0.5277925 0.604965 0.015375 0.03824333333333334
0 0.51675 0.6086666666666666 0.01425 0.039
0 0.603855 0.6077666666666666 0.01475 0.03680000000000003
0 0.4076675 0.6090133333333334 0.011875 0.040406666666666674
0 0.41799000000000003 0.6122333333333334 0.012730000000000017 0.0414666666666667
0 0.57008375 0.6123916666666667 0.014417500000000019 0.044216666666666696
0 0.5020837499999999 0.6120266666666667 0.01591750000000002 0.043566666666666684
0 0.5800212499999999 0.6092650000000001 0.020207499999999982 0.035323333333333345
0 0.47526125 0.6041883333333333 0.0256875 0.02474333333333334
0 0.628625 0.6143033333333333 0.015 0.039606666666666644
0 0.42849 0.6144416666666667 0.011730000000000018 0.03855000000000003
0 0.548875 0.6142566666666667 0.021710000000000035 0.03665333333333334
0 0.38295875 0.6145283333333333 0.016832499999999983 0.034609999999999974
0 0.4406775 0.619 0.013605000000000018 0.04033333333333333
0 0.53802125 0.616175 0.017792500000000017 0.035316666666666684
0 0.59388625 0.6229266666666666 0.0123125 0.04018666666666665
0 0.59374 0.6548333333333334 0.013730000000000018 0.03333333333333333
0 0.56299 0.6262599999999999 0.014230000000000019 0.04382000000000001
0 0.47427125 0.61699 0.02379250000000002 0.027686666666666648
0 0.6121675 0.6320933333333333 0.013 0.03051999999999998
0 0.58032375 0.6339666666666667 0.0178125 0.03724000000000001
0 0.5761775 0.6541666666666667 0.019105000000000018 0.030666666666666665
0 0.62173 0.6420716666666666 0.0135 0.046403333333333345
0 0.55825 0.643 0.01725 0.039
0 0.60373 0.6421450000000001 0.0125 0.03391
0 0.50624 0.6473866666666667 0.015230000000000018 0.04224000000000001
0 0.51708375 0.6452116666666667 0.010917500000000017 0.03475666666666666
0 0.64124 0.6488499999999999 0.01573000000000002 0.04063333333333336
0 0.54598 0.6447966666666666 0.022125 0.029406666666666675
0 0.5343862500000001 0.6483366666666667 0.0290625 0.02300666666666666
0 0.6520425 0.6563583333333333 0.012875 0.03832333333333334
0 0.6309800000000001 0.66385 0.0115 0.04530000000000003
0 0.61794875 0.6641333333333332 0.0186875 0.03673333333333335
0 0.47802125 0.6613283333333333 0.02929250000000002 0.025910000000000006
0 0.5409487500000001 0.663175 0.0296875 0.02049666666666667
0 0.526875 0.6725 0.017 0.028
0 0.6026775 0.6742300000000001 0.012894999999999981 0.03307333333333342
0 0.48764625 0.6735766666666666 0.028957499999999983 0.028240000000000084
0 0.55383375 0.6795 0.014082499999999982 0.03666666666666667
0 0.56776125 0.6761883333333333 0.0178125 0.037490000000000086
0 0.52025 0.6788333333333333 0.01975 0.030666666666666665
0 0.50095875 0.6888650000000001 0.01716750000000002 0.042823333333333345
0 0.6118862500000001 0.6845233333333334 0.0196875 0.038000000000000075
0 0.5423025 0.6833333333333333 0.015355000000000018 0.026333333333333334
0 0.513625 0.6946666666666667 0.013 0.044333333333333336
0 0.5905425 0.6941183333333334 0.017 0.044323333333333416
0 0.4837975 0.7035366666666667 0.01825999999999999 0.03728000000000005
0 0.539375 0.7031666666666667 0.016 0.03333333333333333
0 0.6155412499999999 0.7033200000000001 0.02633249999999998 0.03030666666666669
0 0.55557875 0.703835 0.02155250000000001 0.02626999999999998
0 0.57739625 0.7040633333333334 0.029542500000000017 0.026240000000000086
0 0.5684899999999999 0.7218016666666667 0.010769999999999981 0.026603333333333316
0 0.52523 0.71116 0.01375 0.03907333333333342
0 0.498365 0.709195 0.023519999999999982 0.03216333333333326
0 0.62614625 0.7081216666666666 0.0279375 0.02744999999999997
0 0.5369225000000001 0.717575 0.01638499999999999 0.046403333333333345
0 0.4722075 0.716285 0.019 0.03711666666666679
0 0.55808375 0.7293333333333334 0.014582499999999983 0.03966666666666667
0 0.5832925 0.7199266666666667 0.024 0.016853333333333314
0 0.632 0.7268333333333333 0.01975 0.03
0 0.46874000000000005 0.732255 0.017375 0.0368433333333334
0 0.5177925 0.7314016666666666 0.0165 0.04457000000000001
0 0.608115 0.72543 0.03225 0.02399333333333334
0 0.54725 0.732 0.00975 0.031
0 0.50075 0.7274999999999999 0.02325 0.020666666666666667
0 0.483375 0.7382683333333333 0.013210000000000036 0.03783666666666659
0 0.483875 0.7598333333333334 0.014 0.013333333333333334
0 0.47958375 0.7774300000000001 0.023417500000000018 0.03147333333333336
0 0.60325 0.731 0.01525 0.015
0 0.6162912500000001 0.7464433333333332 0.02466750000000002 0.022553333333333286
0 0.57813625 0.7331133333333333 0.0108125 0.019160000000000007
0 0.5814275 0.7585983333333334 0.014605000000000019 0.03753000000000005
0 0.493625 0.7468333333333332 0.011 0.03933333333333333
0 0.59014625 0.7403866666666666 0.01895749999999998 0.02689333333333328
0 0.529 0.7456666666666667 0.01025 0.034333333333333334
0 0.52821375 0.7720083333333334 0.02517750000000001 0.032983333333333274
0 0.5677925 0.7486466666666667 0.013125 0.03208666666666674
0 0.54144875 0.75423 0.0140625 0.02973333333333327
0 0.6103175 0.7518666666666667 0.024529999999999972 0.029033333333333303
0 0.5111362500000001 0.7496883333333333 0.0253125 0.03132333333333342
0 0.58732375 0.7514433333333335 0.0163125 0.026826666666666672
0 0.501865 0.7624866666666666 0.011519999999999982 0.03890666666666675
0 0.5570212499999999 0.757555 0.019292500000000018 0.020556666666666692
0 0.6080575 0.764885 0.02536500000000001 0.02874333333333334
0 0.51047875 0.7725983333333334 0.017207499999999983 0.03313666666666662
0 0.5928337499999999 0.7773333333333333 0.011082499999999981 0.036333333333333336
0 0.57801125 0.7768333333333334 0.0218125 0.034
0 0.49185500000000004 0.7743466666666666 0.01075 0.022973333333333356
0 0.5604175 0.7761116666666666 0.024375 0.02066333333333326
0 0.5371462499999999 0.7896666666666666 0.02404250000000002 0.039
0 0.609355 0.7813866666666667 0.0245 0.024893333333333278
0 0.52874 0.786525 0.023230000000000018 0.033489999999999936
0 0.5708025 0.7891083333333334 0.025855000000000017 0.016996666666666747
0 0.546125 0.799 0.0225 0.03233333333333333
0 0.5551675 0.8082283333333334 0.026875 0.03241000000000001
0 0.583865 0.8056899999999999 0.02748000000000002 0.024326666666666674
0 0.572875 0.8221666666666667 0.0225 0.035333333333333335
0 0.563365 0.8175950000000001 0.02098000000000002 0.03247666666666661
0 0.41405250000000005 0.48484499999999997 0.00475 0.025869999999999966
0 0.42372375 0.49097 0.016157500000000026 0.036366666666666714
0 0.44201125 0.47656833333333337 0.0205625 0.029156666666666674
0 0.44254250000000006 0.48594000000000004 0.01475 0.014413333333333337
0 0.4103325 0.5819033333333333 0.02775 0.02749333333333334
0 0.42267625 0.5820716666666667 0.0174375 0.026910000000000007
0 0.36039499999999997 0.5866566666666666 0.011625 0.03857333333333334
0 0.37004250000000005 0.58781 0.01475 0.047820000000000015
0 0.378355 0.5926416666666667 0.015875 0.03965666666666667
0 0.534145 0.47946500000000003 0.010125 0.03799000000000001
0 0.58269875 0.66532 0.0138125 0.03857333333333342
0 0.58098 0.693355 0.02 0.030656666666666752
0 0.597105 0.6927866666666668 0.015 0.04282000000000001
0 0.39490625 0.3180366666666667 0.0095625 0.01174666666666667
