0 0.43357090643274854 0.729029605263158 0.02540204678362573 0.04084429824561404
0 0.3991228070175439 0.7197094298245614 0.023391812865497075 0.03042763157894737
0 0.546875 0.6319901315789475 0.020650584795321638 0.0424890350877193
0 0.3194444444444444 0.6629660087719298 0.01425438596491228 0.02823464912280702
0 0.5278691520467836 0.6795504385964912 0.024671052631578948 0.044407894736842105
0 0.23775584795321636 0.7952302631578947 0.020833333333333332 0.052083333333333336
0 0.28463084795321636 0.6374725877192983 0.012609649122807017 0.03481359649122807
0 0.4505665204678363 0.6306195175438597 0.02905701754385965 0.03262061403508772
0 0.65140716374269 0.6008771929824561 0.02942251461988304 0.03782894736842105
0 0.18146929824561403 0.631030701754386 0.021198830409356724 0.03453947368421053
0 0.4768823099415204 0.7772752192982456 0.021747076023391813 0.03974780701754386
0 0.2970577485380117 0.581140350877193 0.018092105263157895 0.04057017543859649
0 0.5562865497076024 0.7240953947368421 0.019005847953216373 0.04797149122807018
0 0.6363304093567251 0.6329495614035088 0.021929824561403508 0.044407894736842105
0 0.5765716374269007 0.5823739035087719 0.016812865497076022 0.04577850877192982
0 0.30180921052631576 0.6299342105263158 0.013706140350877192 0.042214912280701754
0 0.5972222222222222 0.5683936403508772 0.01827485380116959 0.04084429824561404
0 0.3671418128654971 0.556469298245614 0.02010233918128655 0.03837719298245614
0 0.2503654970760234 0.5692160087719298 0.01608187134502924 0.038651315789473686
0 0.34091739766081874 0.5682565789473684 0.01663011695906433 0.030153508771929825
0 0.2396747076023392 0.5548245614035087 0.018092105263157895 0.019736842105263157
0 0.34557748538011696 0.6529605263157895 0.019736842105263157 0.04057017543859649
0 0.13258406432748537 0.8234649122807017 0.022112573099415205 0.04057017543859649
0 0.618421052631579 0.6245888157894737 0.0266812865497076 0.038651315789473686
0 0.2989153874269006 0.8297930372807019 0.04519919590643273 0.03952028508771932
0 0.4922331871345029 0.5962171052631579 0.024671052631578948 0.0400219298245614
0 0.3981176900584795 0.5773026315789473 0.020650584795321638 0.029605263157894735
0 0.5202850877192982 0.6278782894736843 0.020833333333333332 0.0424890350877193
0 0.4247076023391813 0.5671600877192983 0.020833333333333332 0.047697368421052634
0 0.29258040935672514 0.7069627192982456 0.021929824561403508 0.04057017543859649
0 0.2682748538011696 0.7480811403508771 0.023026315789473683 0.02905701754385965
0 0.03700657894736842 0.5693530701754386 0.018457602339181287 0.027960526315789474
0 0.6004203216374269 0.6853070175438597 0.02320906432748538 0.049890350877192985
0 0.06039839181286549 0.7441063596491229 0.024305555555555556 0.04742324561403509
0 0.0289656432748538 0.5694901315789473 0.014071637426900584 0.02823464912280702
0 0.27001096491228066 0.6589912280701754 0.014071637426900584 0.03728070175438596
0 0.41822002923976603 0.6968201754385965 0.017726608187134504 0.03453947368421053
0 0.2624269005847953 0.5763432017543859 0.017909356725146198 0.035910087719298246
0 0.7392178362573099 0.5365953947368421 0.027777777777777776 0.02275219298245614
0 0.37719298245614036 0.6643366228070176 0.01864035087719298 0.03481359649122807
0 0.21354166666666666 0.6077302631578947 0.028691520467836257 0.022478070175438597
0 0.08707967836257309 0.5953947368421053 0.016264619883040937 0.01699561403508772
0 0.3908077485380117 0.3503289473684211 0.018457602339181287 0.01699561403508772
0 0.6289290935672515 0.6899671052631579 0.03271198830409357 0.027412280701754384
0 0.3694261695906433 0.7944078947368421 0.02101608187134503 0.05043859649122807
0 0.29047880116959063 0.5648300438596491 0.016264619883040937 0.02275219298245614
0 0.42160087719298245 0.7408168859649124 0.02046783625730994 0.04194078947368421
0 0.08104897660818713 0.7090186403508772 0.01516812865497076 0.04029605263157895
0 0.40158991228070173 0.6761239035087719 0.014437134502923976 0.023848684210526317
0 0.23355263157894737 0.7398574561403508 0.015716374269005847 0.029605263157894735
0 0.35672514619883045 0.7220394736842105 0.013157894736842105 0.03070175438596491
0 0.0737390350877193 0.6773368969298245 0.020650584795321638 0.02956414473684208
0 0.409265350877193 0.6278782894736842 0.027960526315789474 0.031524122807017545
0 0.1731533260233918 0.7802905701754386 0.021014254385964912 0.05893640350877193
0 0.5922880116959064 0.6313048245614035 0.023391812865497075 0.03892543859649123
0 0.34247076023391815 0.7070997807017544 0.015716374269005847 0.029331140350877194
0 0.40158991228070173 0.5959429824561404 0.026133040935672515 0.03344298245614035
0 0.21966374269005848 0.7852247807017544 0.017178362573099414 0.02823464912280702
0 0.7192982456140351 0.5407072368421053 0.020833333333333332 0.038651315789473686
0 0.6073647660818713 0.6365131578947368 0.022112573099415205 0.042214912280701754
0 0.022203947368421052 0.7443804824561404 0.0360014619883041 0.032072368421052634
0 0.2515533625730994 0.6333607456140351 0.01699561403508772 0.03700657894736842
0 0.5345394736842105 0.3721217105263158 0.014619883040935672 0.024396929824561403
0 0.3400950292397661 0.7447916666666666 0.02010233918128655 0.044407894736842105
0 0.3855080409356725 0.6968201754385965 0.014437134502923976 0.03508771929824561
0 0.33141447368421056 0.6724232456140351 0.017361111111111112 0.03837719298245614
0 0.4290021929824561 0.6676260964912281 0.015533625730994151 0.036458333333333336
0 0.006166849415204678 0.6643270285087719 0.012333698830409356 0.04853892543859654
0 0.25429459064327486 0.7616502192982456 0.013706140350877192 0.033168859649122806
0 0.11915204678362573 0.7202371162280702 0.027777777777777776 0.03861019736842103
0 0.31122076023391815 0.7106633771929824 0.013523391812865496 0.036458333333333336
0 0.3853252923976608 0.5785361842105263 0.022478070175438597 0.04194078947368421
0 0.07510964912280702 0.591968201754386 0.01644736842105263 0.026041666666666668
0 0.29194078947368424 0.7242324561403509 0.023940058479532164 0.03399122807017544
0 0.24177631578947367 0.6492598684210527 0.015350877192982455 0.027138157894736843
0 0.13395467836257308 0.5766173245614036 0.016812865497076022 0.027138157894736843
0 0.055829678362573104 0.6558388157894737 0.0133406432748538 0.028782894736842105
0 0.050347222222222224 0.5678453947368421 0.014071637426900584 0.026589912280701754
0 0.14738669590643275 0.6007401315789473 0.0133406432748538 0.023300438596491228
0 0.2414108187134503 0.7563048245614035 0.02010233918128655 0.03673245614035088
0 0.13212719298245612 0.6439144736842105 0.008771929824561403 0.02905701754385965
0 0.08972953216374269 0.6463815789473684 0.021564327485380116 0.03782894736842105
0 0.38916301169590645 0.7162828947368421 0.01882309941520468 0.03289473684210526
0 0.19554093567251463 0.7102316337719298 0.023026315789473683 0.05313870614035085
0 0.15944809941520469 0.6014254385964912 0.019919590643274854 0.03618421052631579
0 0.24195906432748537 0.6999725877192982 0.01206140350877193 0.02055921052631579
0 0.2738486842105263 0.6251370614035088 0.011878654970760233 0.036458333333333336
0 0.30208333333333337 0.7480811403508771 0.017178362573099414 0.044407894736842105
0 0.16036184210526314 0.6966831140350878 0.01699561403508772 0.026041666666666668
0 0.48775584795321636 0.6768092105263158 0.021564327485380116 0.03125
0 0.17626096491228072 0.7384649122807018 0.029788011695906433 0.025723684210526357
0 0.21875 0.5611293859649122 0.0222953216374269 0.019736842105263157
0 0.10882675438596491 0.6256853070175439 0.014437134502923976 0.03755482456140351
0 0.07629751461988303 0.7453399122807018 0.022112573099415205 0.042214912280701754
0 0.04038651315789474 0.6843297697368421 0.02704861111111111 0.04135690789473681
0 0.313687865497076 0.7905701754385965 0.015533625730994151 0.05701754385964912
0 0.07209429824561404 0.7040844298245614 0.01882309941520468 0.04139254385964912
0 0.03444809941520468 0.7586348684210527 0.019919590643274854 0.04797149122807018
0 0.5061220760233918 0.682154605263158 0.01663011695906433 0.04139254385964912
0 0.04331140350877193 0.6097861842105263 0.012792397660818713 0.02549342105263158
0 0.5335343567251462 0.7239583333333334 0.030884502923976608 0.023026315789473683
0 0.25721856725146197 0.7314967105263158 0.02284356725146199 0.015625
0 0.09073464912280702 0.7393667763157895 0.015533625730994151 0.05580592105263156
0 0.4039656432748538 0.7750822368421053 0.01516812865497076 0.05674342105263158
0 0.3200840643274854 0.5807291666666667 0.014437134502923976 0.033717105263157895
0 0.5829678362573099 0.3241502192982456 0.013523391812865496 0.024945175438596492
0 0.06341282894736842 0.5825712719298246 0.030334429824561405 0.02016447368421051
0 0.4446271929824561 0.7630208333333333 0.027777777777777776 0.02823464912280702
0 0.1401672149122807 0.7892475328947368 0.019735014619883043 0.05217927631578945
0 0.35590277777777773 0.7579495614035088 0.013706140350877192 0.044407894736842105
0 0.14491959064327486 0.737390350877193 0.014619883040935672 0.02138157894736842
0 0.3161549707602339 0.603344298245614 0.025950292397660817 0.027412280701754384
0 0.15323464912280704 0.7501370614035088 0.01663011695906433 0.04358552631578947
0 0.3574561403508772 0.6763980263157895 0.020833333333333332 0.023300438596491228
0 0.28846856725146197 0.7690515350877193 0.014071637426900584 0.05235745614035088
0 0.5209247076023392 0.5230263157894737 0.024305555555555556 0.0356359649122807
0 0.06085526315789474 0.5738760964912281 0.023391812865497075 0.021107456140350877
0 0.34813596491228066 0.6918859649122807 0.01827485380116959 0.03618421052631579
0 0.12646198830409358 0.6108826754385965 0.013523391812865496 0.01836622807017544
0 0.09694809941520469 0.698327850877193 0.01882309941520468 0.029331140350877194
0 0.2663559941520468 0.8209978070175439 0.01699561403508772 0.046600877192982455
0 0.12161915204678363 0.6359649122807017 0.01699561403508772 0.03892543859649123
0 0.2793311403508772 0.7594572368421053 0.014437134502923976 0.03481359649122807
0 0.07739400584795322 0.6108826754385965 0.021747076023391813 0.015076754385964912
0 0.1869517543859649 0.7709703947368421 0.017178362573099414 0.05838815789473684
0 0.13724415204678364 0.7179276315789473 0.01425438596491228 0.029605263157894735
0 0.14245248538011698 0.6510416666666667 0.014437134502923976 0.03289473684210526
0 0.571546052631579 0.7149122807017544 0.024305555555555556 0.029605263157894735
0 0.27841739766081874 0.6008771929824561 0.02503654970760234 0.029605263157894735
0 0.09027777777777778 0.6233552631578948 0.019371345029239765 0.018092105263157895
0 0.37892909356725146 0.7582236842105262 0.014437134502923976 0.020285087719298246
0 0.012244152046783625 0.7706962719298246 0.02412280701754386 0.02275219298245614
0 0.441703216374269 0.8029057017543859 0.03326023391812866 0.027412280701754384
0 0.05400219298245614 0.6011513157894737 0.015533625730994151 0.02138157894736842
0 0.14610745614035087 0.6917489035087719 0.02320906432748538 0.031524122807017545
0 0.07839912280701755 0.634046052631579 0.015716374269005847 0.03453947368421053
0 0.027320906432748537 0.5992324561403509 0.02540204678362573 0.0268640350877193
0 0.09703947368421054 0.6074561403508771 0.01206140350877193 0.021929824561403508
0 0.37892909356725146 0.7390350877192983 0.018457602339181287 0.03179824561403509
0 0.11549616228070177 0.5988802083333333 0.024486476608187136 0.02537554824561408
0 0.24040570175438594 0.7240953947368421 0.014802631578947368 0.01836622807017544
0 0.7209429824561404 0.5667489035087719 0.033625730994152045 0.029331140350877194
0 0.11165844298245614 0.6508196271929825 0.018276681286549707 0.029501096491228042
0 0.014345760233918129 0.578453947368421 0.025767543859649123 0.04179276315789469
0 0.009639985380116959 0.608532072368421 0.01800073099415205 0.03562774122807012
0 0.004157529239766082 0.6042173793859649 0.008132309941520468 0.030008223684210595
0 0.004842836257309941 0.5815405701754386 0.00932017543859649 0.018634868421052636
0 0.029330226608187134 0.6080537280701754 0.030699926900584797 0.04617872807017545
0 0.01091922514619883 0.6288130482456139 0.015259502923976608 0.03946271929824562
0 0.064234283625731 0.6149739583333333 0.02046783625730994 0.05179550438596499
0 0.04262426900584795 0.6337472587719298 0.02403143274853801 0.043848684210526324
0 0.040523574561403514 0.6627275219298245 0.03828399122807018 0.057686403508771945
0 0.01425438596491228 0.686843475877193 0.016812865497076022 0.03850603070175446
0 0.019690241228070178 0.6462828947368421 0.018364400584795323 0.04234100877192983
0 0.06971673976608186 0.6482716557017544 0.018092105263157895 0.03562774122807025
0 0.06391447368421052 0.6782099780701755 0.017635233918128657 0.06289473684210528
0 0.050071271929824565 0.6884950657894737 0.01608187134502924 0.04261513157894738
0 0.013659539473684212 0.7067214912280702 0.02658808479532164 0.039873903508771937
0 0.003379934210526316 0.7041844846491229 0.006759868421052632 0.031790021929824504
0 0.030471491228070177 0.639577850877193 0.02330043859649123 0.04480811403508773
0 0.029100877192982457 0.714873903508772 0.025676169590643276 0.04247807017543861
0 0.045685307017543864 0.719327028508772 0.034173976608187134 0.023703399122807087
0 0.09534722222222222 0.5665967653508772 0.026589912280701754 0.030967653508771877
0 0.09772295321637428 0.5833141447368422 0.03079312865497076 0.01890899122807018
0 0.11056103801169591 0.588111293859649 0.029605263157894735 0.041107456140350884
0 0.10398209064327485 0.5646121162280702 0.034173976608187134 0.03192708333333334
0 0.1433187134502924 0.5655701754385964 0.015259502923976608 0.029462719298245617
0 0.13751644736842106 0.6096916118421053 0.014071637426900584 0.03000822368421047
0 0.1308918128654971 0.5911938048245613 0.019462719298245616 0.019048793859649187
0 0.15126827485380118 0.5870833333333333 0.023848684210526317 0.02398026315789474
0 0.09164747807017544 0.6645847039473683 0.024851973684210528 0.04768366228070183
0 0.10302266081871345 0.6673930921052631 0.01745248538011696 0.02535087719298246
0 0.09799707602339182 0.6789720394736842 0.025310672514619884 0.028229166666666673
0 0.11755116959064328 0.6714350328947368 0.018731725146198832 0.03233826754385972
0 0.13093749999999998 0.6640364583333332 0.011878654970760233 0.02630756578947363
0 0.1252266081871345 0.6793174342105264 0.012883771929824562 0.041518640350877205
0 0.13884137426900586 0.6772615131578948 0.02987938596491228 0.04535635964912282
0 0.1602686403508772 0.6405386513157895 0.029970760233918127 0.029185855263157964
0 0.16515716374269007 0.6542420504385965 0.02987938596491228 0.03823190789473679
0 0.17041118421052634 0.6688349780701753 0.026133040935672515 0.03343201754385966
0 0.17721856725146198 0.6737678179824561 0.021107456140350877 0.033983004385964855
0 0.14743055555555554 0.7141899671052632 0.013066520467836257 0.037272478070175384
0 0.18375182748538013 0.6931578947368421 0.039108187134502925 0.028086622807017556
0 0.14784173976608186 0.6236184210526315 0.03326023391812866 0.024939692982456144
0 0.170593932748538 0.6132044956140351 0.021747076023391813 0.026310307017543864
0 0.17068530701754386 0.7137116228070175 0.01882309941520468 0.02315789473684211
0 0.18123903508771932 0.7132332785087719 0.026224415204678362 0.03233826754385972
0 0.1149031432748538 0.6919257127192981 0.016904239766081873 0.04973958333333328
0 0.0989126461988304 0.7211800986842105 0.022203947368421052 0.048780153508772
0 0.052951388888888895 0.7567475328947368 0.021290204678362575 0.03823190789473679
0 0.00836074561403509 0.743249725877193 0.016904239766081873 0.03206414473684217
0 0.11695906432748539 0.7412006578947369 0.02266081871345029 0.04028508771929826
0 0.09982638888888888 0.7698396381578947 0.01836622807017544 0.052891995614035035
0 0.12006487573099416 0.7576439144736842 0.028872441520467838 0.0685115131578947
0 0.12454221491228071 0.7757319078947369 0.025034722222222226 0.06248355263157896
0 0.13692342836257312 0.7492859100877193 0.015074926900584797 0.03316063596491235
0 0.16415204678362572 0.7650424890350878 0.018731725146198832 0.04987664473684206
0 0.15391812865497076 0.7890227521929825 0.022203947368421052 0.039191337719298315
0 0.19080409356725148 0.6683799342105263 0.021472953216374248 0.0430263157894737
0 0.20108369883040933 0.6486485745614035 0.013157894736842105 0.03946271929824562
0 0.19290570175438596 0.6162417763157895 0.016355994152046763 0.041518640350877205
0 0.2189473684210526 0.6393311403508772 0.030975877192982455 0.03288377192982457
0 0.2267141812865497 0.6625575657894737 0.029331140350877194 0.02617324561403509
0 0.2088505116959064 0.6613925438596492 0.009685672514619883 0.04083333333333322
0 0.21177448830409357 0.6963336074561404 0.018457602339181287 0.04658717105263153
0 0.22721673976608187 0.6933182565789474 0.023391812865497075 0.034805372807017614
0 0.23251644736842103 0.6793421052631579 0.019371345029239765 0.024117324561403513
0 0.22374451754385963 0.6292598684210526 0.02850877192982456 0.02452850877192983
0 0.24092288011695903 0.6746833881578947 0.01864035087719298 0.03288651315789468
0 0.25577119883040933 0.6539939692982457 0.022203947368421052 0.060290570175438485
0 0.23621710526315787 0.6199410635964913 0.023300438596491228 0.03028234649122814
0 0.24211074561403506 0.6064446271929825 0.02850877192982456 0.01808662280701755
0 0.26312591374269 0.6231620065789474 0.014435307017543862 0.030967653508771998
0 0.2549945175438596 0.6850301535087719 0.019919590643274854 0.06152412280701756
0 0.222922149122807 0.7341570723684211 0.01608187134502924 0.06687774122807025
0 0.25992781432748535 0.7003166118421053 0.026496710526315793 0.05152138157894732
0 0.20524122807017542 0.7282689144736842 0.023483187134502925 0.027952302631579017
0 0.19459612573099414 0.7440268640350877 0.009137426900584795 0.019183114035087726
0 0.21323647660818712 0.7453974780701754 0.0133406432748538 0.05343750000000001
0 0.19907346491228067 0.7752850877192983 0.01699561403508772 0.08111842105263148
0 0.20738852339181285 0.7878906250000001 0.017909356725146198 0.05727796052631574
0 0.22438413742690058 0.7904248903508772 0.020285087719298246 0.05933114035087721
0 0.24868969298245613 0.8062527412280701 0.019736842105263157 0.06577302631578949
0 0.26266904239766076 0.7874794407894736 0.014435307017543862 0.05234374999999995
0 0.2742278874269006 0.7807648026315789 0.013795687134502925 0.041655701754385974
0 0.27893274853801164 0.8050877192982456 0.010599415204678362 0.03740679824561405
0 0.2821765350877193 0.8157072368421052 0.019279970760233918 0.040833333333333346
0 0.298578216374269 0.7957003837719298 0.019371345029239765 0.05508497807017551
0 0.20423611111111112 0.5756743421052631 0.01653874269005848 0.0395997807017544
0 0.22566337719298246 0.5894462719298246 0.031980994152046784 0.019457236842105267
0 0.23269919590643273 0.5714953399122807 0.022112573099415205 0.02740405701754393
0 0.2758735380116959 0.576702302631579 0.01964546783625731 0.024117324561403513
0 0.2825895467836257 0.5777316337719298 0.015350877192982455 0.03220120614035095
0 0.33129020467836257 0.5856784539473685 0.014437134502923976 0.03740953947368415
0 0.3150721856725146 0.6263061951754386 0.01580592105263158 0.041110197368420996
0 0.29282346491228073 0.6348012609649123 0.009502923976608187 0.030145285087719242
0 0.29127010233918127 0.6657689144736842 0.02101608187134503 0.03562774122807025
0 0.2771984649122807 0.6789925986842105 0.018457602339181287 0.04727247807017551
0 0.2942397660818713 0.6776219846491228 0.015076754385964912 0.036038925438596436
0 0.31000091374269 0.6723464912280701 0.018638523391812867 0.048782894736842115
0 0.27290387426900586 0.7057949561403509 0.02850877192982456 0.03973684210526304
0 0.27806652046783625 0.7145641447368422 0.0245796783625731 0.03836622807017545
0 0.3233881578947368 0.6951850328947369 0.01836622807017544 0.03631304824561398
0 0.31694627192982455 0.735470120614035 0.018092105263157895 0.05494791666666662
0 0.3322514619883041 0.7214939692982456 0.01471125730994152 0.0574122807017544
0 0.3237993421052631 0.7680139802631579 0.015350877192982455 0.0660444078947368
0 0.3402467105263158 0.7701384320175438 0.028691520467836257 0.05988212719298253
0 0.34307931286549703 0.8054317434210526 0.03453947368421053 0.050973135964912354
0 0.3392415935672514 0.7896737938596491 0.02722953216374269 0.04412280701754387
0 0.38122715643274857 0.78734375 0.02165387426900589 0.05700109649122796
0 0.3664711257309941 0.7502658991228071 0.013888888888888888 0.03850328947368422
0 0.3675676169590643 0.7075137061403508 0.02138157894736842 0.04535635964912269
0 0.3724104532163743 0.6864117324561404 0.01699561403508772 0.04508223684210527
0 0.40178728070175435 0.7408785635964912 0.019462719298245616 0.037546600877193054
0 0.38931469298245613 0.7700027412280701 0.01864035087719298 0.057686403508771945
0 0.41882766812865496 0.7826781798245613 0.01589729532163747 0.0608388157894737
0 0.4387920321637427 0.7774712171052631 0.0335343567251462 0.03206414473684205
0 0.39086805555555554 0.6717557565789474 0.01516812865497076 0.03220120614035095
0 0.40754294590643275 0.6851151315789474 0.02000913742690063 0.03836622807017545
0 0.43902046783625737 0.7034087171052632 0.023757309941520467 0.050287828947368496
0 0.40151315789473685 0.6418667763157896 0.03225511695906433 0.03905153508771931
0 0.4477613304093568 0.6969654605263159 0.01699561403508772 0.038914473684210533
0 0.45616776315789476 0.6876480263157895 0.019919590643274854 0.04001096491228071
0 0.47234100877192986 0.6858648574561403 0.01608187134502924 0.05179550438596499
0 0.49947916666666664 0.696280153508772 0.017726608187134504 0.04576754385964913
0 0.48878837719298246 0.7102563048245615 0.02010233918128655 0.03809484649122802
0 0.4845723684210526 0.7419791666666666 0.013066520467836257 0.04768640350877182
0 0.5136284722222222 0.7518448464912281 0.02402960526315794 0.050975877192982466
0 0.4976388888888889 0.7384841008771931 0.016904239766081873 0.06399122807017546
0 0.46227704678362574 0.7171765350877194 0.0201937134502924 0.04247807017543848
0 0.47580043859649124 0.7405400219298246 0.01745248538011696 0.06015350877192984
0 0.45565241228070175 0.7382099780701755 0.02850877192982456 0.04234100877192971
0 0.45551535087719297 0.7630811403508772 0.026589912280701754 0.043300438596491235
0 0.4788157894736842 0.6327480811403509 0.019462719298245616 0.044942434210526266
0 0.4757547514619883 0.5927371162280702 0.01644736842105263 0.036724232456140295
0 0.5208625730994152 0.692280701754386 0.019554093567251463 0.0449451754385965
0 0.5078874269005847 0.7324300986842105 0.018092105263157895 0.05727796052631586
0 0.5378581871345028 0.7495572916666666 0.0360014619883041 0.034531249999999944
0 0.5405080409356725 0.6754276315789474 0.014619883040935672 0.03973684210526317
0 0.5525694444444444 0.6758388157894737 0.017543859649122806 0.044396929824561414
0 0.5688331505847953 0.6569284539473683 0.02667945906432753 0.03836896929824568
0 0.5764172149122807 0.6484320175438596 0.024669225146198872 0.04275219298245615
0 0.5889345760233917 0.6492557565789474 0.027412280701754384 0.04987664473684206
0 0.35483644005847953 0.6487061403508771 0.02302448830409357 0.04220394736842106
0 0.5063340643274853 0.5873190789473685 0.02046783625730994 0.03836622807017545
0 0.514923245614035 0.5821134868421053 0.02412280701754386 0.0433004385964913
0 0.5282638888888889 0.5803316885964913 0.02046783625730994 0.03480263157894738
0 0.5299086257309942 0.5621066337719298 0.03508771929824561 0.031241776315789543
0 0.5392288011695906 0.7040652412280702 0.017178362573099414 0.019183114035087726
0 0.5664574195906433 0.6850191885964911 0.018273026315789517 0.04192982456140352
0 0.5823565423976609 0.6843338815789475 0.028141447368421096 0.029051535087719304
0 0.5924981725146199 0.5867722039473684 0.01882309941520468 0.04658717105263153
0 0.6165168128654971 0.575453673245614 0.029513888888888888 0.038917214912280645
0 0.6116282894736842 0.5972409539473683 0.025584795321637425 0.025485197368420996
0 0.6350201023391813 0.6098478618421053 0.0266812865497076 0.03206414473684217
0 0.6256999269005848 0.574703947368421 0.024853801169590642 0.041518640350877205
0 0.6316849415204678 0.5616173245614035 0.024762426900584795 0.042752192982456215
0 0.6495486111111111 0.5727179276315789 0.02320906432748538 0.04878015350877194
0 0.6590972222222222 0.5647697368421053 0.03188961988304093 0.055630482456140364
0 0.6707017543859649 0.6032743969298247 0.03042763157894737 0.037820723684210474
0 0.6797934941520467 0.5740200109649123 0.02266081871345029 0.05001370614035089
0 0.6849104532163742 0.5623725328947369 0.02010233918128655 0.0478207236842106
0 0.6987070540935673 0.5792269736842105 0.015531798245614079 0.04179276315789475
0 0.14525127923976608 0.3796175986842105 0.03478252923976609 0.032338267543859656
0 0.28557200292397666 0.34128974780701754 0.017543859649122806 0.013977521929824564
0 0.3011056286549708 0.276203399122807 0.02850877192982456 0.021376096491228045
0 0.586376096491228 0.3484251644736842 0.02010233918128655 0.013977521929824564
0 0.4827576754385965 0.529298245614035 0.01864035087719298 0.04796052631578942
0 0.7337902046783626 0.2684155701754386 0.01608187134502924 0.024117324561403482
0 0.7427448830409357 0.2585498903508772 0.01644736842105263 0.01973135964912278
0 0.5863633040935673 0.33594161184210525 0.01781798245614035 0.011921600877192984
0 0.44785270467836263 0.21971765350877193 0.021198830409356724 0.01808662280701755
0 0.19368238304093566 0.0689501096491228 0.014437134502923955 0.02507675438596491
