0 0.373625 0.6711666666666667 0.01825 0.04566666666666667
0 0.7943749999999999 0.6943333333333334 0.02375 0.02
0 0.513625 0.6778333333333334 0.02025 0.035666666666666666
0 0.4405 0.6985 0.0275 0.017666666666666667
0 0.40525 0.38133333333333336 0.0195 0.028
0 0.32325000000000004 0.6676666666666666 0.03 0.03
0 0.759375 0.6615 0.02975 0.025666666666666667
0 0.467 0.4026666666666667 0.012 0.036
0 0.34525 0.489 0.016 0.038
0 0.503875 0.4068333333333333 0.01875 0.033
0 0.68025 0.5383333333333333 0.022 0.029333333333333333
0 0.645375 0.4151666666666667 0.01225 0.031
0 0.47825 0.5831666666666666 0.013 0.037
0 0.21375 0.6425 0.0205 0.043
0 0.434375 0.5231666666666667 0.01525 0.03166666666666667
0 0.680625 0.443 0.02075 0.03266666666666666
0 0.5725 0.4096666666666667 0.0285 0.018
0 0.7311249999999999 0.5681666666666667 0.01775 0.022333333333333334
0 0.95375 0.6361666666666667 0.0225 0.019666666666666666
0 0.895625 0.588 0.01925 0.02666666666666667
0 0.31362500000000004 0.653 0.02175 0.03333333333333333
0 0.857375 0.6431666666666667 0.02525 0.02033333333333333
0 0.110875 0.5493333333333333 0.02225 0.03
0 0.398625 0.4785 0.01725 0.03166666666666667
0 0.8009999999999999 0.5223333333333334 0.023 0.03133333333333333
0 0.52825 0.4821666666666667 0.0205 0.03233333333333333
0 0.160875 0.6693333333333333 0.02875 0.018666666666666668
0 0.389125 0.4375 0.02725 0.027
0 0.77075 0.6991666666666666 0.02 0.041
0 0.30275 0.5305 0.013 0.03833333333333333
0 0.72175 0.6128333333333333 0.018 0.035666666666666666
0 0.693875 0.6679999999999999 0.01125 0.03666666666666667
0 0.4075 0.5203333333333333 0.0155 0.03933333333333333
0 0.68075 0.354 0.0225 0.013333333333333334
0 0.863 0.6633333333333333 0.0175 0.03266666666666666
0 0.617375 0.45716666666666667 0.02675 0.026333333333333334
0 0.494 0.3611666666666667 0.0225 0.036333333333333336
0 0.228125 0.6068333333333333 0.02825 0.025666666666666667
0 0.385625 0.4745 0.01575 0.034333333333333334
0 0.9566250000000001 0.5991666666666666 0.01675 0.035
0 0.880375 0.5663333333333334 0.01225 0.028
0 0.5635 0.5301666666666667 0.026 0.030333333333333334
0 0.4295 0.6626666666666666 0.0165 0.03666666666666667
0 0.30162500000000003 0.6416666666666666 0.01575 0.034666666666666665
0 0.367375 0.485 0.01325 0.034666666666666665
0 0.7973750000000001 0.6538333333333334 0.02025 0.03166666666666667
0 0.27925 0.6193333333333333 0.0285 0.022
0 0.655875 0.43033333333333335 0.02325 0.029333333333333333
0 0.67775 0.3765 0.0165 0.04033333333333333
0 0.902 0.6263333333333333 0.02 0.03
0 0.2725 0.5093333333333333 0.024 0.018
0 0.764875 0.503 0.01475 0.03666666666666667
0 0.7905 0.6014999999999999 0.019 0.031
0 0.5673750000000001 0.37716666666666665 0.02875 0.02033333333333333
0 0.7296250000000001 0.4041666666666667 0.02675 0.021666666666666667
0 0.71025 0.3441666666666666 0.024 0.027666666666666666
0 0.5965 0.3978333333333333 0.0185 0.036333333333333336
0 0.450625 0.4088333333333334 0.02425 0.019666666666666666
0 0.682 0.6685 0.018 0.03833333333333333
0 0.5078750000000001 0.6651666666666666 0.02325 0.023
0 0.629625 0.6436666666666667 0.02175 0.03
0 0.44875 0.5106666666666667 0.0155 0.035333333333333335
0 0.48962500000000003 0.5513333333333333 0.02375 0.028666666666666667
0 0.6275 0.3735 0.013 0.036333333333333336
0 0.54525 0.5591666666666667 0.0275 0.024333333333333332
0 0.579125 0.671 0.01675 0.044
0 0.84475 0.6728333333333334 0.034 0.021666666666666667
0 0.395625 0.37816666666666665 0.02175 0.025
0 0.571625 0.2985 0.01675 0.022333333333333334
0 0.500625 0.54 0.01375 0.038
0 0.534125 0.399 0.02375 0.03133333333333333
0 0.6946249999999999 0.49966666666666665 0.01375 0.03333333333333333
0 0.28475 0.5606666666666666 0.0205 0.026
0 0.508125 0.5740000000000001 0.02775 0.021333333333333333
0 0.7535 0.5740000000000001 0.0125 0.034
0 0.5785 0.3943333333333333 0.035 0.020666666666666667
0 0.44999999999999996 0.3496666666666667 0.0195 0.022
0 0.613375 0.4141666666666667 0.01375 0.03833333333333333
0 0.48775 0.5771666666666666 0.014 0.041
0 0.46625 0.6083333333333334 0.0185 0.027333333333333334
0 0.7926249999999999 0.8161666666666667 0.01575 0.019666666666666666
0 0.160375 0.5493333333333333 0.02075 0.022
0 0.829 0.6516666666666667 0.017 0.037333333333333336
0 0.12762500000000002 0.5535 0.02475 0.025666666666666667
0 0.43912500000000004 0.5840000000000001 0.01475 0.027333333333333334
0 0.647125 0.47683333333333333 0.02525 0.022333333333333334
0 0.6195 0.5916666666666667 0.0295 0.021333333333333333
0 0.427625 0.497 0.01325 0.04
0 0.8023750000000001 0.5975 0.01275 0.04033333333333333
0 0.363125 0.5936666666666666 0.01225 0.04533333333333334
0 0.44987499999999997 0.6541666666666667 0.01925 0.036333333333333336
0 0.197375 0.5166666666666666 0.01425 0.036
0 0.657125 0.6561666666666667 0.01775 0.034333333333333334
0 0.55075 0.2891666666666667 0.015 0.019
0 0.29575 0.49333333333333335 0.015 0.038
0 0.46325 0.5595 0.013 0.037
0 0.724125 0.5448333333333333 0.01075 0.027
0 0.607625 0.3828333333333333 0.01475 0.027666666666666666
0 0.4995 0.4458333333333333 0.018 0.03966666666666667
0 0.289875 0.5715 0.01075 0.027
0 0.6108750000000001 0.5575 0.02425 0.023666666666666666
0 0.4545 0.5666666666666667 0.017 0.032
0 0.522875 0.513 0.01575 0.03266666666666666
0 0.816375 0.6025 0.02175 0.042333333333333334
0 0.6255000000000001 0.30116666666666664 0.014 0.023666666666666666
0 0.6577500000000001 0.684 0.0255 0.028
0 0.5018750000000001 0.6376666666666666 0.01625 0.04066666666666666
0 0.735625 0.5328333333333334 0.01475 0.044333333333333336
0 0.578375 0.5543333333333333 0.01475 0.04
0 0.24150000000000002 0.5098333333333334 0.017 0.033
0 0.589625 0.3171666666666667 0.00975 0.035
0 0.199375 0.5768333333333333 0.02125 0.027
0 0.888625 0.5813333333333334 0.02125 0.029333333333333333
0 0.490375 0.5141666666666667 0.01275 0.03233333333333333
0 0.490875 0.6435 0.02225 0.037
0 0.251375 0.503 0.01775 0.032
0 0.856125 0.5596666666666668 0.02475 0.021333333333333333
0 0.446875 0.6746666666666666 0.02825 0.032
0 0.432 0.6836666666666668 0.024 0.013333333333333334
0 0.35125 0.5361666666666667 0.0195 0.03833333333333333
0 0.254875 0.6445 0.02175 0.031
0 0.5619999999999999 0.3335 0.0205 0.030333333333333334
0 0.3695 0.5996666666666667 0.0215 0.035333333333333335
0 0.651625 0.397 0.01775 0.037333333333333336
0 0.27999999999999997 0.6515000000000001 0.0195 0.035666666666666666
0 0.588375 0.6378333333333334 0.02875 0.026333333333333334
0 0.441875 0.3908333333333333 0.02125 0.027666666666666666
0 0.659625 0.37383333333333335 0.02175 0.015666666666666666
0 0.5115 0.5393333333333334 0.015 0.03933333333333333
0 0.767 0.5518333333333333 0.0135 0.030333333333333334
0 0.298125 0.5636666666666668 0.01125 0.03133333333333333
0 0.446125 0.533 0.02525 0.018
0 0.6393749999999999 0.5555 0.01375 0.036333333333333336
0 0.730875 0.5913333333333334 0.01625 0.027333333333333334
0 0.26687500000000003 0.5511666666666666 0.02075 0.021
0 0.72275 0.5123333333333333 0.015 0.036
0 0.15337499999999998 0.5808333333333333 0.01375 0.047
0 0.57075 0.5763333333333334 0.023 0.03266666666666666
0 0.46475 0.368 0.0115 0.034
0 0.712625 0.49633333333333335 0.01375 0.037333333333333336
0 0.5902499999999999 0.6698333333333334 0.019 0.041666666666666664
0 0.21487499999999998 0.5618333333333333 0.02175 0.026333333333333334
0 0.344875 0.5108333333333334 0.01925 0.029
0 0.566875 0.35566666666666663 0.02325 0.030666666666666665
0 0.23075 0.5505 0.012 0.033
0 0.4915 0.3995 0.024 0.023
0 0.64225 0.31016666666666665 0.0105 0.03233333333333333
0 0.17975000000000002 0.5285000000000001 0.021 0.017666666666666667
0 0.678625 0.557 0.02325 0.013333333333333334
0 0.765625 0.5790000000000001 0.01725 0.037333333333333336
0 0.368875 0.5358333333333333 0.01475 0.043
0 0.598875 0.31816666666666665 0.01275 0.030333333333333334
0 0.457625 0.6279999999999999 0.01675 0.04733333333333333
0 0.72425 0.6508333333333334 0.0245 0.027666666666666666
0 0.226875 0.6366666666666667 0.01325 0.029333333333333333
0 0.73225 0.6831666666666666 0.0165 0.041
0 0.600375 0.6716666666666667 0.01675 0.029333333333333333
0 0.7156250000000001 0.5973333333333333 0.01675 0.034666666666666665
0 0.51125 0.48283333333333334 0.0265 0.029
0 0.537375 0.33183333333333337 0.01875 0.029
0 0.4875 0.6796666666666668 0.0165 0.037333333333333336
0 0.234125 0.6436666666666667 0.01875 0.034
0 0.3585 0.5431666666666667 0.011 0.03766666666666667
0 0.5592499999999999 0.3166666666666667 0.029 0.016666666666666666
0 0.6275000000000001 0.34199999999999997 0.0155 0.035333333333333335
0 0.6799999999999999 0.5041666666666667 0.0145 0.044333333333333336
0 0.690625 0.5533333333333333 0.01825 0.02
0 0.386875 0.5996666666666667 0.01675 0.04066666666666666
0 0.584375 0.7196666666666667 0.01975 0.04
0 0.742125 0.5413333333333333 0.01025 0.03133333333333333
0 0.25887499999999997 0.5828333333333334 0.01725 0.041666666666666664
0 0.618625 0.6106666666666667 0.02175 0.034
0 0.598875 0.354 0.01525 0.03333333333333333
0 0.6146250000000001 0.5445 0.02225 0.018333333333333333
0 0.2105 0.5313333333333333 0.012 0.034
0 0.6401249999999999 0.6856666666666666 0.02375 0.026
0 0.46075 0.5908333333333333 0.0215 0.014333333333333333
0 0.280125 0.5336666666666667 0.01525 0.03133333333333333
0 0.7105 0.5538333333333334 0.0235 0.013666666666666667
0 0.667375 0.31677 0.01675 0.027793333333333333
0 0.263875 0.5291666666666667 0.01275 0.031
0 0.396125 0.6778333333333333 0.01275 0.047
0 0.704 0.6214999999999999 0.016 0.037
0 0.357375 0.5006666666666667 0.01275 0.036
0 0.61825 0.3065 0.018 0.03233333333333333
0 0.39525 0.6073333333333334 0.027 0.03133333333333333
0 0.30862500000000004 0.5468333333333334 0.01175 0.04766666666666667
0 0.618125 0.5185 0.02675 0.022333333333333334
0 0.250625 0.5690000000000001 0.01775 0.03333333333333333
0 0.338125 0.6659999999999999 0.01675 0.030666666666666665
0 0.0766975 0.5647933333333333 0.031000000000000007 0.02915999999999993
0 0.0798225 0.574875 0.02425 0.0336566666666666
0 0.0353225 0.6545216666666667 0.017249999999999998 0.033656666666666675
0 0.0998225 0.5882033333333333 0.021 0.02499333333333334
0 0.10788500000000001 0.5732083333333333 0.016375 0.032989999999999936
0 0.115135 0.5826233333333333 0.014625 0.03315999999999993
0 0.12601 0.58054 0.016124999999999987 0.03665999999999993
0 0.1363225 0.5644616666666666 0.018749999999999985 0.040489999999999936
0 0.1394475 0.5795416666666666 0.015 0.038323333333333265
0 0.14907249999999997 0.5652933333333333 0.01175 0.044486666666666605
0 0.162885 0.5762083333333333 0.011125 0.04232333333333327
0 0.17351 0.573125 0.012375 0.040489999999999936
0 0.1759475 0.54305 0.02 0.025326666666666674
0 0.184135 0.5463833333333333 0.015125 0.030660000000000007
0 0.18275999999999998 0.5777899999999999 0.013625 0.04681999999999994
0 0.19107249999999998 0.5932866666666666 0.01425 0.044486666666666605
0 0.19626 0.5483816666666668 0.012625 0.032656666666666674
0 0.17775999999999997 0.65252 0.015875 0.04965333333333335
0 0.19282249999999998 0.6311933333333333 0.01625 0.039653333333333346
0 0.20251 0.5426350000000001 0.011875 0.03715666666666668
0 0.2105725 0.5770416666666667 0.02175 0.03398999999999993
0 0.22519625 0.5850383333333334 0.014997500000000002 0.03332333333333327
0 0.21932249999999998 0.5350516666666667 0.01575 0.03865666666666667
0 0.22432124999999997 0.523055 0.0197475 0.033990000000000006
0 0.23182124999999998 0.5144733333333333 0.021247500000000002 0.030826666666666672
0 0.2431325 0.541885 0.015625 0.03832333333333334
0 0.25232 0.5346350000000001 0.014 0.034823333333333345
0 0.27457 0.5352183333333334 0.01625 0.03732333333333334
0 0.2416325 0.56746 0.022125 0.03615999999999993
0 0.2676325 0.571375 0.015625 0.03398999999999993
0 0.26900749999999995 0.5925366666666666 0.016875 0.03466
0 0.27750749999999996 0.49498000000000003 0.027125 0.01782666666666667
0 0.288695 0.5090600000000001 0.0175 0.02899333333333334
0 0.292695 0.5333866666666667 0.0125 0.02932666666666667
0 0.30775749999999996 0.5051433333333334 0.010875 0.031160000000000007
0 0.3143825 0.49248000000000003 0.013125 0.02982666666666667
0 0.32207 0.4938116666666667 0.00975 0.03815666666666668
0 0.331445 0.4950616666666667 0.0105 0.035323333333333345
0 0.3168825 0.5209716666666667 0.013125 0.03182333333333334
0 0.31882 0.54755 0.01375 0.027660000000000007
0 0.30307 0.5750416666666667 0.02675 0.0306566666666666
0 0.32132 0.5742083333333333 0.01675 0.03498999999999993
0 0.32969499999999996 0.5785416666666667 0.0185 0.0416566666666666
0 0.34332 0.5577116666666666 0.02125 0.0366566666666666
0 0.32988249999999997 0.5262216666666667 0.015875 0.033656666666666675
0 0.32659750000000004 0.5432316666666667 0.013125 0.03391
0 0.33953500000000003 0.5259033333333333 0.0145 0.033240000000000006
0 0.283695 0.5889283333333334 0.01325 0.041323333333333344
0 0.24569625 0.6105050000000001 0.016747500000000002 0.035156666666666676
0 0.25769625 0.6281666666666667 0.020747500000000002 0.027160000000000007
0 0.2608825 0.6159199999999999 0.018625 0.030660000000000007
0 0.2685075 0.6550766666666666 0.015625 0.030326666666666672
0 0.26381999999999994 0.6744883333333334 0.0125 0.0301566666666666
0 0.25125875 0.663575 0.015622500000000003 0.042656666666666676
0 0.24063500000000002 0.6802366666666666 0.013875 0.0313266666666666
0 0.23569749999999998 0.6621583333333334 0.01775 0.03882333333333334
0 0.2958825 0.5987583333333334 0.016625 0.03699000000000001
0 0.306195 0.5987583333333333 0.01525 0.041990000000000006
0 0.31506999999999996 0.6119216666666667 0.0215 0.032656666666666674
0 0.32132 0.6030083333333333 0.0205 0.03615666666666668
0 0.3342575 0.6054233333333333 0.013875 0.040320000000000016
0 0.344945 0.59909 0.015 0.05098666666666668
0 0.3353825 0.6362483333333334 0.017875 0.032656666666666674
0 0.3270075 0.640415 0.010625 0.03565666666666668
0 0.35157 0.5930933333333333 0.0165 0.04232000000000001
0 0.3741325 0.6222516666666666 0.015875 0.043323333333333346
0 0.35581999999999997 0.6641583333333333 0.0185 0.041490000000000006
0 0.36436250000000003 0.6485216666666667 0.02075 0.04032333333333334
0 0.3848625 0.6706833333333334 0.01525 0.04232000000000009
0 0.38917500000000005 0.6332766666666666 0.021375 0.03382666666666667
0 0.4059875 0.6286116666666667 0.017 0.03982333333333334
0 0.41154999999999997 0.5984533333333333 0.017125 0.04881999999999993
0 0.37805000000000005 0.547965 0.014125 0.041156666666666675
0 0.3871125 0.5324716666666667 0.01525 0.03749000000000001
0 0.39661250000000003 0.5229716666666667 0.02275 0.04082333333333334
0 0.39655 0.5582133333333333 0.016875 0.04065333333333327
0 0.4177375 0.55463 0.02975 0.03049333333333334
0 0.42155 0.5302216666666667 0.016875 0.033323333333333344
0 0.42942375000000005 0.5545483333333333 0.0191225 0.03232333333333334
0 0.446985 0.5484666666666667 0.0235 0.019493333333333338
0 0.44486000000000003 0.5712933333333333 0.01575 0.0394866666666666
0 0.4018 0.580625 0.015625 0.036823333333333264
0 0.4186125 0.5657949999999999 0.02825 0.030823333333333265
0 0.43342375 0.5989516666666667 0.016622500000000002 0.03915666666666667
0 0.42255 0.5948716666666667 0.010875 0.0376566666666666
0 0.42105000000000004 0.6291133333333333 0.015625 0.04282000000000001
0 0.432175 0.634195 0.017875 0.04632333333333334
0 0.44523625 0.6186983333333334 0.013747500000000003 0.03699000000000001
0 0.4159875 0.659855 0.01525 0.033990000000000006
0 0.40773750000000003 0.66477 0.014 0.03316000000000001
0 0.41217499999999996 0.6904300000000001 0.019125 0.03449333333333342
0 0.4851725 0.6107849999999999 0.019125 0.032156666666666674
0 0.5080475 0.5990383333333333 0.019875 0.040989999999999936
0 0.5136725 0.6356116666666666 0.014375 0.04449000000000001
0 0.4735475 0.6405283333333334 0.015875 0.03732333333333334
0 0.46286 0.654605 0.01425 0.03782333333333334
0 0.476735 0.676185 0.01475 0.035323333333333345
0 0.49173500000000003 0.69143 0.02775 0.02782666666666675
0 0.47548500000000005 0.5597983333333334 0.01375 0.033823333333333344
0 0.4661725 0.5375533333333334 0.025125 0.023326666666666673
0 0.45936 0.5108950000000001 0.01225 0.034656666666666676
0 0.47148500000000004 0.5161416666666667 0.015 0.03915666666666667
0 0.48411000000000004 0.525225 0.018 0.034656666666666676
0 0.503485 0.5149766666666667 0.01775 0.04048666666666668
0 0.53434 0.5042283333333334 0.010375 0.034656666666666676
0 0.5425900000000001 0.5312216666666667 0.013875 0.043323333333333346
0 0.55184 0.5373883333333334 0.017375 0.03632333333333334
0 0.5662775000000001 0.5501333333333334 0.0155 0.027826666666666673
0 0.5892775 0.5631316666666667 0.01575 0.03815666666666668
0 0.561965 0.5042283333333334 0.027875 0.034656666666666676
0 0.5782775000000001 0.4987316666666667 0.0255 0.03899000000000001
0 0.5881525000000001 0.5219750000000001 0.01725 0.03749000000000001
0 0.5976525 0.5504666666666667 0.0135 0.04982000000000001
0 0.600215 0.511395 0.012375 0.03932333333333334
0 0.6185275 0.5297233333333333 0.03275 0.021326666666666674
0 0.527965 0.5509383333333333 0.019625 0.03232333333333334
0 0.5254025 0.5379349999999999 0.02 0.03199000000000001
0 0.5272775000000001 0.5768416666666667 0.01525 0.04549000000000001
0 0.540215 0.5941700000000001 0.021375 0.030826666666666672
0 0.5419025000000001 0.5816749999999999 0.0205 0.03815666666666668
0 0.555965 0.599835 0.011375 0.04515666666666668
0 0.5614025 0.5787566666666667 0.0285 0.025660000000000006
0 0.5674650000000001 0.6004183333333333 0.014625 0.029656666666666675
0 0.5436525000000001 0.622745 0.0155 0.03732333333333334
0 0.5229650000000001 0.6204133333333334 0.013875 0.04165333333333335
0 0.53809 0.6279116666666666 0.016625 0.03999000000000001
0 0.56659 0.6299950000000001 0.016125 0.03715666666666668
0 0.5546525 0.6370766666666667 0.01375 0.04698666666666668
0 0.5864025 0.6054183333333333 0.0155 0.03832333333333334
0 0.59934 0.6012516666666666 0.015375 0.04599000000000001
0 0.61159 0.622745 0.014125 0.04099000000000001
0 0.60359 0.6449066666666666 0.013375 0.03466
0 0.526945 0.6637916666666667 0.01325 0.03999000000000001
0 0.54107 0.6662083333333334 0.0165 0.03682333333333334
0 0.5513825000000001 0.6786200000000001 0.016625 0.04265333333333335
0 0.56013125 0.6821183333333334 0.014372499999999946 0.03832333333333342
0 0.56525625 0.6704566666666666 0.014872499999999945 0.0469866666666666
0 0.53832 0.695615 0.0145 0.03565666666666668
0 0.5308825 0.7036966666666666 0.011625 0.04315333333333342
0 0.5190075 0.6962816666666667 0.014875000000000057 0.03899000000000001
0 0.4995075 0.7108616666666667 0.016875 0.03282333333333342
0 0.56169375 0.7036966666666666 0.021997499999999944 0.025160000000000005
0 0.57338 0.7377716666666667 0.019375 0.04132333333333342
0 0.5900675 0.6984483333333333 0.014 0.03299000000000001
0 0.604505 0.686285 0.017625 0.035990000000000084
0 0.6139425 0.6682066666666667 0.01375 0.043819999999999935
0 0.6207550000000001 0.65371 0.013875 0.04515333333333327
0 0.6386925 0.6657066666666667 0.02825 0.02215999999999993
0 0.61388 0.7506016666666667 0.019125 0.03398999999999993
0 0.6258400000000001 0.5555966666666666 0.014375 0.03132666666666667
0 0.63409 0.5680116666666667 0.013375 0.034823333333333345
0 0.6145900000000001 0.5742583333333333 0.030375 0.01733
0 0.6476525000000001 0.5873383333333333 0.012 0.04615666666666668
0 0.65408875 0.5674283333333333 0.014372499999999946 0.03899000000000001
0 0.65352625 0.604335 0.014747499999999945 0.03849000000000001
0 0.6381525 0.6050016666666667 0.013 0.040156666666666674
0 0.6395275 0.63591 0.01475 0.02799333333333334
0 0.65265125 0.6371583333333334 0.014497499999999946 0.03749000000000001
0 0.6662750000000001 0.6130816666666666 0.01625 0.03032333333333334
0 0.6682125 0.5876733333333333 0.016875 0.04848666666666668
0 0.6116525 0.49180833333333335 0.0175 0.04382333333333334
0 0.629465 0.5118866666666667 0.021125 0.040320000000000016
0 0.6285275000000001 0.4651483333333334 0.01825 0.03615666666666668
0 0.66015125 0.473395 0.017497499999999947 0.03732333333333334
0 0.66590125 0.4911416666666667 0.025497499999999944 0.041823333333333344
0 0.6459025 0.5172183333333333 0.0165 0.041323333333333344
0 0.6497762499999999 0.5427116666666667 0.012747499999999945 0.037989999999999934
0 0.66021375 0.5485433333333333 0.010622499999999946 0.03299333333333326
0 0.66258875 0.5345466666666667 0.017622499999999944 0.043653333333333266
0 0.668775 0.506305 0.01625 0.041156666666666675
0 0.6889 0.5198016666666666 0.0225 0.01249666666666667
0 0.6825249999999999 0.570455 0.02775 0.017163333333333336
0 0.694025 0.5320466666666667 0.0265 0.028660000000000005
0 0.7039625 0.5318816666666667 0.019875 0.034323333333333345
0 0.7139 0.5332966666666668 0.017 0.03149333333333334
0 0.682025 0.595865 0.01725 0.04299000000000001
0 0.68991875 0.5862666666666667 0.0130625 0.04315333333333334
0 0.69783875 0.5822116666666667 0.016872499999999947 0.0436566666666666
0 0.7102125 0.5862116666666666 0.015875 0.039323333333333266
0 0.7149012499999999 0.5686333333333333 0.027247499999999945 0.018160000000000006
0 0.7420875 0.56855 0.015625 0.029660000000000006
0 0.7508999999999999 0.5416383333333333 0.00975 0.03749000000000001
0 0.7580875 0.5378083333333333 0.011125 0.041156666666666675
0 0.77015 0.534725 0.0225 0.033323333333333344
0 0.7807125 0.5142316666666666 0.015625 0.03899000000000001
0 0.789275 0.5415566666666667 0.019 0.016326666666666673
0 0.780275 0.5597183333333333 0.0235 0.02999000000000001
0 0.791775 0.5589683333333334 0.0235 0.02949000000000001
0 0.8095875 0.5608850000000001 0.019625 0.04099000000000001
0 0.7423375 0.49072333333333334 0.020375 0.04832000000000001
0 0.8195250000000001 0.5139816666666667 0.01425 0.03615666666666668
0 0.8140875 0.5511383333333334 0.015125 0.03949000000000001
0 0.8248375 0.550555 0.019125 0.041656666666666675
0 0.8356499999999999 0.5557183333333333 0.013 0.03999000000000001
0 0.844275 0.5541349999999999 0.01325 0.03849000000000001
0 0.8642125 0.5679666666666667 0.025125 0.028160000000000004
0 0.869275 0.5779633333333334 0.01475 0.02149333333333334
0 0.8155249999999999 0.5935416666666666 0.01375 0.03498999999999993
0 0.7892775000000001 0.5774633333333334 0.0135 0.028826666666666674
0 0.79990125 0.5717983333333333 0.012497499999999946 0.032156666666666674
0 0.7780275000000001 0.5887933333333334 0.01625 0.043486666666666604
0 0.7664025 0.5994583333333333 0.01775 0.04382333333333327
0 0.750715 0.59246 0.026625 0.02115999999999993
0 0.748715 0.6128716666666666 0.027125 0.0326566666666666
0 0.744465 0.6223683333333333 0.021375 0.033323333333333344
0 0.7334025000000001 0.6280333333333333 0.01725 0.04532000000000001
0 0.7701525 0.6291166666666667 0.0265 0.019160000000000007
0 0.7900900000000001 0.63903 0.016875 0.04398666666666668
0 0.7794650000000001 0.6618583333333333 0.015125 0.042323333333333345
0 0.8208375 0.6545266666666667 0.011875 0.036993333333333336
0 0.8056512499999999 0.6581083333333333 0.027997499999999946 0.03649000000000001
0 0.8318375 0.5818800000000001 0.025625 0.02499333333333334
0 0.8533375000000001 0.5842116666666667 0.035875 0.022330000000000003
0 0.8612124999999999 0.6125383333333333 0.011625 0.04232333333333327
0 0.8267749999999999 0.6100383333333333 0.01575 0.0406566666666666
0 0.834775 0.6108716666666667 0.01825 0.039323333333333266
0 0.8439625 0.6127883333333334 0.019375 0.04148999999999994
0 0.8517125 0.6167866666666667 0.013375 0.04615333333333327
0 0.8702125 0.6187849999999999 0.013125 0.041823333333333344
0 0.8732125 0.6080383333333333 0.018875 0.0406566666666666
0 0.8817125 0.5962083333333333 0.019875 0.03432333333333327
0 0.901775 0.6014583333333333 0.02575 0.0371566666666666
0 0.91415 0.5992066666666667 0.0155 0.02765999999999993
0 0.9187125 0.6214516666666666 0.021875 0.04049000000000001
0 0.8840874999999999 0.6292 0.016875 0.046653333333333345
0 0.6703175 0.6434483333333333 0.01375 0.03849000000000001
0 0.6808799999999999 0.6269533333333334 0.013375 0.04215333333333327
0 0.6929425 0.6246216666666666 0.01475 0.038489999999999934
0 0.7049424999999999 0.660945 0.019 0.03915666666666667
0 0.7184425 0.6676083333333334 0.0165 0.041490000000000006
0 0.7048175 0.6825216666666667 0.017 0.03332333333333342
0 0.7421925 0.66436 0.0115 0.023660000000000007
0 0.74138 0.6849383333333334 0.012375 0.026490000000000086
0 0.7787975 0.6951566666666666 0.012625 0.02549333333333334
0 0.810485 0.689075 0.016 0.03499000000000001
0 0.8258599999999999 0.689825 0.01775 0.03282333333333334
0 0.86565 0.7005733333333334 0.03 0.02199333333333334
0 0.9269625 0.6155116666666666 0.011625 0.03649000000000001
0 0.93715 0.62126 0.01475 0.047320000000000015
0 0.9483375 0.6126783333333333 0.017125 0.03849000000000001
0 0.420345 0.7652266666666667 0.01425 0.02099333333333334
0 0.34198625 0.7917683333333333 0.013027499999999975 0.026089999999999995
0 0.200195 0.742465 0.0195 0.036656666666666754
0 0.37792250000000005 0.4894833333333333 0.014125 0.04448666666666668
0 0.40386 0.422085 0.0195 0.03299000000000001
0 0.4200475 0.41067000000000004 0.018875 0.04315333333333334
0 0.411735 0.392925 0.01975 0.04032333333333334
0 0.4250475 0.3825116666666667 0.018375 0.034156666666666675
0 0.4340475 0.41150333333333333 0.015875 0.04182000000000001
0 0.414235 0.471155 0.01525 0.040156666666666674
0 0.441485 0.4726533333333333 0.01825 0.047820000000000015
0 0.435985 0.3626833333333333 0.0125 0.035160000000000004
0 0.4604225 0.43674833333333335 0.023125 0.03932333333333334
0 0.47211000000000003 0.457575 0.024 0.032656666666666674
0 0.47586 0.444745 0.0215 0.03899000000000001
0 0.4646725 0.47840166666666667 0.014625 0.033656666666666675
0 0.44663125 0.36904333333333333 0.011872500000000003 0.043986666666666605
0 0.45563 0.38079 0.012625 0.041819999999999934
0 0.474755 0.373875 0.012625 0.03698999999999993
0 0.4835675 0.3697916666666667 0.01225 0.03582333333333327
0 0.49669250000000004 0.38304 0.01475 0.029326666666666598
0 0.500005 0.33855 0.014375 0.030660000000000045
0 0.5095675000000001 0.3650433333333334 0.02325 0.030993333333333265
0 0.5106925 0.3477983333333334 0.016 0.038156666666666714
0 0.5206925 0.33303166666666667 0.018 0.03798999999999997
0 0.527505 0.35019500000000003 0.018875 0.03165666666666664
0 0.47834 0.40554166666666663 0.014125 0.03748999999999993
0 0.484465 0.42312000000000005 0.015875 0.04265333333333327
0 0.488965 0.482355 0.020375 0.03949000000000001
0 0.507215 0.460195 0.025625000000000057 0.035156666666666676
0 0.5324025 0.36233166666666666 0.02325 0.03682333333333334
0 0.515965 0.4024866666666667 0.016875000000000057 0.04815333333333335
0 0.536215 0.37791 0.031625 0.018660000000000006
0 0.5416525 0.35858166666666663 0.0205 0.02999000000000001
0 0.5490900000000001 0.3371716666666667 0.015875 0.035156666666666676
0 0.554465 0.36433 0.018625 0.020160000000000008
0 0.5526525000000001 0.395655 0.01425 0.041823333333333344
0 0.5389025000000001 0.411235 0.02025 0.04532333333333334
0 0.5462775 0.4397266666666667 0.0165 0.04832000000000001
0 0.5302775 0.44489333333333336 0.017 0.04332000000000001
0 0.522965 0.4380616666666667 0.012125 0.03999000000000001
0 0.5407775 0.4553066666666667 0.0125 0.035160000000000004
0 0.5637975 0.4550283333333333 0.018875 0.041823333333333344
0 0.5834225000000001 0.46035999999999994 0.024375 0.020160000000000008
0 0.5949225 0.4796883333333333 0.019125 0.03282333333333334
0 0.5830887499999999 0.3009583333333333 0.015622499999999945 0.03915666666666667
0 0.57415125 0.32545166666666664 0.015747499999999946 0.03415666666666664
0 0.5859012499999999 0.3371983333333333 0.011247499999999945 0.036989999999999974
0 0.58358875 0.36302499999999993 0.010372499999999946 0.03999000000000001
0 0.5754025 0.349945 0.00975 0.03248999999999997
0 0.5923375000000001 0.36644166666666667 0.010625 0.03449000000000001
0 0.610775 0.3508616666666666 0.01675 0.0343233333333333
0 0.6167125 0.3574433333333333 0.016875 0.03216000000000001
0 0.60965 0.3342 0.02075 0.031993333333333304
0 0.602025 0.30645666666666666 0.01625 0.035160000000000004
0 0.6336499999999999 0.31328833333333334 0.01325 0.03449000000000001
0 0.6509625 0.31970499999999996 0.012375 0.03799000000000001
0 0.6602125 0.314205 0.011875 0.033323333333333344
0 0.6444624999999999 0.3419466666666667 0.027375 0.029826666666666633
0 0.6481499999999999 0.33944833333333335 0.025 0.024163333333333297
0 0.6682125 0.3327833333333333 0.027875 0.0204933333333333
0 0.6745249999999999 0.34378166666666665 0.0325 0.015496666666666633
0 0.687275 0.32920166666666667 0.018 0.03298999999999997
0 0.6949 0.3532783333333333 0.0155 0.03315666666666664
0 0.6189 0.38210333333333335 0.01225 0.03249333333333334
0 0.6419 0.36668999999999996 0.02425 0.026660000000000007
0 0.7245874999999999 0.3916116666666667 0.018875 0.033156666666666675
0 0.7144 0.3860283333333333 0.01275 0.03732333333333334
0 0.7107749999999999 0.3609583333333333 0.024 0.020496666666666594
0 0.70715 0.37953666666666663 0.0125 0.03466
0 0.6953999999999999 0.38545333333333337 0.015 0.04881999999999993
0 0.6880875 0.38011666666666666 0.013875 0.040153333333333346
0 0.6753375 0.397445 0.023875 0.04349000000000001
0 0.6630874999999999 0.39894499999999994 0.019375 0.03882333333333334
0 0.659275 0.3616216666666666 0.0195 0.021163333333333336
0 0.6415875 0.3811983333333333 0.016625 0.03565666666666668
0 0.6373375 0.4161066666666666 0.013625 0.046820000000000014
0 0.62415125 0.41235666666666665 0.013747499999999946 0.04832000000000001
0 0.5987775000000001 0.42110499999999995 0.0155 0.041156666666666675
0 0.58459 0.43018666666666666 0.014625 0.04832000000000001
0 0.6052150000000001 0.4347683333333333 0.016375 0.04582333333333334
0 0.5749650000000001 0.433935 0.012875 0.03649000000000001
