0 0.9490000000000001 0.5755 0.0235 0.04033333333333333
0 0.030875 0.5313333333333333 0.02175 0.03666666666666667
0 0.90025 0.5469999999999999 0.017 0.03266666666666666
0 0.225125 0.4736666666666666 0.02725 0.02666666666666667
0 0.67925 0.39666666666666667 0.0205 0.03
0 0.7507499999999999 0.537 0.029 0.034
0 0.4885 0.4915 0.0215 0.03766666666666667
0 0.763625 0.497 0.02375 0.043333333333333335
0 0.29300000000000004 0.32266666666666666 0.025 0.016
0 0.30324999999999996 0.5368333333333334 0.0215 0.042333333333333334
0 0.476875 0.4855 0.02325 0.03166666666666667
0 0.26675 0.3221666666666667 0.027 0.013666666666666667
0 0.529375 0.5246666666666667 0.02025 0.044
0 0.18025 0.37316666666666665 0.0165 0.03166666666666667
0 0.351875 0.44483333333333336 0.01425 0.036333333333333336
0 0.328625 0.31966666666666665 0.01825 0.032
0 0.487375 0.5475 0.01775 0.041666666666666664
0 0.5471250000000001 0.468 0.01825 0.038
0 0.769375 0.3055 0.01675 0.025666666666666667
0 0.914 0.3085 0.0325 0.01633333333333333
0 0.444 0.47433333333333333 0.031 0.032
0 0.36512500000000003 0.536 0.02375 0.044
0 0.31775000000000003 0.41133333333333333 0.023 0.03333333333333333
0 0.7232500000000001 0.43233333333333335 0.0315 0.029333333333333333
0 0.373 0.39516666666666667 0.019 0.033666666666666664
0 0.426875 0.4548333333333333 0.02825 0.028333333333333332
0 0.26725 0.5318333333333334 0.02 0.043666666666666666
0 0.8762500000000001 0.5628333333333333 0.0275 0.051
0 0.893375 0.5931666666666666 0.02525 0.034333333333333334
0 0.1205 0.4656666666666667 0.019 0.037333333333333336
0 0.671 0.46649999999999997 0.0315 0.026333333333333334
0 0.6665 0.5708333333333334 0.018 0.043666666666666666
0 0.6705 0.3001666666666667 0.014 0.023
0 0.6215 0.4641666666666666 0.0355 0.025666666666666667
0 0.188625 0.3073333333333333 0.02075 0.02666666666666667
0 0.9845 0.5838333333333333 0.0235 0.047
0 0.8425 0.4653333333333333 0.018 0.03666666666666667
0 0.950125 0.6276666666666666 0.03375 0.034666666666666665
0 0.90825 0.2791666666666667 0.0265 0.01633333333333333
0 0.045875 0.5268333333333334 0.02825 0.036333333333333336
0 0.8893749999999999 0.5369999999999999 0.01975 0.030666666666666665
0 0.539125 0.4928333333333333 0.02775 0.023666666666666666
0 0.118125 0.38866666666666666 0.02275 0.029333333333333333
0 0.7384999999999999 0.3115 0.013 0.03233333333333333
0 0.057874999999999996 0.5453333333333333 0.02375 0.034666666666666665
0 0.427875 0.294 0.02375 0.021333333333333333
0 0.45375 0.5251666666666667 0.027 0.028333333333333332
0 0.06999999999999999 0.3198333333333333 0.022 0.014333333333333333
0 0.8398749999999999 0.42133333333333334 0.02375 0.03333333333333333
0 0.23025 0.37733333333333335 0.0215 0.03133333333333333
0 0.987375 0.499 0.02225 0.04733333333333333
0 0.470125 0.4251666666666667 0.03275 0.013666666666666667
0 0.71275 0.30633333333333335 0.0175 0.026
0 0.20575000000000002 0.526 0.019 0.043333333333333335
0 0.6521250000000001 0.557 0.02275 0.042
0 0.46375 0.312 0.0235 0.016666666666666666
0 0.7296250000000001 0.39416666666666667 0.01625 0.03233333333333333
0 0.655625 0.5111666666666667 0.01675 0.03766666666666667
0 0.765375 0.5843333333333333 0.02225 0.02666666666666667
0 0.9635 0.5763333333333334 0.024 0.03933333333333333
0 0.443875 0.5131666666666667 0.01325 0.036333333333333336
0 0.235125 0.4005 0.01875 0.033
0 0.6819999999999999 0.29983333333333334 0.015 0.029
0 0.50025 0.44383333333333336 0.023 0.034333333333333334
0 0.233125 0.3168333333333333 0.02125 0.021666666666666667
0 0.9715 0.36366666666666664 0.0325 0.019333333333333334
0 0.61884125 0.5525833333333333 0.028317499999999995 0.051833333333333335
0 0.926375 0.3258333333333333 0.01725 0.01633333333333333
0 0.542 0.3496666666666667 0.03 0.018666666666666668
0 0.8939999999999999 0.44466666666666665 0.019 0.035333333333333335
0 0.08 0.5061666666666667 0.036 0.035
0 0.5540175 0.425 0.031465000000000035 0.016
0 0.542125 0.44249999999999995 0.01725 0.029666666666666668
0 0.6316250000000001 0.5615 0.02825 0.03833333333333333
0 0.3315 0.2905 0.019 0.015
0 0.105625 0.31083333333333335 0.02575 0.017666666666666667
0 0.16175 0.31 0.017 0.03133333333333333
0 0.14975 0.31133333333333335 0.017 0.026
0 0.26675 0.42066666666666663 0.018 0.03666666666666667
0 0.520125 0.5469999999999999 0.01775 0.043333333333333335
0 0.10275000000000001 0.44716666666666666 0.035 0.026333333333333334
0 0.04475 0.392 0.031 0.020666666666666667
0 0.9395 0.25633333333333336 0.0255 0.018666666666666668
0 0.830125 0.2708333333333333 0.01725 0.022333333333333334
0 0.491375 0.3143333333333333 0.02525 0.015333333333333332
0 0.637875 0.45816666666666667 0.03925 0.026333333333333334
0 0.061625 0.4121666666666666 0.02075 0.03766666666666667
0 0.8432499999999999 0.4993333333333333 0.0225 0.04066666666666666
0 0.655375 0.4881666666666667 0.02925 0.025
0 0.207875 0.3998333333333333 0.02625 0.033666666666666664
0 0.090375 0.5573333333333333 0.03675 0.03666666666666667
0 0.3655 0.4915 0.0235 0.027666666666666666
0 0.251875 0.4515 0.02275 0.030333333333333334
0 0.46825 0.3948333333333333 0.0215 0.03233333333333333
0 0.5289999999999999 0.4446666666666667 0.019 0.018666666666666668
0 0.984375 0.3981666666666666 0.02425 0.023666666666666666
0 0.19975 0.4583333333333333 0.02 0.029333333333333333
0 0.106625 0.4751666666666667 0.01475 0.036333333333333336
0 0.516875 0.41550000000000004 0.02925 0.023
0 0.40199999999999997 0.4358333333333333 0.0165 0.035666666666666666
0 0.21225 0.36866666666666664 0.0345 0.019333333333333334
0 0.37825 0.3078333333333333 0.0165 0.029666666666666668
0 0.46187500000000004 0.4796666666666667 0.02975 0.025333333333333333
0 0.36162500000000003 0.30433333333333334 0.02475 0.027333333333333334
0 0.027999999999999997 0.3203333333333333 0.0255 0.015333333333333332
0 0.18425000000000002 0.32683333333333336 0.026 0.015666666666666666
0 0.50775 0.5705 0.02 0.04566666666666667
0 0.5836250000000001 0.45116666666666666 0.01475 0.027
0 0.9600000000000001 0.44733333333333336 0.0235 0.038
0 0.340125 0.42233333333333334 0.01575 0.034666666666666665
0 0.745375 0.4035 0.01825 0.041
0 0.68325 0.5723333333333334 0.0205 0.03866666666666667
0 0.421625 0.3885 0.02175 0.030333333333333334
0 0.28200000000000003 0.45199999999999996 0.026 0.03666666666666667
0 0.90925 0.6073333333333334 0.03 0.03333333333333333
0 0.5492499999999999 0.563 0.019 0.051333333333333335
0 0.011125 0.5151666666666667 0.01625 0.029666666666666668
0 0.39399999999999996 0.4875 0.0145 0.03166666666666667
0 0.06575 0.493 0.0255 0.034666666666666665
0 0.6241249999999999 0.4813333333333333 0.03175 0.024666666666666667
0 0.168125 0.5498333333333334 0.02675 0.03166666666666667
0 0.011375 0.5411666666666667 0.02275 0.043
0 0.15275 0.4835 0.0335 0.03833333333333333
0 0.5888749999999999 0.48666666666666664 0.01775 0.04466666666666667
0 0.26962499999999995 0.48183333333333334 0.03575 0.018333333333333333
0 0.24225000000000002 0.4435 0.0185 0.033
0 0.394625 0.2985 0.01725 0.027666666666666666
0 0.605625 0.43416666666666665 0.02275 0.03233333333333333
0 0.7746249999999999 0.3323333333333333 0.03425 0.017333333333333333
0 0.533625 0.4701666666666667 0.02375 0.03233333333333333
0 0.6058749999999999 0.39516666666666667 0.02175 0.029666666666666668
0 0.911875 0.24333333333333335 0.01725 0.018
0 0.08875 0.39616666666666667 0.03 0.035666666666666666
0 0.42075 0.2828333333333333 0.016 0.022333333333333334
0 0.7867500000000001 0.27066666666666667 0.0155 0.022
0 0.599375 0.4545 0.01975 0.030333333333333334
0 0.34700000000000003 0.474 0.031 0.02666666666666667
0 0.325625 0.545 0.03775 0.026
0 0.47237500000000004 0.6545 0.02175 0.025
0 0.36224999999999996 0.5098333333333334 0.0305 0.02033333333333333
0 0.38787499999999997 0.41383333333333333 0.02325 0.033666666666666664
0 0.792 0.6316666666666666 0.018 0.05733333333333333
0 0.176375 0.4993333333333333 0.01825 0.034666666666666665
0 0.46749999999999997 0.5866666666666667 0.0185 0.062
0 0.582125 0.4245 0.02025 0.03166666666666667
0 0.927125 0.5256666666666666 0.03425 0.016666666666666666
0 0.87875 0.5218333333333334 0.02 0.035666666666666666
0 0.820125 0.4736666666666667 0.02125 0.043333333333333335
0 0.361625 0.2926666666666667 0.01825 0.025333333333333333
0 0.799625 0.5598333333333334 0.02475 0.033666666666666664
0 0.11975 0.4281666666666667 0.0245 0.019666666666666666
0 0.8404999999999999 0.5686666666666667 0.019 0.042
0 0.91775 0.48666666666666664 0.0325 0.03266666666666666
0 0.614375 0.5105 0.02425 0.02033333333333333
0 0.590875 0.4018333333333333 0.01725 0.034333333333333334
0 0.8360000000000001 0.27899999999999997 0.0195 0.021333333333333333
0 0.8985 0.5153333333333334 0.029 0.023333333333333334
0 0.092 0.43783333333333335 0.025 0.017666666666666667
0 0.49974999999999997 0.30083333333333334 0.0255 0.017
0 0.242875 0.532 0.03275 0.03266666666666666
0 0.8215 0.5735 0.0225 0.057666666666666665
0 0.8145 0.5138333333333334 0.016 0.045
0 0.9714999999999999 0.5451666666666666 0.035 0.035
0 0.648 0.31316666666666665 0.0275 0.015
0 0.410375 0.2891666666666667 0.01525 0.019666666666666666
0 0.859 0.4281666666666667 0.022 0.039
0 0.427875 0.4741666666666667 0.01875 0.037
0 0.727625 0.3125 0.01325 0.028333333333333332
0 0.3585 0.41583333333333333 0.0135 0.030333333333333334
0 0.882375 0.23783333333333334 0.01675 0.023666666666666666
0 0.706125 0.4796666666666667 0.02275 0.03133333333333333
0 0.9491250000000001 0.6071666666666666 0.02825 0.024333333333333332
0 0.93775 0.5413333333333333 0.036 0.018
0 0.17825000000000002 0.4505 0.032 0.024333333333333332
0 0.173375 0.41883333333333334 0.01575 0.033666666666666664
0 0.19725 0.485 0.0285 0.025333333333333333
0 0.313 0.3158333333333333 0.028 0.01633333333333333
0 0.165375 0.511 0.01575 0.028666666666666667
0 0.4015 0.39599999999999996 0.017 0.03666666666666667
0 0.204625 0.436 0.01425 0.035333333333333335
0 0.413625 0.3165 0.01475 0.03233333333333333
0 0.44725 0.44883333333333336 0.0195 0.041
0 0.009625 0.425 0.01925 0.036
0 0.32725 0.29900000000000004 0.024 0.012666666666666666
0 0.016375 0.3948333333333333 0.03275 0.03166666666666667
0 0.336875 0.45149999999999996 0.03425 0.027666666666666666
0 0.516875 0.399 0.03125 0.02
0 0.513 0.5231666666666667 0.018 0.042333333333333334
0 0.593125 0.526 0.03525 0.02
0 0.22175 0.494 0.031 0.023333333333333334
0 0.351875 0.3855 0.01325 0.029
0 0.8855087500000001 0.2697916666666667 0.01862749999999994 0.026916666666666665
0 0.30062500000000003 0.30633333333333335 0.02175 0.020666666666666667
0 0.039 0.4975 0.0385 0.021
0 0.1875 0.387 0.0375 0.019333333333333334
0 0.567125 0.5706666666666667 0.01925 0.043333333333333335
0 0.013000000000000001 0.455 0.0165 0.029333333333333333
0 0.80025 0.5346666666666666 0.0225 0.03933333333333333
0 0.7048749999999999 0.5438333333333333 0.01775 0.043
0 0.042 0.33899999999999997 0.034 0.020666666666666667
0 0.29562499999999997 0.4383333333333333 0.02725 0.024666666666666667
0 0.9266249999999999 0.5781666666666667 0.03975 0.041666666666666664
0 0.07525 0.43933333333333335 0.02 0.032
0 0.982375 0.30933333333333335 0.01925 0.02266666666666667
0 0.241375 0.5533333333333333 0.02025 0.042666666666666665
0 0.98175 0.326 0.031 0.02
0 0.048375 0.43916666666666665 0.02475 0.019
0 0.675375 0.4736666666666667 0.02925 0.022
0 0.8005 0.5098333333333334 0.0185 0.033666666666666664
0 0.036375000000000005 0.3295 0.04175 0.022333333333333334
0 0.0765 0.32716666666666666 0.037 0.018333333333333333
0 0.85275 0.44999999999999996 0.0345 0.02266666666666667
0 0.046875 0.4708333333333333 0.03375 0.03233333333333333
0 0.903 0.2573333333333333 0.0205 0.013333333333333334
0 0.07825 0.4691666666666667 0.037 0.02033333333333333
0 0.025625000000000002 0.42766666666666664 0.03275 0.024666666666666667
0 0.513625 0.4458333333333333 0.02925 0.027666666666666666
0 0.511875 0.4706666666666667 0.03175 0.022
0 0.8404125 0.2975833333333333 0.018940000000000054 0.027666666666666666
0 0.8603512500000001 0.2759166666666667 0.0149375 0.028833333333333332
0 0.93629375 0.30954166666666666 0.0194375 0.019916666666666666
0 0.9649837499999999 0.2818333333333333 0.0255625 0.024333333333333332
0 0.80109 0.4175 0.024875 0.036333333333333336
0 0.7951075000000001 0.474125 0.022064999999999942 0.03891666666666667
0 0.809765 0.47733333333333333 0.019375 0.036333333333333336
0 0.78791875 0.4965833333333333 0.0138125 0.03333333333333333
0 0.77423125 0.4726666666666667 0.0230625 0.049666666666666665
0 0.75238625 0.46420833333333333 0.034502500000000054 0.021083333333333332
0 0.72719625 0.462125 0.02050249999999994 0.043083333333333335
0 0.71813375 0.46475 0.02362749999999994 0.03916666666666667
0 0.7081000000000001 0.46520833333333333 0.030190000000000054 0.036083333333333335
0 0.6647225 0.40108333333333335 0.01668999999999994 0.0315
0 0.65866 0.429875 0.02681499999999994 0.022916666666666665
0 0.6744100000000001 0.4497083333333333 0.03806499999999994 0.016416666666666666
0 0.6934125 0.47279166666666667 0.014065000000000055 0.034916666666666665
0 0.68647375 0.49083333333333334 0.0138125 0.0355
0 0.6755975000000001 0.49895833333333334 0.01331000000000006 0.03725
0 0.0257 0.4730833333333333 0.038130000000000004 0.0345
0 0.021448750000000003 0.4696666666666667 0.0316275 0.027333333333333334
0 0.003635 0.46225 0.00825 0.0405
0 0.03207625 0.446 0.032127499999999996 0.023333333333333334
0 0.05570125 0.44975 0.0271275 0.0355
0 0.053451250000000006 0.48375 0.029877499999999998 0.019833333333333335
0 0.1232075 0.49075 0.04538000000000001 0.025833333333333333
0 0.08314250000000001 0.42316666666666664 0.01275 0.017333333333333333
0 0.096955 0.41675 0.019125 0.026833333333333334
0 0.11189375 0.5175000000000001 0.03250250000000001 0.037333333333333336
0 0.06907875 0.5472499999999999 0.0371275 0.043166666666666666
0 0.07520375 0.5575 0.0238775 0.03233333333333333
0 0.0912675 0.5229166666666666 0.01625 0.04083333333333333
0 0.12652 0.5190833333333333 0.023250000000000014 0.028166666666666666
0 0.14602125 0.51125 0.020502499999999996 0.0385
0 0.16695875000000002 0.5360833333333334 0.0358775 0.0505
0 0.19077375 0.5320833333333334 0.018002499999999998 0.049833333333333334
0 0.2209 0.523 0.01725 0.043666666666666666
0 0.24396375 0.517 0.03562749999999997 0.02666666666666667
0 0.25321499999999997 0.49225 0.01862499999999997 0.03383333333333333
0 0.27084125 0.4965 0.024877499999999997 0.01633333333333333
0 0.287155 0.5148333333333334 0.01375 0.030333333333333334
0 0.29746875 0.5110833333333333 0.018627500000000054 0.025833333333333333
0 0.1877725 0.462 0.016 0.025
0 0.15889625000000002 0.45316666666666666 0.0340025 0.043666666666666666
0 0.15183375 0.44658333333333333 0.0306275 0.05383333333333333
0 0.15114500000000003 0.4175 0.0145 0.028333333333333332
0 0.1402075 0.4335 0.015125 0.028666666666666667
0 0.12376875 0.44566666666666666 0.02450250000000001 0.025
0 0.13289375 0.4633333333333333 0.013752500000000011 0.034333333333333334
0 0.1832925 0.4333333333333333 0.014814999999999998 0.024666666666666667
0 0.18879249999999997 0.41204166666666664 0.016314999999999996 0.04058333333333333
0 0.21795124999999999 0.42791666666666667 0.0235025 0.033
0 0.22035749999999998 0.44083333333333335 0.031564999999999996 0.035333333333333335
0 0.2279825 0.44545833333333335 0.026064999999999998 0.041416666666666664
0 0.26633 0.45575 0.018625 0.03866666666666667
0 0.24684375 0.4175 0.024127500000000027 0.033666666666666664
0 0.25246875 0.38908333333333334 0.021127500000000025 0.034833333333333334
0 0.27547125 0.38608333333333333 0.020877499999999997 0.03383333333333333
0 0.28315875 0.41491666666666666 0.0235025 0.0375
0 0.28740875000000005 0.4215 0.024502499999999997 0.03
0 0.21746625 0.4055833333333333 0.024877499999999997 0.0285
0 0.30878625000000004 0.40508333333333335 0.0275025 0.0425
0 0.2998475 0.4603333333333333 0.025125 0.044333333333333336
0 0.31347375 0.4445 0.017877499999999998 0.035
0 0.32403750000000003 0.466 0.01475 0.036
0 0.31241125000000003 0.48183333333333334 0.0160025 0.041666666666666664
0 0.32872375000000004 0.4846666666666667 0.037627499999999994 0.020666666666666667
0 0.3266625 0.42575 0.015 0.03283333333333333
0 0.36397750000000006 0.45733333333333337 0.023375 0.04
0 0.3369125 0.3935 0.01525 0.026
0 0.38010375 0.4088333333333333 0.025627499999999998 0.03666666666666667
0 0.36829 0.43025 0.0255 0.019166666666666665
0 0.37660375 0.45583333333333337 0.021627499999999997 0.036
0 0.38854125 0.4489166666666667 0.020252499999999996 0.036833333333333336
0 0.406605 0.4575 0.017625 0.036333333333333336
0 0.41829375 0.41075 0.021502499999999997 0.0265
0 0.38204125 0.4860833333333333 0.016252499999999996 0.03783333333333333
0 0.41023125 0.49150000000000005 0.020127499999999996 0.046
0 0.43229500000000004 0.5069166666666667 0.01175 0.041166666666666664
0 0.46298500000000004 0.44766666666666666 0.016375 0.03866666666666667
0 0.436295 0.42400000000000004 0.02625 0.037
0 0.41629375 0.5203333333333333 0.0195025 0.052
0 0.40373000000000003 0.5345 0.015125 0.04
0 0.3684775 0.5485 0.020125 0.031
0 0.38479125000000003 0.5406666666666666 0.017502499999999997 0.04033333333333333
0 0.39591750000000003 0.5249166666666667 0.01425 0.04616666666666667
0 0.42792 0.5595833333333333 0.015 0.049833333333333334
0 0.440045 0.5569999999999999 0.0165 0.035
0 0.45242125 0.544 0.0232525 0.04566666666666667
0 0.46186 0.5460833333333334 0.021875 0.0445
0 0.47892375 0.5350833333333334 0.0187525 0.0445
0 0.4969875 0.5316666666666667 0.021875 0.051666666666666666
0 0.50830125 0.50275 0.0275025 0.0275
0 0.51123875 0.48266666666666663 0.0308775 0.027333333333333334
0 0.47898625000000006 0.45725000000000005 0.017377499999999997 0.029833333333333333
0 0.5536162499999999 0.5351666666666667 0.02287749999999994 0.02266666666666667
0 0.5672424999999999 0.5275833333333333 0.011375 0.0305
0 0.5817437499999999 0.5604166666666667 0.013127500000000054 0.0375
0 0.5691174999999999 0.4870833333333333 0.028625 0.0495
0 0.5685549999999999 0.47425 0.02275 0.051166666666666666
0 0.5606162499999999 0.45916666666666667 0.02037749999999994 0.036333333333333336
0 0.5998075 0.4870833333333333 0.022 0.0505
0 0.6039950000000001 0.5470833333333333 0.019875 0.042833333333333334
0 0.6385599999999999 0.514 0.02 0.042666666666666665
0 0.6729999999999999 0.5334166666666667 0.020125 0.041833333333333333
0 0.6896887500000001 0.53325 0.018002500000000053 0.03716666666666667
0 0.7077537500000001 0.5226666666666666 0.02387749999999994 0.044333333333333336
0 0.7179412500000001 0.504 0.02025249999999994 0.043
0 0.7446312500000001 0.47916666666666663 0.018377500000000054 0.04466666666666667
0 0.730005 0.5059166666666667 0.017625 0.049833333333333334
0 0.7403799999999999 0.5089166666666667 0.020625 0.03716666666666667
0 0.7709450000000001 0.5315833333333333 0.02275 0.033166666666666664
0 0.78488375 0.5271666666666667 0.01612749999999994 0.03766666666666667
0 0.77957125 0.5699166666666666 0.03025249999999994 0.0505
0 0.76119375 0.6103333333333333 0.03375250000000005 0.024666666666666667
0 0.7688200000000001 0.49074999999999996 0.0245 0.0315
0 0.8275737500000001 0.5380833333333334 0.018002500000000053 0.036833333333333336
0 0.81838625 0.5485833333333333 0.027877500000000055 0.0205
0 0.8307 0.5083333333333333 0.01775 0.035666666666666666
0 0.8566387500000001 0.4935833333333333 0.01737749999999994 0.0395
0 0.8618275 0.52325 0.017 0.035166666666666666
0 0.8719525 0.48558333333333337 0.02025 0.04516666666666667
0 0.86670125 0.58075 0.030002499999999942 0.058166666666666665
0 0.86263875 0.59 0.02787749999999994 0.04833333333333333
0 0.91501875 0.547 0.02112749999999994 0.041666666666666664
0 0.89489125 0.4835 0.025627500000000053 0.03266666666666666
0 0.88951625 0.4940833333333333 0.026377500000000054 0.03783333333333333
0 0.91270625 0.46425000000000005 0.026002499999999942 0.03783333333333333
0 0.93358125 0.4769166666666667 0.03025249999999994 0.028833333333333332
0 0.93089375 0.5180833333333333 0.04287749999999994 0.03183333333333333
0 0.9447087500000001 0.4991666666666667 0.03125250000000006 0.021
0 0.94627125 0.4795833333333333 0.025877500000000053 0.0385
0 0.9663349999999999 0.5073333333333333 0.019 0.025666666666666667
0 0.95745875 0.5203333333333334 0.035252500000000055 0.025333333333333333
0 0.9693962500000001 0.49041666666666667 0.034127500000000054 0.04816666666666667
0 0.994775 0.5249166666666667 0.012375 0.0315
0 0.996525 0.549 0.008625 0.022333333333333334
0 0.9974000000000001 0.5823333333333333 0.005875 0.03866666666666667
0 0.99190125 0.45249999999999996 0.015877500000000055 0.03766666666666667
0 0.994525 0.3159166666666667 0.010875 0.024166666666666666
0 0.994775 0.2575 0.009875 0.018333333333333333
0 0.66064625 0.3065 0.020502500000000055 0.029666666666666668
0 0.6231437500000001 0.37966666666666665 0.01900249999999994 0.03933333333333333
0 0.57089 0.3665 0.0195 0.033666666666666664
0 0.55763875 0.39099999999999996 0.02000249999999994 0.03666666666666667
0 0.54659625 0.41554166666666664 0.03862749999999994 0.01825
0 0.56750875 0.4325833333333333 0.02512749999999994 0.0265
0 0.5375062500000001 0.3816666666666667 0.016377500000000055 0.039
0 0.50894125 0.36541666666666667 0.0192525 0.034833333333333334
0 0.49400249999999996 0.38616666666666666 0.025125 0.034666666666666665
0 0.43999875 0.3875833333333333 0.0156275 0.044833333333333336
0 0.45599999999999996 0.384 0.016875 0.038
0 0.44637375 0.30116666666666664 0.029127499999999997 0.023333333333333334
0 0.37636875000000003 0.28049999999999997 0.0236275 0.011333333333333334
0 0.33799125 0.2816666666666667 0.024127499999999996 0.023
0 0.28842375000000003 0.30341666666666667 0.030002499999999998 0.025833333333333333
0 0.27767375000000005 0.30475 0.022002499999999998 0.021833333333333333
0 0.167415 0.318 0.0155 0.032
0 0.17641625 0.30241666666666667 0.012752499999999998 0.024833333333333332
0 0.0919725 0.3453333333333333 0.03863 0.015
0 0.10628625 0.38708333333333333 0.018002499999999998 0.035833333333333335
0 0.00902875 0.3904166666666667 0.0182525 0.028166666666666666
0 0.005028749999999999 0.33166666666666667 0.0102525 0.032
0 0.432 0.8530350000000001 0.046 0.0653166666666666
