0 0.571625 0.33616666666666667 0.0195 0.032
0 0.59575 0.33358166666666667 0.0225 0.033876666666666666
0 0.49977125 0.3635333333333333 0.022542500000000017 0.03740000000000002
0 0.5855 0.4058383333333333 0.0205 0.02999000000000001
0 0.5692499999999999 0.41683333333333333 0.01175 0.03
0 0.54225 0.4241666666666667 0.01725 0.044
0 0.503375 0.4251666666666667 0.021 0.036
0 0.5115 0.4515 0.01125 0.034
0 0.53125 0.4315 0.01975 0.046
0 0.556375 0.4261666666666667 0.011 0.034
0 0.4845 0.42933333333333334 0.01725 0.035
0 0.47425 0.43370833333333336 0.01175 0.031083333333333334
0 0.462385 0.4308333333333333 0.015019999999999981 0.030666666666666665
0 0.453 0.43566666666666665 0.02075 0.030333333333333334
0 0.44375 0.4536266666666666 0.01625 0.04241333333333334
0 0.420625 0.44333333333333336 0.036 0.041
0 0.5227499999999999 0.44683333333333336 0.01325 0.036
0 0.5810000000000001 0.44333333333333336 0.01825 0.021
0 0.49502 0.45670666666666665 0.02275 0.04057333333333334
0 0.488875 0.47000000000000003 0.02 0.044333333333333336
0 0.648625 0.45683333333333337 0.0245 0.034
0 0.42579125 0.45729333333333333 0.020332499999999983 0.03174666666666667
0 0.556875 0.451 0.031 0.015666666666666666
0 0.639 0.4638333333333333 0.02525 0.04133333333333333
0 0.45526999999999995 0.4613333333333334 0.01425 0.033
0 0.46801 0.46191666666666664 0.020269999999999982 0.025166666666666667
0 0.603625 0.46799999999999997 0.0145 0.035666666666666666
0 0.5891249999999999 0.4728333333333333 0.017 0.043333333333333335
0 0.617 0.4726666666666666 0.01425 0.035666666666666666
0 0.59725 0.4926666666666667 0.01175 0.021666666666666667
0 0.526375 0.4661666666666667 0.0155 0.026
0 0.53025 0.48283333333333334 0.01525 0.046
0 0.63025 0.4795 0.01525 0.043333333333333335
0 0.5615 0.46266666666666667 0.01475 0.008333333333333333
0 0.5746249999999999 0.476 0.011 0.034333333333333334
0 0.48136375 0.47241 0.0154375 0.03249333333333334
0 0.5091249999999999 0.4711666666666667 0.019 0.021333333333333333
0 0.51289625 0.495655 0.02904250000000002 0.03964333333333336
0 0.56475 0.481 0.01475 0.030333333333333334
0 0.47647875 0.48807999999999996 0.02608249999999998 0.03617333333333333
0 0.467875 0.5008333333333334 0.0305 0.034
0 0.4590625 0.5246666666666666 0.011375 0.017
0 0.455 0.5418333333333334 0.01275 0.025333333333333333
0 0.42101 0.49216666666666664 0.015769999999999982 0.029333333333333333
0 0.42974999999999997 0.5006666666666667 0.01325 0.03166666666666667
0 0.44825 0.5078333333333334 0.01125 0.042666666666666665
0 0.571875 0.5016666666666666 0.0125 0.021
0 0.575125 0.523 0.014 0.03233333333333333
0 0.49574999999999997 0.517235 0.01625 0.05319666666666664
0 0.510375 0.5289999999999999 0.016 0.043
0 0.5553750000000001 0.5135 0.0175 0.04
0 0.5605 0.5245 0.01875 0.04533333333333334
0 0.54425 0.5331666666666667 0.01375 0.03666666666666667
0 0.584875 0.5105000000000001 0.0135 0.03333333333333333
0 0.517625 0.5138333333333333 0.019 0.024666666666666667
0 0.596125 0.5233233333333334 0.0145 0.045019999999999984
0 0.403645 0.5108583333333334 0.03775 0.02474333333333334
0 0.479735 0.52502 0.020720000000000027 0.03496000000000004
0 0.47162499999999996 0.5383333333333333 0.0225 0.044333333333333336
0 0.47040625 0.5791516666666667 0.0225625 0.05997000000000003
0 0.49024999999999996 0.5700000000000001 0.02975 0.029666666666666668
0 0.48375 0.583255 0.02525 0.03982333333333334
0 0.401125 0.5324916666666666 0.041 0.03001666666666665
0 0.51975 0.5511666666666667 0.01875 0.048666666666666664
0 0.52983375 0.5583333333333333 0.017917500000000017 0.03233333333333333
0 0.5395 0.5688333333333333 0.02475 0.04533333333333334
0 0.546375 0.5775 0.0195 0.04666666666666667
0 0.5135 0.5895 0.01525 0.03133333333333333
0 0.5572499999999999 0.5833133333333334 0.01775 0.02170666666666663
0 0.52725 0.5985 0.01875 0.04133333333333333
0 0.5505 0.5981666666666666 0.02125 0.016666666666666666
0 0.506125 0.6188333333333333 0.0245 0.037333333333333336
0 0.55425 0.619 0.01425 0.027666666666666666
0 0.54425 0.6145 0.02325 0.017333333333333333
0 0.6021249999999999 0.6203333333333333 0.031 0.02033333333333333
0 0.42962500000000003 0.6299466666666667 0.035 0.025106666666666645
0 0.5899375 0.632 0.035125 0.025
0 0.55425 0.6346666666666667 0.04525 0.028333333333333332
0 0.38649 0.6428966666666667 0.03723000000000002 0.022539999999999963
0 0.4558125 0.6445000000000001 0.026625 0.019333333333333334
0 0.4975 0.6583333333333333 0.01375 0.045
0 0.487 0.6521666666666667 0.01325 0.028
0 0.537375 0.666055 0.0235 0.04622333333333336
0 0.509375 0.6636383333333333 0.014 0.03905666666666669
0 0.5267499999999999 0.6706666666666667 0.02375 0.04766666666666667
0 0.433125 0.6688333333333334 0.015 0.042
0 0.5527500000000001 0.67 0.02875 0.044333333333333336
0 0.385375 0.6595883333333333 0.03 0.019156666666666676
0 0.4029375 0.67 0.032375 0.025666666666666667
0 0.37570875000000004 0.673875 0.030667500000000018 0.02808333333333333
0 0.491375 0.6815 0.0275 0.03
0 0.442125 0.6943216666666666 0.016 0.049643333333333275
0 0.4804375 0.6918333333333333 0.035625 0.038
0 0.461 0.6955 0.02475 0.042
0 0.374375 0.687735 0.0305 0.02513666666666662
0 0.47025 0.6923333333333334 0.02475 0.03233333333333333
0 0.5221250000000001 0.7043333333333334 0.03 0.04833333333333333
0 0.39837500000000003 0.6966666666666667 0.033 0.023666666666666666
0 0.42470875 0.7016666666666667 0.02283249999999998 0.025
0 0.48362499999999997 0.7173933333333333 0.0225 0.02582666666666667
0 0.44425000000000003 0.73724 0.01675 0.054519999999999985
0 0.5817087500000001 0.5469866666666667 0.02016750000000002 0.04169333333333331
0 0.4495 0.5580149999999999 0.02625 0.055029999999999975
0 0.4388025 0.56493 0.02835500000000002 0.03738666666666662
0 0.59808375 0.5531666666666667 0.02658249999999998 0.03866666666666667
0 0.56375 0.5565 0.01675 0.042666666666666665
0 0.495375 0.5545 0.0295 0.034
0 0.41312499999999996 0.5578333333333333 0.0295 0.018666666666666668
0 0.405375 0.5680033333333334 0.0355 0.022993333333333338
0 0.574375 0.5835 0.024 0.04066666666666666
0 0.4375 0.5876833333333333 0.01975 0.045633333333333366
0 0.425375 0.5924200000000001 0.0195 0.05149333333333334
0 0.44175000000000003 0.6131666666666666 0.01075 0.02666666666666667
0 0.591375 0.5840000000000001 0.0255 0.035666666666666666
0 0.599625 0.5981666666666666 0.033 0.03266666666666666
0 0.6182500000000001 0.5815 0.02275 0.023333333333333334
0 0.402115 0.5902933333333333 0.03251999999999998 0.02508
0 0.398 0.6043333333333333 0.03125 0.02033333333333333
0 0.6128125 0.603 0.025375 0.021666666666666667
0 0.570375 0.6146666666666667 0.024 0.030333333333333334
0 0.4761875 0.6313333333333333 0.022125 0.055
0 0.40858375 0.6176233333333334 0.03508249999999998 0.02697999999999994
0 0.389125 0.6266666666666666 0.0395 0.025
0 0.5775 0.6475000000000001 0.04075 0.021333333333333333
0 0.560375 0.6626666666666666 0.0165 0.024333333333333332
0 0.586375 0.6638333333333334 0.035 0.027333333333333334
0 0.368625 0.6970000000000001 0.0285 0.025666666666666667
0 0.36233375 0.7107133333333333 0.02958249999999998 0.028239999999999932
0 0.39725000000000005 0.7221666666666666 0.02775 0.03933333333333333
0 0.406375 0.7143333333333333 0.0215 0.021
0 0.373625 0.721985 0.0225 0.02903000000000005
0 0.389875 0.7448333333333333 0.021 0.052
0 0.42712500000000003 0.7391666666666666 0.026 0.05266666666666667
0 0.41425 0.7371666666666667 0.02425 0.043333333333333335
0 0.478125 0.735 0.026 0.03833333333333333
0 0.47050000000000003 0.7531666666666667 0.01875 0.04666666666666667
0 0.43287499999999995 0.5155666666666667 0.024125 0.046820000000000014
0 0.4171875 0.5398933333333333 0.0335 0.023160000000000007
0 0.457375 0.61256 0.02425 0.05165333333333334
0 0.4613125 0.6053966666666667 0.016125 0.04165333333333335
0 0.414355 0.6448583333333333 0.030125 0.025163333333333336
0 0.41223 0.6726016666666667 0.031125 0.04565666666666668
0 0.4410425 0.65394 0.02 0.030326666666666672
0 0.460855 0.6630199999999999 0.036625 0.02182666666666667
0 0.45725000000000005 0.7283933333333333 0.01575 0.05082000000000001
0 0.502875 0.7130066666666667 0.018 0.05082000000000001
0 0.512875 0.7161733333333333 0.01675 0.053486666666666675
0 0.4899375 0.616505 0.017375 0.04365666666666668
0 0.5005 0.594845 0.01375 0.03632333333333334
0 0.5168125 0.6232533333333333 0.027375 0.04382000000000001
0 0.52575 0.6383333333333333 0.0275 0.023326666666666673
0 0.5490425000000001 0.47423666666666664 0.0255 0.04282000000000001
0 0.5426675000000001 0.493315 0.01425 0.04099000000000001
0 0.533355 0.5245566666666668 0.015375 0.04448666666666668
0 0.6090425 0.5002300000000001 0.01925 0.04148666666666668
0 0.6102299999999999 0.5316383333333333 0.018625 0.023663333333333335
