0 0.5411184210526316 0.48218201754385964 0.010782163742690058 0.012883771929824562
0 0.549342105263158 0.4878015350877193 0.010416666666666666 0.01425438596491228
0 0.5587536549707602 0.4920504385964912 0.007675438596491228 0.017269736842105265
0 0.5520833333333334 0.4916392543859649 0.008954678362573099 0.014802631578947368
0 0.5643274853801169 0.4936951754385965 0.007492690058479532 0.018914473684210526
0 0.585297880116959 0.49191337719298245 0.013066520467836257 0.014802631578947368
0 0.5827850877192983 0.49643640350877194 0.008589181286549707 0.017269736842105265
0 0.570906432748538 0.4941063596491228 0.005665204678362573 0.015899122807017545
0 0.5778508771929824 0.49780701754385964 0.006761695906432748 0.018914473684210526
0 0.7341922514619883 0.4998629385964912 0.009137426900584795 0.015899122807017545
0 0.6221673976608187 0.5009594298245614 0.014985380116959063 0.01425438596491228
0 0.7290752923976609 0.5032894736842105 0.009502923976608187 0.011787280701754386
0 0.6800986842105263 0.5058936403508771 0.013157894736842105 0.013706140350877192
0 0.5504385964912281 0.5049342105263158 0.01699561403508772 0.009594298245614035
0 0.6926169590643274 0.5064418859649122 0.004934210526315789 0.01206140350877193
0 0.6963633040935673 0.5116502192982456 0.006578947368421052 0.01699561403508772
0 0.7471673976608187 0.5049342105263158 0.01644736842105263 0.009046052631578948
0 0.569718567251462 0.5086348684210527 0.012792397660818713 0.015350877192982455
0 0.716922514619883 0.5097313596491229 0.007858187134502924 0.01644736842105263
0 0.5972222222222222 0.5124725877192983 0.009685672514619883 0.017543859649122806
0 0.7236842105263158 0.5100054824561403 0.006761695906432748 0.013157894736842105
0 0.5574744152046783 0.5098684210526316 0.016812865497076022 0.011239035087719298
0 0.6885964912280702 0.5142543859649124 0.00712719298245614 0.019462719298245616
0 0.7028508771929824 0.5154879385964912 0.006761695906432748 0.021929824561403508
0 0.606999269005848 0.5139802631578948 0.008406432748538011 0.01781798245614035
0 0.7328216374269005 0.5132949561403508 0.0133406432748538 0.014802631578947368
0 0.7428728070175439 0.5117872807017544 0.015899122807017545 0.007949561403508772
0 0.68265716374269 0.5123355263157894 0.006578947368421052 0.012335526315789474
0 0.7587719298245614 0.5120614035087718 0.014071637426900584 0.011787280701754386
0 0.7084247076023391 0.5183662280701754 0.005847953216374269 0.021107456140350877
0 0.6326754385964912 0.520422149122807 0.007492690058479532 0.02138157894736842
0 0.7139985380116959 0.5190515350877194 0.005299707602339181 0.01864035087719298
0 0.7203947368421053 0.5234375 0.010416666666666666 0.013157894736842105
0 0.6169590643274854 0.5179550438596491 0.010416666666666666 0.015350877192982455
0 0.6527777777777778 0.5183662280701754 0.010051169590643274 0.016721491228070175
0 0.6794590643274854 0.5201480263157895 0.015533625730994151 0.013706140350877192
0 0.7444261695906432 0.5227521929824561 0.007675438596491228 0.01781798245614035
0 0.7629751461988303 0.5180921052631579 0.0133406432748538 0.00849780701754386
0 0.6425438596491229 0.5233004385964912 0.010782163742690058 0.015625
0 0.2671783625730994 0.5245339912280702 0.012244152046783625 0.01644736842105263
0 0.2733918128654971 0.5275493421052632 0.014437134502923976 0.013157894736842105
0 0.7266995614035088 0.5224780701754386 0.008771929824561403 0.012335526315789474
0 0.6976425438596491 0.5272752192982456 0.006578947368421052 0.01864035087719298
0 0.7550255847953217 0.5361842105263157 0.014985380116959063 0.036458333333333336
0 0.7369334795321638 0.5280975877192983 0.01023391812865497 0.01864035087719298
0 0.6708698830409356 0.5290570175438597 0.016264619883040937 0.017269736842105265
0 0.23620248538011696 0.5311472039473685 0.012426900584795321 0.019805372807017545
0 0.7329130116959064 0.5313870614035088 0.008406432748538011 0.018092105263157895
0 0.7659904970760234 0.5274122807017544 0.01425438596491228 0.009594298245614035
0 0.7028508771929824 0.5357730263157895 0.010782163742690058 0.020833333333333332
0 0.6557017543859649 0.5364583333333334 0.008223684210526315 0.016721491228070175
0 0.6674890350877193 0.5375548245614036 0.01023391812865497 0.01836622807017544
0 0.7239583333333334 0.5363212719298246 0.008406432748538011 0.015899122807017545
0 0.710343567251462 0.5375548245614035 0.012609649122807017 0.01617324561403509
0 0.7161915204678363 0.5385142543859649 0.010782163742690058 0.015899122807017545
0 0.7452485380116959 0.5375548245614035 0.012244152046783625 0.014528508771929825
0 0.7660818713450293 0.5389254385964912 0.011513157894736841 0.011787280701754386
0 0.7509137426900585 0.5434484649122807 0.00712719298245614 0.018092105263157895
0 0.8097587719298246 0.5483826754385965 0.008589181286549707 0.023026315789473683
0 0.6389802631578948 0.5476973684210525 0.008771929824561403 0.0200109649122807
0 0.40369152046783624 0.5494791666666667 0.007492690058479532 0.01864035087719298
0 0.7239583333333334 0.5475603070175439 0.014985380116959063 0.014802631578947368
0 0.41154970760233917 0.5508497807017544 0.011513157894736841 0.019736842105263157
0 0.7330957602339182 0.548108552631579 0.011330409356725146 0.01425438596491228
0 0.7685489766081871 0.548656798245614 0.016812865497076022 0.01206140350877193
0 0.7455226608187134 0.5524945175438597 0.012426900584795321 0.01864035087719298
0 0.3511970029239766 0.5538651315789473 0.011056286549707603 0.020833333333333332
0 0.45879020467836257 0.5494791666666666 0.012792397660818713 0.01206140350877193
0 0.8169773391812866 0.5518092105263158 0.0062134502923976605 0.016721491228070175
0 0.47112573099415206 0.5501644736842105 0.014802631578947368 0.012335526315789474
0 0.5153508771929824 0.5537280701754387 0.008223684210526315 0.018914473684210526
0 0.4898574561403509 0.5548245614035088 0.009137426900584795 0.0200109649122807
0 0.5737390350877193 0.553453947368421 0.010599415204678362 0.016721491228070175
0 0.6012426900584795 0.5508497807017544 0.007858187134502924 0.011513157894736841
0 0.7802448830409356 0.5512609649122806 0.015716374269005847 0.011787280701754386
0 0.34274488304093564 0.5568804824561403 0.009868421052631578 0.022478070175438597
0 0.7142726608187134 0.5549616228070176 0.01608187134502924 0.01699561403508772
0 0.6168676900584795 0.5556469298245614 0.007675438596491228 0.01617324561403509
0 0.4225146198830409 0.5575657894736843 0.010051169590643274 0.01836622807017544
0 0.37911184210526316 0.5563322368421052 0.010599415204678362 0.012609649122807017
0 0.6638340643274854 0.5593475877192983 0.010599415204678362 0.01918859649122807
0 0.5877192982456141 0.5605811403508771 0.007858187134502924 0.021107456140350877
0 0.6724232456140351 0.5592105263157895 0.006944444444444444 0.017269736842105265
0 0.35773026315789475 0.5583881578947368 0.012792397660818713 0.014528508771929825
0 0.3697688230994152 0.5596217105263158 0.009548611111111112 0.01699561403508772
0 0.39226973684210525 0.5572916666666666 0.015716374269005847 0.011787280701754386
0 0.5093201754385965 0.5587993421052632 0.00712719298245614 0.014802631578947368
0 0.46308479532163743 0.5612664473684211 0.015899122807017545 0.01864035087719298
0 0.565515350877193 0.5615405701754387 0.00804093567251462 0.01918859649122807
0 0.652046783625731 0.5586622807017544 0.006396198830409356 0.01343201754385965
0 0.44800804093567254 0.560718201754386 0.008406432748538011 0.01644736842105263
0 0.6234466374269005 0.5623629385964912 0.007675438596491228 0.019736842105263157
0 0.6853983918128655 0.5625 0.010964912280701754 0.02055921052631579
0 0.27942251461988304 0.5622258771929824 0.010416666666666666 0.01781798245614035
0 0.2739400584795321 0.5609923245614035 0.010051169590643274 0.013157894736842105
0 0.304093567251462 0.5635964912280702 0.009685672514619883 0.019462719298245616
0 0.492781432748538 0.5648300438596491 0.01023391812865497 0.022478070175438597
0 0.6309393274853802 0.5626370614035088 0.008406432748538011 0.01864035087719298
0 0.3111293859649123 0.5631853070175439 0.008406432748538011 0.018092105263157895
0 0.1831140350877193 0.5627741228070176 0.006030701754385965 0.016721491228070175
0 0.6050804093567251 0.5635964912280702 0.00932017543859649 0.01836622807017544
0 0.6376096491228069 0.5625 0.005299707602339181 0.015625
0 0.4144736842105263 0.5640076754385965 0.008589181286549707 0.017543859649122806
0 0.19069809941520469 0.5645559210526316 0.008406432748538011 0.01699561403508772
0 0.5253106725146198 0.5653782894736842 0.007309941520467836 0.019736842105263157
0 0.20577485380116958 0.5668859649122807 0.007858187134502924 0.021107456140350877
0 0.29641812865497075 0.5645559210526316 0.010782163742690058 0.01699561403508772
0 0.2890168128654971 0.5664747807017544 0.01023391812865497 0.01918859649122807
0 0.19892178362573099 0.5671600877192983 0.006944444444444444 0.019462719298245616
0 0.5327119883040935 0.5677083333333333 0.006761695906432748 0.0200109649122807
0 0.32090643274853803 0.5668859649122807 0.007858187134502924 0.016721491228070175
0 0.7148209064327485 0.568530701754386 0.01206140350877193 0.019462719298245616
0 0.46884137426900585 0.5681195175438597 0.009502923976608187 0.018092105263157895
0 0.48181652046783624 0.5683936403508772 0.00804093567251462 0.01918859649122807
0 0.5195540935672515 0.576343201754386 0.008954678362573099 0.03453947368421053
0 0.6457419590643275 0.5693530701754386 0.009868421052631578 0.02055921052631579
0 0.3802083333333333 0.5683936403508772 0.006578947368421052 0.017543859649122806
0 0.39702119883040937 0.5638706140350878 0.015350877192982455 0.009046052631578948
0 0.4241593567251462 0.5686677631578948 0.006761695906432748 0.018092105263157895
0 0.41675804093567254 0.5789473684210527 0.009137426900584795 0.010142543859649123
0 0.5407529239766082 0.5714089912280702 0.007492690058479532 0.023574561403508772
0 0.2617872807017544 0.5664747807017544 0.005847953216374269 0.013157894736842105
0 0.5828764619883041 0.5689418859649124 0.010599415204678362 0.018092105263157895
0 0.16812865497076024 0.5707236842105262 0.009685672514619883 0.0200109649122807
0 0.1758954678362573 0.572094298245614 0.008771929824561403 0.022203947368421052
0 0.49735014619883045 0.5705866228070176 0.009137426900584795 0.01918859649122807
0 0.3263888888888889 0.5707236842105263 0.008589181286549707 0.018914473684210526
0 0.3358114035087719 0.5685307017543859 0.01094298245614037 0.015076754385964912
0 0.5725511695906433 0.5715460526315789 0.008954678362573099 0.021107456140350877
0 0.5037463450292398 0.5697642543859649 0.009137426900584795 0.01644736842105263
0 0.6921600877192983 0.5653782894736842 0.011330409356725146 0.007675438596491228
0 0.6993786549707602 0.5701754385964912 0.010782163742690058 0.016721491228070175
0 0.22697368421052633 0.5725054824561403 0.010051169590643274 0.020285087719298246
0 0.21747076023391812 0.5778508771929824 0.01114766081871345 0.02055921052631579
0 0.5974049707602339 0.5723684210526316 0.00712719298245614 0.018914473684210526
0 0.23830409356725146 0.5716831140350878 0.006396198830409356 0.01699561403508772
0 0.23108552631578946 0.5856633771929824 0.011330409356725146 0.015899122807017545
0 0.36330409356725146 0.5696271929824561 0.008589181286549707 0.011787280701754386
0 0.3727156432748538 0.5714089912280702 0.00804093567251462 0.015899122807017545
0 0.24853801169590645 0.5738760964912281 0.007858187134502924 0.019736842105263157
0 0.4283625730994152 0.5723684210526316 0.00932017543859649 0.01617324561403509
0 0.25603070175438597 0.5737390350877193 0.008589181286549707 0.01836622807017544
0 0.390625 0.5692160087719299 0.014619883040935672 0.009868421052631578
0 0.3854166666666667 0.5778508771929824 0.015899122807017545 0.010142543859649123
0 0.3548976608187135 0.5707236842105263 0.008954678362573099 0.011239035087719298
0 0.45248538011695905 0.573327850877193 0.008223684210526315 0.01699561403508772
0 0.5486111111111112 0.5760690789473684 0.009685672514619883 0.021929824561403508
0 0.6633771929824561 0.5753837719298245 0.008954678362573099 0.0200109649122807
0 0.7379385964912281 0.576891447368421 0.008954678362573099 0.023026315789473683
0 0.31131213450292394 0.5749725877192983 0.010964912280701754 0.018092105263157895
0 0.7093384502923976 0.575109649122807 0.006944444444444444 0.016721491228070175
0 0.4341191520467836 0.576891447368421 0.006578947368421052 0.019736842105263157
0 0.43046418128654973 0.5816885964912281 0.004751461988304093 0.012335526315789474
0 0.619608918128655 0.578125 0.010964912280701754 0.022203947368421052
0 0.27028508771929827 0.5767543859649124 0.008589181286549707 0.01781798245614035
0 0.26142178362573104 0.5790844298245614 0.013157894736842105 0.011513157894736841
0 0.26480263157894735 0.5866228070175439 0.006030701754385965 0.005756578947368421
0 0.2538377192982456 0.5893640350877193 0.01663011695906433 0.010142543859649123
0 0.2588633040935672 0.59375 0.007675438596491228 0.011239035087719298
0 0.24853801169590642 0.5982730263157895 0.01516812865497076 0.009868421052631578
0 0.2459795321637427 0.6029331140350878 0.015533625730994151 0.00932017543859649
0 0.2801763523391813 0.5758292214912281 0.009731359649122808 0.016241776315789474
0 0.2092470760233918 0.5770285087719299 0.012975146198830409 0.01781798245614035
0 0.6888706140350878 0.5762061403508771 0.010964912280701754 0.015076754385964912
0 0.2296235380116959 0.5790844298245613 0.010599415204678362 0.020285087719298246
0 0.34375 0.5777138157894737 0.006761695906432748 0.018092105263157895
0 0.3448464912280702 0.5903234649122807 0.012244152046783625 0.007675438596491228
0 0.40853435672514615 0.575657894736842 0.009868421052631578 0.013980263157894737
0 0.4453581871345029 0.5783991228070176 0.00712719298245614 0.018914473684210526
0 0.5635964912280702 0.5786732456140351 0.008589181286549707 0.018914473684210526
0 0.591282894736842 0.5773026315789473 0.0062134502923976605 0.017269736842105265
0 0.3516081871345029 0.5782620614035088 0.010416666666666666 0.01644736842105263
0 0.43969298245614036 0.575109649122807 0.004203216374269006 0.010142543859649123
0 0.44197733918128657 0.5867598684210527 0.008771929824561403 0.01644736842105263
0 0.4438961988304093 0.6056743421052632 0.006396198830409356 0.023026315789473683
0 0.4498355263157895 0.6037554824561403 0.005847953216374269 0.014802631578947368
0 0.1871345029239766 0.5775767543859649 0.007492690058479532 0.014528508771929825
0 0.5530884502923976 0.5804550438596491 0.011695906432748537 0.019736842105263157
0 0.842013888888889 0.5786732456140351 0.01608187134502924 0.01617324561403509
0 0.30272295321637427 0.5783991228070176 0.01023391812865497 0.014528508771929825
0 0.6309393274853801 0.5756578947368421 0.013523391812865496 0.009594298245614035
0 0.6709612573099416 0.5818256578947368 0.01023391812865497 0.02138157894736842
0 0.2953216374269006 0.5801809210526316 0.008589181286549707 0.017543859649122806
0 0.6370614035087719 0.5794956140350878 0.010416666666666666 0.01617324561403509
0 0.6470211988304094 0.5807291666666666 0.011330409356725146 0.014802631578947368
0 0.13432017543859648 0.5816885964912282 0.00932017543859649 0.019462719298245616
0 0.14629020467836257 0.5783991228070176 0.01206140350877193 0.012883771929824562
0 0.1474780701754386 0.592516447368421 0.005299707602339181 0.020285087719298246
0 0.18009868421052633 0.5819627192982456 0.009868421052631578 0.018914473684210526
0 0.813048245614035 0.5831962719298246 0.011878654970760233 0.022478070175438597
0 0.8578216374269007 0.5837445175438597 0.010782163742690058 0.023026315789473683
0 0.4600694444444445 0.5814144736842105 0.00804093567251462 0.017269736842105265
0 0.7312682748538012 0.5815515350877193 0.0062134502923976605 0.017543859649122806
0 0.5137061403508771 0.5822368421052632 0.006030701754385965 0.01781798245614035
0 0.6081871345029239 0.5827850877192983 0.013706140350877192 0.019462719298245616
0 0.7044042397660819 0.5845668859649122 0.008771929824561403 0.022478070175438597
0 0.40460526315789475 0.5801809210526315 0.007858187134502924 0.012609649122807017
0 0.5370979532163743 0.5844298245614035 0.008954678362573099 0.0200109649122807
0 0.7459795321637427 0.5827850877192983 0.007858187134502924 0.017269736842105265
0 0.7647112573099415 0.5845668859649122 0.007675438596491228 0.020833333333333332
0 0.24022295321637427 0.5822368421052632 0.008771929824561403 0.015076754385964912
0 0.2408625730994152 0.5905975877192983 0.0133406432748538 0.01699561403508772
0 0.8884320175438596 0.5847039473684211 0.012426900584795321 0.019462719298245616
0 0.48501461988304095 0.5836074561403509 0.008954678362573099 0.016721491228070175
0 0.3149671052631579 0.5822368421052632 0.009502923976608187 0.012883771929824562
0 0.6573464912280701 0.5834703947368421 0.012244152046783625 0.015350877192982455
0 0.6800986842105263 0.5830592105263158 0.008771929824561403 0.014528508771929825
0 0.6792763157894738 0.5915570175438596 0.01114766081871345 0.0200109649122807
0 0.7234100877192982 0.5882675438596492 0.011695906432748537 0.024396929824561403
0 0.3651315789473684 0.5820997807017544 0.012244152046783625 0.010964912280701754
0 0.3942799707602339 0.5797697368421052 0.01023391812865497 0.006853070175438596
0 0.4768823099415205 0.5844298245614035 0.006944444444444444 0.015625
0 0.576388888888889 0.5862116228070174 0.008589181286549707 0.019736842105263157
0 0.7869152046783626 0.5860745614035088 0.010782163742690058 0.019462719298245616
0 0.1915204678362573 0.5856633771929824 0.013706140350877192 0.01699561403508772
0 0.19334795321637427 0.5963541666666666 0.017726608187134504 0.00712719298245614
0 0.2888340643274854 0.5851151315789473 0.008406432748538011 0.015899122807017545
0 0.336531432748538 0.5844298245614035 0.006578947368421052 0.015076754385964912
0 0.3732638888888889 0.5873081140350876 0.008406432748538011 0.020285087719298246
0 0.4674707602339181 0.5836074561403508 0.010051169590643274 0.012883771929824562
0 0.9105445906432749 0.5873081140350876 0.011330409356725146 0.019736842105263157
0 0.15542763157894737 0.5859375 0.009868421052631578 0.01699561403508772
0 0.31815423976608187 0.5863144188596491 0.011491228070175458 0.016927083333333332
0 0.8685124269005848 0.5882675438596491 0.01023391812865497 0.02055921052631579
0 0.1629203216374269 0.5882675438596491 0.007675438596491228 0.02055921052631579
0 0.8252010233918129 0.587171052631579 0.009502923976608187 0.01781798245614035
0 0.5016447368421053 0.5845668859649124 0.009685672514619883 0.011513157894736841
0 0.7584978070175439 0.5892269736842105 0.00804093567251462 0.02138157894736842
0 0.451937134502924 0.5903234649122807 0.008223684210526315 0.021929824561403508
0 0.3578216374269006 0.587171052631579 0.010782163742690058 0.015076754385964912
0 0.3560855263157895 0.5960800438596492 0.008406432748538011 0.01918859649122807
0 0.7790570175438596 0.5895010964912281 0.006396198830409356 0.019736842105263157
0 0.1253654970760234 0.5905975877192982 0.009685672514619883 0.020285087719298246
0 0.42086988304093564 0.5841557017543859 0.006761695906432748 0.007401315789473684
0 0.6437317251461989 0.5878563596491228 0.010599415204678362 0.01425438596491228
0 0.689327485380117 0.5890899122807017 0.008223684210526315 0.01781798245614035
0 0.4004934210526315 0.5867598684210525 0.005847953216374269 0.01206140350877193
0 0.6955409356725146 0.5926535087719298 0.012609649122807017 0.023300438596491228
0 0.7491776315789475 0.5892269736842105 0.01023391812865497 0.015899122807017545
0 0.17114400584795322 0.5890899122807017 0.007675438596491228 0.015625
0 0.6058114035087719 0.5914199561403508 0.0133406432748538 0.019736842105263157
0 0.8534356725146199 0.5930646929824561 0.008223684210526315 0.023026315789473683
0 0.38834064327485385 0.5908717105263158 0.01699561403508772 0.017543859649122806
0 0.4244334795321637 0.5910087719298246 0.01023391812865497 0.016721491228070175
0 0.5540021929824561 0.5941611842105263 0.006944444444444444 0.023026315789473683
0 0.5478801169590642 0.5986842105263158 0.012244152046783625 0.01836622807017544
0 0.5922880116959065 0.5933388157894737 0.01114766081871345 0.02138157894736842
0 0.28243786549707606 0.5897752192982456 0.012792397660818713 0.013157894736842105
0 0.26937134502923976 0.5896381578947368 0.013706140350877192 0.010142543859649123
0 0.5638706140350878 0.5899122807017544 0.011695906432748537 0.013980263157894737
0 0.62984283625731 0.5914199561403509 0.00804093567251462 0.01699561403508772
0 0.796235380116959 0.5941611842105263 0.007858187134502924 0.021929824561403508
0 0.11047149122807018 0.5926535087719299 0.008771929824561403 0.01836622807017544
0 0.37664473684210525 0.593201754385965 0.011513157894736841 0.019462719298245616
0 0.5833333333333334 0.5945723684210527 0.00712719298245614 0.021655701754385966
0 0.772843567251462 0.5947094298245613 0.008954678362573099 0.020833333333333332
0 0.804093567251462 0.5958059210526315 0.007858187134502924 0.023574561403508772
0 0.8360745614035088 0.59375 0.008589181286549707 0.019462719298245616
0 0.21975511695906433 0.5932017543859649 0.009502923976608187 0.016721491228070175
0 0.3287646198830409 0.5914199561403508 0.010051169590643274 0.013157894736842105
0 0.3358004385964912 0.596765350877193 0.01608187134502924 0.00849780701754386
0 0.3253837719298246 0.6009799890350876 0.005847953216374269 0.00815515350877193
0 0.8451206140350878 0.5956688596491228 0.008406432748538011 0.022203947368421052
0 0.20166301169590645 0.588952850877193 0.01644736842105263 0.00712719298245614
0 0.4091739766081871 0.5927905701754386 0.006030701754385965 0.015350877192982455
0 0.41584429824561403 0.5941611842105263 0.0062134502923976605 0.018092105263157895
0 0.7099780701754386 0.5933388157894737 0.012975146198830409 0.01644736842105263
0 0.7074195906432749 0.6048519736842105 0.012609649122807017 0.013157894736842105
0 0.7025767543859649 0.612390350877193 0.021929824561403508 0.01617324561403509
0 0.17973318713450293 0.5929276315789473 0.013523391812865496 0.013980263157894737
0 0.18055555555555555 0.6015625 0.013706140350877192 0.008771929824561403
0 0.49004020467836257 0.5956688596491229 0.006944444444444444 0.018914473684210526
0 0.14035087719298245 0.5963541666666667 0.007492690058479532 0.01918859649122807
0 0.14144736842105265 0.6091008771929824 0.008589181286549707 0.0200109649122807
0 0.53125 0.5955317982456141 0.012244152046783625 0.01644736842105263
0 0.364766081871345 0.5969024122807018 0.007858187134502924 0.01864035087719298
0 0.40423976608187134 0.5947094298245614 0.004934210526315789 0.014802631578947368
0 0.509046052631579 0.5952576754385965 0.007309941520467836 0.015899122807017545
0 0.4365862573099415 0.5934758771929824 0.006396198830409356 0.01069078947368421
0 0.4956140350877193 0.596217105263158 0.006396198830409356 0.016721491228070175
0 0.6503106725146198 0.5953947368421053 0.012426900584795321 0.015076754385964912
0 0.644828216374269 0.6103344298245614 0.009137426900584795 0.015899122807017545
0 0.15743786549707603 0.5934758771929824 0.005482456140350877 0.010142543859649123
0 0.2964181286549708 0.5964912280701754 0.005299707602339181 0.01617324561403509
0 0.6227156432748538 0.5962171052631579 0.014985380116959063 0.015076754385964912
0 0.6231725146198831 0.6034813596491229 0.011513157894736841 0.008771929824561403
0 0.7828947368421053 0.5975877192982456 0.008589181286549707 0.01781798245614035
0 0.10133406432748537 0.5977247807017544 0.01023391812865497 0.01699561403508772
0 0.42690058479532167 0.5963541666666666 0.012609649122807017 0.01425438596491228
0 0.2810672514619883 0.5944517543859649 0.010782163742690058 0.010932017543859678
0 0.3932748538011696 0.5979989035087719 0.005299707602339181 0.008771929824561403
0 0.7402229532163742 0.5990953947368421 0.006578947368421052 0.01864035087719298
0 0.7490862573099415 0.6000548245614035 0.01516812865497076 0.012335526315789474
0 0.46655701754385964 0.5936129385964912 0.014071637426900584 0.00712719298245614
0 0.6034356725146199 0.5979989035087719 0.007858187134502924 0.015350877192982455
0 0.501827485380117 0.6000548245614036 0.006396198830409356 0.01836622807017544
0 0.5950292397660819 0.5981359649122807 0.008223684210526315 0.014528508771929825
0 0.7314510233918129 0.6016995614035088 0.009868421052631578 0.022203947368421052
0 0.2720211988304093 0.6000548245614036 0.0062134502923976605 0.017269736842105265
0 0.27558479532163743 0.6054002192982456 0.006761695906432748 0.021929824561403508
0 0.20906432748538012 0.5960800438596491 0.012975146198830409 0.008223684210526315
0 0.5230263157894737 0.5993695175438597 0.006030701754385965 0.015350877192982455
0 0.6593567251461988 0.5988212719298246 0.007492690058479532 0.01425438596491228
0 0.4808114035087719 0.5960800438596491 0.010416666666666666 0.00712719298245614
0 0.08461257309941521 0.6103344298245614 0.012609649122807017 0.03508771929824561
0 0.654422514619883 0.5984100877192983 0.006761695906432748 0.01069078947368421
0 0.2312682748538012 0.5997807017543859 0.012426900584795321 0.012335526315789474
0 0.34722222222222227 0.6021107456140351 0.009685672514619883 0.01644736842105263
0 0.08104897660818713 0.6024191337719299 0.005482456140350877 0.014871162280701754
0 0.11741593567251463 0.6008771929824561 0.007309941520467836 0.012883771929824562
0 0.11156798245614036 0.6056743421052632 0.0043859649122807015 0.011513157894736841
0 0.29175804093567254 0.6043037280701754 0.00804093567251462 0.019736842105263157
0 0.3954678362573099 0.6025219298245614 0.010782163742690058 0.01617324561403509
0 0.3963815789473684 0.6086896929824561 0.011878654970760233 0.017543859649122806
0 0.4637244152046784 0.6001918859649124 0.012792397660818713 0.010964912280701754
0 0.16419956140350878 0.6033442982456141 0.00804093567251462 0.01617324561403509
0 0.3177997076023392 0.6007401315789475 0.008954678362573099 0.010964912280701754
0 0.6649305555555555 0.6021107456140351 0.012792397660818713 0.013706140350877192
0 0.26114766081871343 0.6089638157894738 0.014071637426900584 0.0268640350877193
0 0.266812865497076 0.6111567982456141 0.010051169590643274 0.023574561403508772
0 0.38687865497076024 0.6055372807017544 0.006761695906432748 0.0200109649122807
0 0.38011695906432746 0.6078673245614036 0.007492690058479532 0.01918859649122807
0 0.47249634502923976 0.5986842105263157 0.005482456140350877 0.005756578947368421
0 0.47213084795321636 0.6070449561403508 0.0062134502923976605 0.01206140350877193
0 0.09384137426900585 0.6019736842105263 0.006944444444444444 0.011239035087719298
0 0.09274488304093567 0.6174616228070176 0.0062134502923976605 0.020285087719298246
0 0.7671783625730995 0.6067708333333333 0.007858187134502924 0.02138157894736842
0 0.15085891812865498 0.6048519736842105 0.008406432748538011 0.015350877192982455
0 0.30665204678362573 0.6054002192982456 0.012975146198830409 0.017543859649122806
0 0.5636878654970761 0.604577850877193 0.01608187134502924 0.014802631578947368
0 0.5744700292397661 0.6064967105263158 0.008406432748538011 0.01918859649122807
0 0.787828947368421 0.6062225877192983 0.008954678362573099 0.018092105263157895
0 0.7850877192982456 0.6206140350877193 0.010782163742690058 0.016721491228070175
0 0.3358918128654971 0.6023163377192983 0.014802631578947368 0.009457236842105263
0 0.32721125730994155 0.6160910087719298 0.00804093567251462 0.021929824561403508
0 0.3508771929824561 0.6082785087719298 0.010051169590643274 0.021655701754385966
0 0.5317068713450293 0.6040296052631579 0.015716374269005847 0.013157894736842105
0 0.718201754385965 0.606359649122807 0.011513157894736841 0.017269736842105265
0 0.8576388888888888 0.6048519736842105 0.0133406432748538 0.015350877192982455
0 0.06311677631578948 0.6016995614035088 0.017132675438596492 0.007401315789473684
0 0.16611842105263158 0.6082785087719298 0.012609649122807017 0.02055921052631579
0 0.4378654970760234 0.608141447368421 0.005299707602339181 0.020285087719298246
0 0.8858735380116959 0.608141447368421 0.009137426900584795 0.020833333333333332
0 0.13121345029239764 0.6048519736842105 0.00932017543859649 0.013157894736842105
0 0.12134502923976608 0.606359649122807 0.015533625730994151 0.011239035087719298
0 0.43220029239766083 0.6074561403508772 0.004934210526315789 0.01836622807017544
0 0.5130665204678363 0.6091008771929824 0.007309941520467836 0.021107456140350877
0 0.07163742690058479 0.6036184210526316 0.012609649122807017 0.009594298245614035
0 0.15679824561403508 0.6082785087719299 0.008954678362573099 0.018914473684210526
0 0.4575109649122807 0.6038925438596492 0.007309941520467836 0.009594298245614035
0 0.4639071637426901 0.6060855263157895 0.009137426900584795 0.009046052631578948
0 0.8211805555555555 0.6088267543859649 0.019736842105263157 0.0200109649122807
0 0.47870979532163743 0.6088267543859649 0.007675438596491228 0.01836622807017544
0 0.4861111111111111 0.6121162280701754 0.010782163742690058 0.02275219298245614
0 0.6324926900584795 0.608826754385965 0.00712719298245614 0.018914473684210526
0 0.7606907894736842 0.6082785087719299 0.005847953216374269 0.01781798245614035
0 0.7580409356725146 0.617735745614035 0.011513157894736841 0.019736842105263157
0 0.7667214912280702 0.6255482456140351 0.006944444444444444 0.018914473684210526
0 0.18850511695906433 0.6096491228070176 0.007675438596491228 0.019462719298245616
0 0.19526681286549707 0.6052631578947368 0.006944444444444444 0.010142543859649123
0 0.19919590643274854 0.6082785087719298 0.0133406432748538 0.016721491228070175
0 0.18841374269005848 0.6218475877192983 0.008223684210526315 0.017543859649122806
0 0.2814327485380117 0.6095120614035088 0.00712719298245614 0.01864035087719298
0 0.8758223684210525 0.6126644736842105 0.012792397660818713 0.024945175438596492
0 0.6891447368421052 0.6096491228070176 0.00712719298245614 0.01781798245614035
0 0.7999817251461988 0.6110197368421052 0.008406432748538011 0.021107456140350877
0 0.794499269005848 0.6143092105263158 0.008406432748538011 0.016721491228070175
0 0.2879660087719298 0.6099232456140351 0.007218567251461988 0.017269736842105265
0 0.6381578947368421 0.6100603070175439 0.007492690058479532 0.017543859649122806
0 0.8412828947368421 0.6103344298245614 0.007309941520467836 0.018092105263157895
0 0.09987207602339182 0.609375 0.0062134502923976605 0.015076754385964912
0 0.309484649122807 0.612390350877193 0.01023391812865497 0.02055921052631579
0 0.4100877192982456 0.6064967105263158 0.014071637426900584 0.009868421052631578
0 0.6662097953216374 0.6092379385964912 0.012792397660818713 0.014802631578947368
0 0.6758040935672515 0.6104714912280702 0.007858187134502924 0.017269736842105265
0 0.2296235380116959 0.608141447368421 0.011695906432748537 0.01206140350877193
0 0.4943347953216374 0.6132127192982456 0.006030701754385965 0.022203947368421052
0 0.8678728070175439 0.6138980263157895 0.008954678362573099 0.023026315789473683
0 0.17297149122807018 0.6101973684210527 0.005847953216374269 0.014528508771929825
0 0.16767178362573099 0.6151315789473684 0.005847953216374269 0.01343201754385965
0 0.42690058479532167 0.610608552631579 0.005665204678362573 0.015899122807017545
0 0.08808479532163743 0.6108826754385965 0.006761695906432748 0.014802631578947368
0 0.08369883040935673 0.6271929824561403 0.013706140350877192 0.0200109649122807
0 0.1049890350877193 0.6119791666666667 0.007675438596491228 0.01699561403508772
0 0.13404605263157895 0.6118421052631579 0.0062134502923976605 0.015625
0 0.13655884502923976 0.6251370614035088 0.009594298245614035 0.01644736842105263
0 0.3626644736842105 0.6145833333333333 0.010599415204678362 0.021107456140350877
0 0.3565423976608187 0.6340460526315789 0.01516812865497076 0.0200109649122807
0 0.5058479532163742 0.6126644736842105 0.006396198830409356 0.01781798245614035
0 0.507218567251462 0.6322642543859649 0.006944444444444444 0.022478070175438597
0 0.6510416666666666 0.6108826754385964 0.01206140350877193 0.01425438596491228
0 0.6504934210526316 0.6221217105263157 0.01608187134502924 0.02138157894736842
0 0.17982456140350878 0.6118421052631579 0.009685672514619883 0.014528508771929825
0 0.3707054093567252 0.614720394736842 0.009502923976608187 0.020833333333333332
0 0.5179093567251463 0.6163651315789473 0.00932017543859649 0.023574561403508772
0 0.5338998538011697 0.6128015350877193 0.009868421052631578 0.01644736842105263
0 0.540844298245614 0.6128015350877193 0.012426900584795321 0.01644736842105263
0 0.7481725146198831 0.615953947368421 0.01114766081871345 0.02275219298245614
0 0.8327850877192983 0.6128015350877193 0.010051169590643274 0.01644736842105263
0 0.3139619883040936 0.6173245614035088 0.009685672514619883 0.024945175438596492
0 0.05436769005847953 0.6126644736842105 0.02010233918128655 0.013980263157894737
0 0.061769005847953216 0.627467105263158 0.008954678362573099 0.017269736842105265
0 0.24259868421052633 0.6096491228070176 0.014619883040935672 0.007949561403508772
0 0.29714912280701755 0.6166392543859649 0.006761695906432748 0.021929824561403508
0 0.5796783625730995 0.6108826754385965 0.010782163742690058 0.010416666666666666
0 0.5878106725146198 0.6121162280701754 0.013888888888888888 0.01343201754385965
0 0.6033442982456141 0.6100603070175439 0.015716374269005847 0.008771929824561403
0 0.609375 0.6173245614035088 0.015350877192982455 0.011239035087719298
0 0.07337353801169591 0.610608552631579 0.0062134502923976605 0.008223684210526315
0 0.0672514619883041 0.6189692982456141 0.00712719298245614 0.019462719298245616
0 0.07063230994152046 0.6233552631578947 0.005482456140350877 0.01617324561403509
0 0.33433845029239767 0.6158168859649122 0.008406432748538011 0.019736842105263157
0 0.3404605263157895 0.6175986842105263 0.008954678362573099 0.02275219298245614
0 0.6834795321637427 0.6130756578947368 0.00712719298245614 0.01425438596491228
0 0.7724780701754386 0.6151315789473685 0.006396198830409356 0.01781798245614035
0 0.778874269005848 0.6165021929824561 0.007492690058479532 0.02055921052631579
0 0.8935489766081872 0.6167763157894737 0.009868421052631578 0.021655701754385966
0 0.2256030701754386 0.6160910087719299 0.00804093567251462 0.01918859649122807
0 0.5650584795321638 0.6152686403508772 0.00932017543859649 0.01644736842105263
0 0.6220760233918128 0.6163651315789475 0.011878654970760233 0.018092105263157895
0 0.3202439692982456 0.6162116228070176 0.010188230994152047 0.022236842105263128
0 0.4210526315789474 0.6163651315789473 0.009685672514619883 0.01699561403508772
0 0.07693713450292397 0.6188322368421052 0.007858187134502924 0.02138157894736842
0 0.25603070175438597 0.6233552631578947 0.011513157894736841 0.03042763157894737
0 0.4590643274853801 0.6186951754385965 0.007492690058479532 0.019462719298245616
0 0.5474232456140351 0.6162280701754386 0.013888888888888888 0.015076754385964912
0 0.7395833333333334 0.618421052631579 0.007858187134502924 0.019462719298245616
0 0.806469298245614 0.6186951754385965 0.011878654970760233 0.019462719298245616
0 0.35352704678362573 0.6203399122807017 0.006578947368421052 0.021655701754385966
0 0.4064327485380117 0.6129385964912281 0.0133406432748538 0.006853070175438596
0 0.12408625730994152 0.6165021929824561 0.012609649122807017 0.012883771929824562
0 0.11842105263157894 0.6196546052631579 0.012244152046783625 0.01206140350877193
0 0.1432748538011696 0.6207510964912281 0.006396198830409356 0.02138157894736842
0 0.5000913742690059 0.6208881578947368 0.007675438596491228 0.021655701754385966
0 0.46500365497076024 0.6192434210526316 0.005847953216374269 0.01781798245614035
0 0.6668494152046784 0.6208881578947368 0.010051169590643274 0.02055921052631579
0 0.6812865497076024 0.6196546052631579 0.00932017543859649 0.01644736842105263
0 0.21198830409356725 0.6239035087719298 0.010051169590643274 0.023300438596491228
0 0.8555372807017544 0.6204769736842105 0.017543859649122806 0.01699561403508772
0 0.10800438596491228 0.6233552631578947 0.008223684210526315 0.021655701754385966
0 0.2412280701754386 0.622532894736842 0.010051169590643274 0.0200109649122807
0 0.23675073099415203 0.6259594298245613 0.007309941520467836 0.020833333333333332
0 0.1499451754385965 0.6203399122807017 0.006578947368421052 0.013980263157894737
0 0.17680921052631576 0.6207510964912281 0.008771929824561403 0.015350877192982455
0 0.4064327485380117 0.6230811403508772 0.007858187134502924 0.019462719298245616
0 0.5987755847953217 0.6217105263157895 0.00804093567251462 0.01617324561403509
0 0.24798976608187134 0.6241776315789473 0.008589181286549707 0.02055921052631579
0 0.4720394736842105 0.6218475877192983 0.007858187134502924 0.015899122807017545
0 0.47770467836257313 0.6239035087719299 0.009685672514619883 0.01836622807017544
0 0.48866959064327486 0.6197916666666666 0.005665204678362573 0.012335526315789474
0 0.7256030701754386 0.6195175438596492 0.012426900584795321 0.011239035087719298
0 0.7160087719298246 0.6192434210526316 0.00932017543859649 0.009046052631578948
0 0.7236842105263158 0.6254797149122807 0.007492690058479532 0.007538377192982456
0 0.7366593567251463 0.6240405701754386 0.008954678362573099 0.020285087719298246
0 0.05016447368421052 0.6199287280701755 0.012426900584795321 0.010964912280701754
0 0.045961257309941515 0.6322642543859649 0.01206140350877193 0.015350877192982455
0 0.21756213450292397 0.6228070175438597 0.006944444444444444 0.016721491228070175
0 0.23135964912280702 0.6208881578947368 0.003837719298245614 0.011787280701754386
0 0.30308845029239767 0.624451754385965 0.006578947368421052 0.018914473684210526
0 0.09576023391812864 0.6260964912280701 0.00932017543859649 0.021655701754385966
0 0.4548611111111111 0.6256853070175438 0.00712719298245614 0.020833333333333332
0 0.41209795321637427 0.6260964912280701 0.007858187134502924 0.02055921052631579
0 0.6596308479532164 0.6244517543859649 0.005116959064327485 0.016721491228070175
0 0.19353070175438594 0.6269188596491228 0.008954678362573099 0.021107456140350877
0 0.42891081871345027 0.6259594298245614 0.006761695906432748 0.01864035087719298
0 0.5268640350877193 0.6278782894736842 0.007858187134502924 0.022478070175438597
0 0.5539108187134503 0.6270559210526315 0.008223684210526315 0.020833333333333332
0 0.5783077485380117 0.6208881578947368 0.009502923976608187 0.009046052631578948
0 0.6309393274853802 0.6254111842105263 0.01023391812865497 0.017543859649122806
0 0.6249086257309941 0.6299342105263158 0.007675438596491228 0.02275219298245614
0 0.6973684210526315 0.6260964912280702 0.011878654970760233 0.019462719298245616
0 0.8188048245614035 0.6239035087719298 0.012792397660818713 0.014528508771929825
0 0.5696271929824561 0.6288377192982456 0.008223684210526315 0.023848684210526317
0 0.5945723684210525 0.626233552631579 0.01206140350877193 0.018092105263157895
0 0.5472404970760233 0.6256853070175439 0.012426900584795321 0.01644736842105263
0 0.5379660087719298 0.6311677631578947 0.007035818713450292 0.013157894736842105
0 0.847953216374269 0.6273300438596492 0.00932017543859649 0.01918859649122807
0 0.8421966374269007 0.629797149122807 0.009502923976608187 0.01918859649122807
0 0.8296326754385965 0.6263706140350878 0.01617324561403509 0.009594298245614035
0 0.8223684210526316 0.6354166666666666 0.010051169590643274 0.013980263157894737
0 0.8316885964912281 0.6387061403508771 0.012975146198830409 0.015076754385964912
0 0.8872441520467836 0.6277412280701754 0.008954678362573099 0.0200109649122807
0 0.7023026315789473 0.6236293859649124 0.010051169590643274 0.01069078947368421
0 0.039565058479532164 0.6222587719298246 0.008771929824561403 0.007401315789473684
0 0.1662097953216374 0.6317160087719299 0.010964912280701754 0.025219298245614034
0 0.5613121345029239 0.6306195175438597 0.006944444444444444 0.023026315789473683
0 0.6407163742690059 0.6259594298245613 0.015899122807017545 0.013157894736842105
0 0.7155519005847953 0.6266447368421052 0.013888888888888888 0.014528508771929825
0 0.8545321637426901 0.6272615131578947 0.01114766081871345 0.01493969298245614
0 0.5826937134502924 0.6278782894736842 0.01023391812865497 0.01644736842105263
0 0.6713267543859649 0.6259594298245613 0.01023391812865497 0.012609649122807017
0 0.6900584795321637 0.628015350877193 0.006761695906432748 0.016721491228070175
0 0.9071637426900585 0.630345394736842 0.008954678362573099 0.02138157894736842
0 0.9131944444444445 0.641173245614035 0.010782163742690058 0.0200109649122807
0 0.055190058479532164 0.6300712719298245 0.008223684210526315 0.019736842105263157
0 0.9239766081871346 0.6262335526315789 0.017361111111111112 0.01206140350877193
0 0.09978070175438597 0.6321271929824561 0.008954678362573099 0.02275219298245614
0 0.3463998538011696 0.6304824561403509 0.00804093567251462 0.018914473684210526
0 0.37591374269005845 0.6263706140350878 0.017726608187134504 0.009594298245614035
0 0.4475511695906433 0.6318530701754386 0.008223684210526315 0.021107456140350877
0 0.6082785087719299 0.6260964912280702 0.01023391812865497 0.007949561403508772
0 0.7946820175438597 0.628015350877193 0.01608187134502924 0.012335526315789474
0 0.7820723684210527 0.6373355263157894 0.010964912280701754 0.0200109649122807
0 0.1981907894736842 0.6328125 0.013157894736842105 0.020285087719298246
0 0.43265716374269003 0.6318530701754387 0.006944444444444444 0.018914473684210526
0 0.1162280701754386 0.6341831140350876 0.010051169590643274 0.021929824561403508
0 0.13057383040935672 0.6330866228070176 0.00804093567251462 0.020285087719298246
0 0.11001461988304093 0.6321271929824561 0.00932017543859649 0.016721491228070175
0 0.7117141812865497 0.6310307017543859 0.010599415204678362 0.014528508771929825
0 0.7744883040935673 0.6347313596491228 0.00712719298245614 0.022478070175438597
0 0.12454312865497076 0.6344572368421053 0.006578947368421052 0.01918859649122807
0 0.2955043859649123 0.6325383771929824 0.007492690058479532 0.015899122807017545
0 0.39327485380116955 0.6341831140350878 0.01114766081871345 0.01918859649122807
0 0.6178728070175439 0.6326754385964912 0.010051169590643274 0.01617324561403509
0 0.6137609649122807 0.6385690789473685 0.01608187134502924 0.017543859649122806
0 0.4659173976608187 0.6324013157894737 0.01023391812865497 0.013980263157894737
0 0.8115862573099416 0.6344572368421053 0.010416666666666666 0.018092105263157895
0 0.8096673976608187 0.6417214912280702 0.010964912280701754 0.024945175438596492
0 0.15771198830409355 0.635279605263158 0.009685672514619883 0.01864035087719298
0 0.4190423976608187 0.6350054824561404 0.011513157894736841 0.018092105263157895
0 0.49643640350877194 0.6345942982456141 0.006944444444444444 0.01781798245614035
0 0.4924159356725146 0.637609649122807 0.01023391812865497 0.021655701754385966
0 0.8937317251461989 0.635279605263158 0.01827485380116959 0.018092105263157895
0 0.14619883040935674 0.636924342105263 0.012609649122807017 0.019736842105263157
0 0.2746710526315789 0.6389802631578947 0.011878654970760233 0.023300438596491228
0 0.8649488304093568 0.6387061403508772 0.008223684210526315 0.023848684210526317
0 0.03938230994152046 0.6334978070175438 0.010599415204678362 0.012335526315789474
0 0.3358004385964912 0.6324013157894737 0.015350877192982455 0.009594298245614035
0 0.27031980994152044 0.6323163377192982 0.010486111111111132 0.0088760964912281
0 0.641264619883041 0.6367872807017544 0.010051169590643274 0.017269736842105265
0 0.67671783625731 0.6396655701754386 0.022478070175438597 0.023026315789473683
0 0.7311769005847953 0.6391173245614035 0.008223684210526315 0.022478070175438597
0 0.7557565789473684 0.6388432017543859 0.01425438596491228 0.020285087719298246
0 0.4742324561403509 0.6367872807017544 0.009685672514619883 0.013980263157894737
0 0.5914656432748537 0.6382949561403509 0.013157894736842105 0.01644736842105263
0 0.7427814327485379 0.6374725877192983 0.012426900584795321 0.014802631578947368
0 0.37381213450292394 0.6358278508771931 0.019005847953216373 0.010964912280701754
0 0.38103070175438597 0.6373355263157895 0.011878654970760233 0.01343201754385965
0 0.37399488304093564 0.6478892543859649 0.009868421052631578 0.013157894736842105
0 0.18220029239766083 0.6350054824561403 0.012609649122807017 0.008223684210526315
0 0.4429824561403509 0.6393914473684211 0.005665204678362573 0.017543859649122806
0 0.43841374269005845 0.643092105263158 0.006030701754385965 0.019462719298245616
0 0.48857821637426896 0.6408991228070174 0.009868421052631578 0.0200109649122807
0 0.879203216374269 0.6359649122807018 0.007492690058479532 0.01069078947368421
0 0.17233187134502922 0.6408991228070176 0.00712719298245614 0.018914473684210526
0 0.22076023391812866 0.6421326754385964 0.00932017543859649 0.02138157894736842
0 0.7254203216374269 0.6384320175438596 0.005482456140350877 0.013980263157894737
0 0.6366045321637427 0.6411732456140351 0.01425438596491228 0.01836622807017544
0 0.7895650584795322 0.6388432017543859 0.010964912280701754 0.013706140350877192
0 0.9271747076023392 0.6404879385964912 0.015716374269005847 0.015899122807017545
0 0.9407894736842106 0.6518640350877193 0.011513157894736841 0.021655701754385966
0 0.4618055555555555 0.6417214912280702 0.006030701754385965 0.01781798245614035
0 0.5028326023391813 0.6451480263157895 0.007309941520467836 0.02412280701754386
0 0.8732638888888888 0.6443256578947368 0.00804093567251462 0.023026315789473683
0 0.8808479532163743 0.6506304824561403 0.008954678362573099 0.022478070175438597
0 0.5119700292397661 0.6443256578947368 0.006944444444444444 0.021929824561403508
0 0.5741045321637427 0.6426809210526316 0.008771929824561403 0.018092105263157895
0 0.6086440058479533 0.6428179824561404 0.019005847953216373 0.018914473684210526
0 0.8568165204678363 0.6439144736842105 0.007675438596491228 0.02055921052631579
0 0.42507309941520466 0.6437774122807018 0.00712719298245614 0.01918859649122807
0 0.4814510233918129 0.6410361842105263 0.004751461988304093 0.013157894736842105
0 0.5412097953216374 0.6444627192982457 0.00804093567251462 0.019462719298245616
0 0.6539656432748537 0.6461074561403509 0.006944444444444444 0.02275219298245614
0 0.9538559941520467 0.6448739035087719 0.013157894736842105 0.020833333333333332
0 0.6806469298245613 0.6458333333333333 0.013157894736842105 0.02055921052631579
0 0.7015716374269005 0.6448739035087719 0.012244152046783625 0.01864035087719298
0 0.7997989766081871 0.641173245614035 0.01608187134502924 0.012335526315789474
0 0.8342470760233919 0.6450109649122806 0.010782163742690058 0.0200109649122807
0 0.9622624269005848 0.6443256578947368 0.009868421052631578 0.01864035087719298
0 0.27786915204678364 0.6440515350877193 0.00804093567251462 0.01644736842105263
0 0.31805098684210525 0.6463815789473684 0.00735562865497076 0.021655701754385966
0 0.5532711988304093 0.6433662280701754 0.013523391812865496 0.015076754385964912
0 0.6476608187134503 0.6463815789473684 0.004934210526315789 0.021655701754385966
0 0.7701937134502924 0.6445997807017544 0.010964912280701754 0.017543859649122806
0 0.8415570175438596 0.6441885964912281 0.006761695906432748 0.017269736842105265
0 0.13596491228070173 0.6444627192982456 0.008954678362573099 0.01617324561403509
0 0.2638888888888889 0.6421326754385965 0.0133406432748538 0.011513157894736841
0 0.3643092105263158 0.6448739035087719 0.008771929824561403 0.01644736842105263
0 0.5351790935672515 0.6450109649122807 0.006578947368421052 0.017269736842105265
0 0.7523757309941521 0.6466557017543859 0.00932017543859649 0.021107456140350877
0 0.9021381578947368 0.6480263157894737 0.007675438596491228 0.023848684210526317
0 0.21043494152046785 0.6410361842105263 0.009868421052631578 0.008223684210526315
0 0.2828033625730994 0.6474780701754386 0.009868421052631578 0.021655701754385966
0 0.3013413742690058 0.645593475877193 0.0060526315789473486 0.017886513157894735
0 0.8493238304093568 0.6450109649122807 0.008406432748538011 0.01617324561403509
0 0.14839181286549707 0.6462445175438597 0.00712719298245614 0.018092105263157895
0 0.29390533625730997 0.6454728618421053 0.008724415204678322 0.017853618421052663
0 0.2868238304093567 0.6528234649122807 0.009137426900584795 0.025767543859649123
0 0.39382309941520466 0.6461074561403509 0.010782163742690058 0.01781798245614035
0 0.5206505847953216 0.6455592105263158 0.012609649122807017 0.016721491228070175
0 0.8672331871345029 0.6478892543859649 0.010964912280701754 0.020833333333333332
0 0.20065789473684212 0.6441885964912281 0.006761695906432748 0.012883771929824562
0 0.20358187134502922 0.6533717105263157 0.007492690058479532 0.01206140350877193
0 0.19947002923976606 0.659265350877193 0.009137426900584795 0.01617324561403509
0 0.3350694444444444 0.6499451754385965 0.01023391812865497 0.023848684210526317
0 0.46884137426900585 0.6485745614035088 0.007675438596491228 0.021655701754385966
0 0.6859466374269005 0.6499451754385965 0.013523391812865496 0.023848684210526317
0 0.6870431286549707 0.6655701754385964 0.006578947368421052 0.013980263157894737
0 0.7225877192982456 0.6480263157894737 0.01114766081871345 0.0200109649122807
0 0.2548428362573099 0.6492598684210527 0.006578947368421052 0.02138157894736842
0 0.6633771929824562 0.6506304824561404 0.011513157894736841 0.024671052631578948
0 0.716282894736842 0.6487116228070176 0.01206140350877193 0.020833333333333332
0 0.8946454678362573 0.6492598684210527 0.00804093567251462 0.021929824561403508
0 0.24853801169590645 0.6474780701754386 0.006030701754385965 0.017269736842105265
0 0.18503289473684212 0.6498081140350876 0.00804093567251462 0.020285087719298246
0 0.3122487207602339 0.651110197368421 0.008543494152046784 0.02288925438596491
0 0.34384137426900585 0.6492598684210527 0.009137426900584795 0.01918859649122807
0 0.9480080409356726 0.6511787280701754 0.017909356725146198 0.023026315789473683
0 0.4536732456140351 0.6520010964912281 0.007309941520467836 0.02412280701754386
0 0.671875 0.6488486842105263 0.007309941520467836 0.01781798245614035
0 0.9274488304093567 0.6533717105263158 0.020285087719298246 0.02631578947368421
0 0.7396747076023392 0.6511787280701754 0.007675438596491228 0.01699561403508772
0 0.1924342105263158 0.6513157894736843 0.006761695906432748 0.018914473684210526
0 0.23958333333333331 0.6458333333333334 0.012975146198830409 0.00849780701754386
0 0.22889254385964913 0.6518640350877194 0.009868421052631578 0.011239035087719298
0 0.22551169590643275 0.6591282894736842 0.00712719298245614 0.01644736842105263
0 0.35686220760233917 0.6530290570175439 0.010325292397660819 0.023026315789473683
0 0.3616593567251462 0.6539199561403509 0.004934210526315789 0.017543859649122806
0 0.38093932748538006 0.6499451754385965 0.009868421052631578 0.016721491228070175
0 0.4170321637426901 0.6530975877192983 0.008223684210526315 0.022478070175438597
0 0.42927631578947373 0.6507675438596492 0.005665204678362573 0.01781798245614035
0 0.43338815789473684 0.6518640350877194 0.006944444444444444 0.019462719298245616
0 0.5277320906432749 0.6506304824561404 0.008315058479532164 0.017543859649122806
0 0.5263157894736842 0.6674890350877193 0.006761695906432748 0.016721491228070175
0 0.5686220760233918 0.6533717105263158 0.007675438596491228 0.023574561403508772
0 0.6960891812865497 0.6462445175438597 0.009685672514619883 0.008771929824561403
0 0.6903326023391813 0.6561129385964912 0.006944444444444444 0.02138157894736842
0 0.8204495614035088 0.6498081140350878 0.008406432748538011 0.01644736842105263
0 0.17242324561403508 0.6535087719298246 0.015350877192982455 0.022203947368421052
0 0.7134502923976609 0.6532346491228069 0.010782163742690058 0.021107456140350877
0 0.7891995614035088 0.6498081140350876 0.014985380116959063 0.013706140350877192
0 0.9102704678362573 0.6484375 0.008954678362573099 0.010964912280701754
0 0.917671783625731 0.6591282894736842 0.00804093567251462 0.015350877192982455
0 0.9089912280701755 0.6613212719298246 0.011513157894736841 0.015350877192982455
0 0.9722222222222223 0.6533717105263157 0.011513157894736841 0.02138157894736842
0 0.9681103801169592 0.6615953947368421 0.01864035087719298 0.01864035087719298
0 0.2082419590643275 0.6498081140350876 0.007675438596491228 0.012609649122807017
0 0.4597953216374269 0.6529605263157895 0.005665204678362573 0.018914473684210526
0 0.5977704678362573 0.6485745614035088 0.010051169590643274 0.010142543859649123
0 0.5604897660818713 0.6561129385964912 0.007492690058479532 0.022478070175438597
0 0.5635051169590642 0.662828947368421 0.004751461988304093 0.015625
0 0.6292945906432749 0.6498081140350878 0.014985380116959063 0.009868421052631578
0 0.7484466374269007 0.6540570175438597 0.010964912280701754 0.01781798245614035
0 0.40981359649122806 0.6573464912280702 0.010964912280701754 0.023848684210526317
0 0.44709429824561403 0.6585800438596492 0.008771929824561403 0.02631578947368421
0 0.44371345029239767 0.6643366228070176 0.008589181286549707 0.01864035087719298
0 0.4788011695906433 0.6559758771929824 0.007858187134502924 0.021107456140350877
0 0.5527229532163742 0.6543311403508772 0.007309941520467836 0.017269736842105265
0 0.547514619883041 0.6603618421052632 0.006396198830409356 0.02823464912280702
0 0.8873355263157895 0.6552905701754387 0.00804093567251462 0.01918859649122807
0 0.2610562865497076 0.6562335526315789 0.007675438596491228 0.025526315789473654
0 0.8265716374269005 0.6578947368421052 0.007858187134502924 0.022203947368421052
0 0.13578216374269006 0.6577576754385964 0.0133406432748538 0.019736842105263157
0 0.48775584795321636 0.6528234649122807 0.012609649122807017 0.010964912280701754
0 0.37298976608187134 0.6591282894736842 0.007858187134502924 0.022478070175438597
0 0.16145833333333334 0.6588541666666666 0.012426900584795321 0.020833333333333332
0 0.23940058479532164 0.6583059210526315 0.01114766081871345 0.019736842105263157
0 0.3508771929824562 0.6581688596491228 0.008954678362573099 0.0200109649122807
0 0.5917397660818714 0.6598135964912281 0.008954678362573099 0.023300438596491228
0 0.6982821637426901 0.6585800438596491 0.011513157894736841 0.020285087719298246
0 0.7997076023391813 0.6547423245614035 0.016264619883040937 0.013157894736842105
0 0.52046783625731 0.6563870614035088 0.008954678362573099 0.015350877192982455
0 0.7346491228070176 0.6584429824561404 0.012609649122807017 0.019462719298245616
0 0.1402595029239766 0.658717105263158 0.012792397660818713 0.018914473684210526
0 0.2336440058479532 0.6604989035087719 0.010964912280701754 0.020833333333333332
0 0.3076571637426901 0.6547423245614035 0.008406432748538011 0.01206140350877193
0 0.3940058479532164 0.6596765350877194 0.009685672514619883 0.01918859649122807
0 0.5380116959064327 0.6639254385964912 0.014802631578947368 0.02768640350877193
0 0.5338998538011697 0.6687225877192983 0.010964912280701754 0.023026315789473683
0 0.2935855263157895 0.6574835526315789 0.005847953216374269 0.013706140350877192
0 0.5070358187134503 0.6596765350877193 0.0062134502923976605 0.018092105263157895
0 0.5013706140350878 0.6641995614035088 0.01023391812865497 0.0200109649122807
0 0.4924159356725146 0.6639254385964912 0.00804093567251462 0.017269736842105265
0 0.5850694444444444 0.6585800438596491 0.006944444444444444 0.015899122807017545
0 0.586531432748538 0.6744791666666667 0.00804093567251462 0.018092105263157895
0 0.6579861111111112 0.6632401315789473 0.009868421052631578 0.025219298245614034
0 0.7637975146198831 0.6554276315789475 0.010599415204678362 0.010142543859649123
0 0.8421966374269007 0.6632401315789473 0.009502923976608187 0.019736842105263157
0 0.11741593567251463 0.6581688596491228 0.013157894736842105 0.014528508771929825
0 0.6049890350877193 0.6600877192982456 0.008406432748538011 0.01836622807017544
0 0.4246162280701754 0.6606359649122807 0.01023391812865497 0.01781798245614035
0 0.1539656432748538 0.6637883771929824 0.008771929824561403 0.023574561403508772
0 0.6381578947368421 0.662280701754386 0.011513157894736841 0.019462719298245616
0 0.8484100877192983 0.6617324561403509 0.009137426900584795 0.01781798245614035
0 0.3676900584795321 0.6617324561403509 0.006030701754385965 0.015625
0 0.572733918128655 0.6651589912280702 0.010051169590643274 0.022478070175438597
0 0.2124451754385965 0.6599506578947368 0.015716374269005847 0.010964912280701754
0 0.24780701754385964 0.6596765350877193 0.008954678362573099 0.010416666666666666
0 0.2379385964912281 0.6714638157894737 0.012609649122807017 0.01699561403508772
0 0.2670641447368421 0.6628289473684211 0.007264254385964912 0.017269736842105265
0 0.4358095760233918 0.6624177631578948 0.011056286549707603 0.01644736842105263
0 0.3038194444444444 0.6613212719298245 0.009868421052631578 0.013157894736842105
0 0.3020148026315789 0.6757127192982456 0.006624634502923977 0.027138157894736843
0 0.5987755847953217 0.6651589912280701 0.008406432748538011 0.020833333333333332
0 0.8001644736842105 0.6626918859649122 0.014985380116959063 0.014802631578947368
0 0.8042763157894737 0.6654331140350878 0.010416666666666666 0.017543859649122806
0 0.7963267543859649 0.6807839912280702 0.009502923976608187 0.02631578947368421
0 0.8360745614035088 0.665844298245614 0.012609649122807017 0.021107456140350877
0 0.6793676900584795 0.6639254385964912 0.006578947368421052 0.01617324561403509
0 0.6811038011695907 0.6795504385964912 0.010782163742690058 0.02055921052631579
0 0.6285635964912281 0.6694078947368421 0.009137426900584795 0.02549342105263158
0 0.2935398391812865 0.6695106907894737 0.01069078947368421 0.02460252192982456
0 0.48538011695906436 0.6647478070175439 0.009685672514619883 0.015625
0 0.7745796783625731 0.6674890350877193 0.00804093567251462 0.021107456140350877
0 0.6120248538011696 0.6679002192982456 0.006761695906432748 0.020285087719298246
0 0.6734283625730995 0.6705043859649124 0.007858187134502924 0.02549342105263158
0 0.8109466374269005 0.6705043859649124 0.008406432748538011 0.02549342105263158
0 0.3209978070175439 0.6634799890350878 0.00941154970760234 0.010896381578947368
0 0.3156524122807018 0.6693393640350876 0.013066520467836257 0.014391447368421052
0 0.7612390350877193 0.6637883771929824 0.013523391812865496 0.010964912280701754
0 0.8183479532163743 0.6683114035087719 0.008589181286549707 0.02055921052631579
0 0.24798976608187134 0.6711896929824561 0.011878654970760233 0.02412280701754386
0 0.28728070175438597 0.6666666666666666 0.007858187134502924 0.015625
0 0.27485380116959063 0.6702302631578947 0.013706140350877192 0.022203947368421052
0 0.8595577485380117 0.6731085526315789 0.010599415204678362 0.027960526315789474
0 0.2235014619883041 0.670641447368421 0.010051169590643274 0.02138157894736842
0 0.2203033625730994 0.6769462719298245 0.011330409356725146 0.020285087719298246
0 0.7006578947368421 0.6681743421052632 0.010051169590643274 0.01699561403508772
0 0.13829495614035087 0.6721491228070176 0.016904239766081873 0.023848684210526317
0 0.14382309941520469 0.6720120614035088 0.012244152046783625 0.023026315789473683
0 0.5098684210526316 0.6717379385964912 0.011513157894736841 0.022478070175438597
0 0.4185855263157895 0.6699561403508772 0.00804093567251462 0.01781798245614035
0 0.1728801169590643 0.6724232456140351 0.010782163742690058 0.022203947368421052
0 0.32702850877192985 0.6702302631578948 0.013157894736842105 0.01836622807017544
0 0.5528143274853801 0.671326754385965 0.006396198830409356 0.019462719298245616
0 0.21235380116959063 0.6720120614035088 0.010782163742690058 0.020285087719298246
0 0.5210160818713451 0.6728344298245613 0.007858187134502924 0.02138157894736842
0 0.5822368421052632 0.6714638157894738 0.006030701754385965 0.01918859649122807
0 0.6072733918128654 0.6717379385964912 0.005665204678362573 0.01864035087719298
0 0.7139985380116959 0.6672149122807017 0.01699561403508772 0.009046052631578948
0 0.19279970760233917 0.6729714912280702 0.00932017543859649 0.018914473684210526
0 0.2519188596491228 0.6743421052631579 0.01023391812865497 0.021655701754385966
0 0.6607273391812866 0.6761239035087719 0.01023391812865497 0.025219298245614034
0 0.5759320175438597 0.6747532894736842 0.007675438596491228 0.020833333333333332
0 0.6691337719298246 0.6755756578947368 0.007309941520467836 0.021929824561403508
0 0.7562134502923976 0.6750274122807017 0.00712719298245614 0.020833333333333332
0 0.2036732456140351 0.6735197368421053 0.01206140350877193 0.015076754385964912
0 0.8221856725146199 0.6737938596491229 0.008223684210526315 0.01617324561403509
0 0.8979349415204678 0.674342105263158 0.01608187134502924 0.016721491228070175
0 0.1783625730994152 0.6762609649122806 0.008954678362573099 0.0200109649122807
0 0.7351059941520468 0.6785910087719298 0.007675438596491228 0.023574561403508772
0 0.7503654970760234 0.6788651315789473 0.010782163742690058 0.023574561403508772
0 0.7669956140350878 0.6769462719298245 0.00712719298245614 0.019736842105263157
0 0.7838084795321638 0.6788651315789473 0.010051169590643274 0.023574561403508772
0 0.1873172514619883 0.6754385964912281 0.006396198830409356 0.01617324561403509
0 0.7423245614035088 0.6787280701754386 0.006396198830409356 0.02275219298245614
0 0.2567616959064328 0.6805098684210527 0.008589181286549707 0.025219298245614034
0 0.5569261695906433 0.6765350877192983 0.009137426900584795 0.01617324561403509
0 0.049067982456140344 0.6763980263157895 0.00804093567251462 0.015899122807017545
0 0.09018640350877193 0.6806469298245614 0.012426900584795321 0.024396929824561403
0 0.23748172514619884 0.6784539473684211 0.010599415204678362 0.018914473684210526
0 0.30918768274853803 0.6751987390350878 0.009731359649122808 0.014459978070175438
0 0.3137563961988304 0.6750274122807018 0.011284722222222222 0.011513157894736841
0 0.07410453216374269 0.6795504385964912 0.012792397660818713 0.02055921052631579
0 0.2965095029239766 0.6769805372807017 0.006944444444444444 0.019668311403508772
0 0.33045504385964913 0.6769462719298246 0.013249269005847953 0.015899122807017545
0 0.7190241228070176 0.6748903508771931 0.01023391812865497 0.011239035087719298
0 0.5118786549707602 0.6810581140350878 0.009685672514619883 0.022478070175438597
0 0.6896016081871345 0.6816063596491228 0.007675438596491228 0.023026315789473683
0 0.7605080409356725 0.6781798245614036 0.005482456140350877 0.017269736842105265
0 0.777046783625731 0.6774945175438597 0.004934210526315789 0.015899122807017545
0 0.18201754385964913 0.6798245614035088 0.006396198830409356 0.018914473684210526
0 0.2851105628654971 0.6812637061403508 0.01228983918128655 0.021792763157894735
0 0.826388888888889 0.6795504385964912 0.008589181286549707 0.01781798245614035
0 0.6458333333333333 0.6781798245614035 0.012244152046783625 0.014528508771929825
0 0.6400767543859649 0.6790021929824561 0.009502923976608187 0.012883771929824562
0 0.07986111111111112 0.6805098684210527 0.012975146198830409 0.017543859649122806
0 0.7070540935672515 0.6811951754385965 0.004934210526315789 0.019462719298245616
0 0.594389619883041 0.6795504385964912 0.009502923976608187 0.015076754385964912
0 0.6966374269005848 0.6835252192982456 0.00712719298245614 0.023026315789473683
0 0.7114400584795322 0.6817434210526315 0.005665204678362573 0.0200109649122807
0 0.8326937134502924 0.6798245614035088 0.01023391812865497 0.01617324561403509
0 0.8391812865497077 0.6892817982456141 0.010782163742690058 0.01918859649122807
0 0.7022112573099415 0.6829769736842105 0.005116959064327485 0.02138157894736842
0 0.024853801169590645 0.6811266447368421 0.010782163742690058 0.016036184210526317
0 0.8029057017543859 0.6839364035087719 0.0062134502923976605 0.021655701754385966
0 0.8084795321637427 0.6896929824561403 0.008954678362573099 0.02055921052631579
0 0.6163194444444445 0.6869517543859649 0.01023391812865497 0.02549342105263158
0 0.7195723684210527 0.6822916666666666 0.009868421052631578 0.013980263157894737
0 0.1513157894736842 0.6829769736842105 0.018092105263157895 0.01206140350877193
0 0.8438413742690059 0.6881853070175438 0.011695906432748537 0.020833333333333332
0 0.7702850877192983 0.6881853070175439 0.010782163742690058 0.01699561403508772
0 0.7881030701754387 0.6876370614035088 0.009868421052631578 0.014802631578947368
0 0.2725694444444444 0.694078947368421 0.010508040935672515 0.022203947368421052
0 0.8275767543859649 0.6958607456140351 0.011695906432748537 0.01699561403508772
0 0.935763888888889 0.700109649122807 0.009137426900584795 0.02549342105263158
0 0.7473501461988303 0.7007949561403508 0.012792397660818713 0.019736842105263157
0 0.8000730994152047 0.707922149122807 0.017361111111111112 0.02412280701754386
0 0.7658077485380117 0.7330043859649122 0.009502923976608187 0.01343201754385965
0 0.2652138157894737 0.731530975877193 0.009959795321637427 0.00884046052631579
0 0.07693713450292397 0.7432839912280701 0.00932017543859649 0.020285087719298246
0 0.47797880116959063 0.745202850877193 0.007309941520467836 0.015350877192982455
0 0.27327759502923976 0.7472587719298246 0.010553728070175438 0.016721491228070175
0 0.3151498538011696 0.7489035087719298 0.008406432748538011 0.01617324561403509
0 0.8842288011695906 0.7587719298245614 0.01425438596491228 0.013980263157894737
0 0.8861933479532164 0.7686403508771931 0.00758406432748538 0.010142543859649123
0 0.7292580409356726 0.7590460526315789 0.01023391812865497 0.012883771929824562
0 0.7311312134502924 0.7665844298245613 0.0066703216374269 0.004934210526315789
0 0.772843567251462 0.762609649122807 0.007858187134502924 0.009046052631578948
0 0.17671783625730994 0.7793311403508771 0.005665204678362573 0.007401315789473684
0 0.8841374269005847 0.7807017543859649 0.006030701754385965 0.00849780701754386
0 0.602156432748538 0.8008497807017544 0.007492690058479532 0.008223684210526315
0 0.6025219298245614 0.8080455043859649 0.006030701754385965 0.004797149122807018
0 0.1643137792397661 0.7812842653508771 0.01987390350877193 0.009936951754385965
0 0.21632401315789473 0.6084854714912281 0.01132127192982457 0.011581688596491228
0 0.20840186403508773 0.6190720942982456 0.007629751461988304 0.025699013157894735
0 0.21356451023391812 0.6030016447368421 0.01585343567251462 0.00849780701754386
0 0.20255391081871346 0.6138980263157894 0.008452119883040937 0.0200109649122807
0 0.33028326023391813 0.5780907346491229 0.010347222222222202 0.014322916666666666
0 0.32328216374269003 0.5909402412280702 0.01256578947368425 0.017615131578947427
0 0.3065478801169591 0.5916680372807017 0.008658625730994131 0.015589364035087814
