0 0.16410818713450293 0.5534539473684211 0.01608187134502924 0.048793859649122806
0 0.22642543859649125 0.4472313596491228 0.01644736842105263 0.031524122807017545
0 0.5928362573099416 0.7047697368421052 0.02631578947368421 0.05098684210526316
0 0.2050438596491228 0.525219298245614 0.01827485380116959 0.022478070175438597
0 0.9213569078947368 0.7110868969298246 0.024365862573099403 0.054300986842105305
0 0.8799342105263158 0.6654331140350876 0.01644736842105263 0.03755482456140351
0 0.24826388888888887 0.491875 0.01699561403508772 0.04530701754385964
0 0.36988304093567254 0.5746984649122807 0.02850877192982456 0.021655701754385966
0 0.24990862573099415 0.6433662280701755 0.018092105263157895 0.049342105263157895
0 0.7652595029239766 0.6680372807017544 0.02101608187134503 0.03453947368421053
0 0.1486659356725146 0.42050438596491224 0.02284356725146199 0.01864035087719298
0 0.7843567251461988 0.671875 0.027777777777777776 0.03508771929824561
0 0.5664290935672515 0.6566611842105262 0.023574561403508772 0.04358552631578947
0 0.4129203216374269 0.5078125 0.015533625730994151 0.038651315789473686
0 0.5105080409356725 0.6496710526315789 0.021747076023391813 0.044407894736842105
0 0.9239766081871346 0.7479440789473684 0.027046783625730993 0.04358552631578947
0 0.38861476608187134 0.6461074561403509 0.019554093567251463 0.05537280701754386
0 0.11860380116959064 0.5116502192982456 0.021198830409356724 0.021107456140350877
0 0.43448464912280704 0.5345394736842106 0.01663011695906433 0.03508771929824561
0 0.5730080409356725 0.610608552631579 0.01516812865497076 0.03481359649122807
0 0.1276498538011696 0.5054824561403508 0.019554093567251463 0.023574561403508772
0 0.8642178362573099 0.5696271929824561 0.019736842105263157 0.030153508771929825
0 0.7384868421052632 0.34155701754385964 0.016812865497076022 0.03070175438596491
0 0.9329312865497076 0.6540570175438596 0.029239766081871343 0.030153508771929825
0 0.10485197368421054 0.6095614035087719 0.02860014619883041 0.043135964912280736
0 0.4345760233918129 0.6408991228070176 0.02412280701754386 0.04824561403508772
0 0.7106176900584795 0.7091557017543859 0.026498538011695907 0.043859649122807015
0 0.14060215643274854 0.6652563048245614 0.0280062134502924 0.03187774122807017
0 0.9652777777777778 0.6258223684210525 0.021929824561403508 0.043859649122807015
0 0.8334247076023392 0.635279605263158 0.018457602339181287 0.04029605263157895
0 0.3150584795321637 0.5497532894736842 0.01425438596491228 0.023300438596491228
0 0.13294956140350875 0.4555921052631579 0.014802631578947368 0.02905701754385965
0 0.940515350877193 0.5801809210526316 0.024305555555555556 0.04194078947368421
0 0.37966008771929827 0.5204221491228069 0.011878654970760233 0.035910087719298246
0 0.8992141812865497 0.5819627192982456 0.01918859649122807 0.03453947368421053
0 0.660361842105263 0.5139802631578948 0.019919590643274854 0.03399122807017544
0 0.32447002923976603 0.4440789473684211 0.013706140350877192 0.03179824561403509
0 0.27165570175438597 0.560032894736842 0.01663011695906433 0.043859649122807015
0 0.2574926900584795 0.4041940789473684 0.023026315789473683 0.014528508771929825
0 0.44353070175438597 0.4647752192982456 0.015716374269005847 0.033168859649122806
0 0.5513523391812866 0.6299342105263158 0.02412280701754386 0.04057017543859649
0 0.1248172514619883 0.5345243969298246 0.027046783625730993 0.025737390350877222
0 0.5671600877192983 0.5315241228070176 0.01663011695906433 0.020285087719298246
0 0.6185124269005847 0.4702576754385965 0.012244152046783625 0.02549342105263158
0 0.5194627192982456 0.563048245614035 0.022112573099415205 0.027412280701754384
0 0.8834978070175438 0.6066337719298246 0.020285087719298246 0.03782894736842105
0 0.23885233918128657 0.5881304824561403 0.03216374269005848 0.028782894736842105
0 0.775219298245614 0.6977796052631579 0.035818713450292396 0.024396929824561403
0 0.396016081871345 0.4387335526315789 0.01023391812865497 0.023300438596491228
0 0.47523757309941517 0.5749725877192982 0.026133040935672515 0.03536184210526316
0 0.6710526315789473 0.6924342105263158 0.017178362573099414 0.04824561403508772
0 0.9896747076023391 0.5256304824561403 0.020285087719298246 0.0200109649122807
0 0.29523026315789475 0.5694901315789475 0.024305555555555556 0.026589912280701754
0 0.33278508771929827 0.4233826754385965 0.02046783625730994 0.026041666666666668
0 0.38943713450292394 0.5159936951754386 0.010964912280701754 0.04185581140350879
0 0.5577485380116959 0.6414473684210527 0.02850877192982456 0.03344298245614035
0 0.2675438596491228 0.5925164473684211 0.02631578947368421 0.033168859649122806
0 0.742781432748538 0.5256304824561403 0.02101608187134503 0.02987938596491228
0 0.7935855263157895 0.4962993421052631 0.01882309941520468 0.02549342105263158
0 0.256578947368421 0.5158991228070176 0.019736842105263157 0.0356359649122807
0 0.9131944444444444 0.5457785087719298 0.023757309941520467 0.039473684210526314
0 0.33269371345029236 0.7685032894736842 0.029788011695906433 0.04851973684210526
0 0.8761878654970761 0.6408991228070176 0.017726608187134504 0.03125
0 0.6100146198830408 0.48807565789473684 0.019736842105263157 0.024945175438596492
0 0.6872258771929824 0.7182017543859649 0.024671052631578948 0.0400219298245614
0 0.4205043859649123 0.45339912280701755 0.014985380116959063 0.03673245614035088
0 0.3498720760233918 0.6487116228070176 0.022112573099415205 0.04468201754385965
0 0.6492141812865497 0.7203947368421053 0.02722953216374269 0.041666666666666664
0 0.6359649122807017 0.4970682565789473 0.019736842105263157 0.04183388157894734
0 0.4973501461988304 0.6070449561403509 0.02320906432748538 0.033717105263157895
0 0.588358918128655 0.6047149122807017 0.01882309941520468 0.0356359649122807
0 0.2534722222222222 0.44805372807017546 0.013888888888888888 0.036458333333333336
0 0.3317799707602339 0.5962171052631579 0.022112573099415205 0.02850877192982456
0 0.5403874269005848 0.5398848684210527 0.03216374269005848 0.02275219298245614
0 0.7075109649122807 0.6883223684210527 0.01918859649122807 0.023026315789473683
0 0.43361659356725146 0.43299205043859645 0.02238669590643275 0.02930098684210529
0 0.8192616959064327 0.5760690789473684 0.016812865497076022 0.038651315789473686
0 0.8154239766081871 0.6036184210526315 0.014985380116959063 0.030153508771929825
0 0.5486111111111112 0.5111019736842105 0.015716374269005847 0.022203947368421052
0 0.26443713450292394 0.4446271929824561 0.010599415204678362 0.03508771929824561
0 0.1546966374269006 0.4839638157894737 0.016264619883040937 0.032072368421052634
0 0.3051900584795322 0.4184484649122807 0.025219298245614034 0.015625
0 0.8294042397660819 0.5271381578947368 0.015533625730994151 0.024671052631578948
0 0.40360014619883045 0.4447642543859649 0.012975146198830409 0.026589912280701754
0 0.3553545321637427 0.5478344298245614 0.020650584795321638 0.024396929824561403
0 0.888249269005848 0.5679824561403509 0.017726608187134504 0.02412280701754386
0 0.40707236842105265 0.47368421052631576 0.012975146198830409 0.03453947368421053
0 0.7711074561403509 0.5929276315789473 0.018092105263157895 0.046052631578947366
0 0.11275584795321637 0.3410087719298246 0.023026315789473683 0.02412280701754386
0 0.2147295321637427 0.5740131578947368 0.014985380116959063 0.043859649122807015
0 0.9686586257309941 0.5901864035087719 0.02503654970760234 0.0268640350877193
0 0.920047514619883 0.27700109649122806 0.020285087719298246 0.01836622807017544
0 0.3453033625730994 0.4272203947368421 0.015533625730994151 0.031524122807017545
0 0.2571271929824561 0.4225603070175438 0.01827485380116959 0.01781798245614035
0 0.6618238304093567 0.5851151315789473 0.012244152046783625 0.02987938596491228
0 0.5133406432748538 0.5058936403508772 0.017909356725146198 0.02275219298245614
0 0.7567616959064327 0.5631853070175439 0.014985380116959063 0.033717105263157895
0 0.21728801169590642 0.4725877192982456 0.023391812865497075 0.01864035087719298
0 0.5139336622807017 0.4569627192982456 0.019460891812865456 0.0400219298245614
0 0.9656432748538012 0.5485197368421052 0.025219298245614034 0.027412280701754384
0 0.1769919590643275 0.3319627192982456 0.018457602339181287 0.015899122807017545
0 0.6693165204678363 0.6203399122807017 0.01663011695906433 0.025219298245614034
0 0.3495065789473684 0.579906798245614 0.016264619883040937 0.03536184210526316
0 0.6092836257309941 0.6119791666666666 0.011695906432748537 0.030975877192982455
0 0.03883406432748538 0.5406949013157896 0.03527046783625731 0.028259320175438574
0 0.19782529239766083 0.4168037280701754 0.027960526315789474 0.02549342105263158
0 0.034722222222222224 0.5731907894736842 0.020833333333333332 0.044407894736842105
0 0.919407894736842 0.6001918859649124 0.013157894736842105 0.033168859649122806
0 0.6991045321637427 0.5257675438596492 0.02138157894736842 0.03399122807017544
0 0.5881761695906433 0.6344572368421052 0.017361111111111112 0.04468201754385965
0 0.6421774488304094 0.6742050438596492 0.016811038011695867 0.05016447368421053
0 0.052540204678362575 0.3188048245614035 0.018092105263157895 0.019736842105263157
0 0.05720029239766082 0.5431743421052632 0.02850877192982456 0.04139254385964912
0 0.5720029239766081 0.46066337719298245 0.013523391812865496 0.026041666666666668
0 0.8126827485380117 0.5527686403508771 0.017909356725146198 0.021655701754385966
0 0.2817068713450292 0.5264528508771931 0.010416666666666666 0.034265350877192985
0 0.3685124269005848 0.5290570175438596 0.010782163742690058 0.03782894736842105
0 0.4138340643274854 0.40885416666666663 0.011878654970760233 0.022203947368421052
0 0.9902229532163743 0.7123081140350878 0.018457602339181287 0.05071271929824561
0 0.8623903508771931 0.6269188596491229 0.017909356725146198 0.02412280701754386
0 0.2931058114035088 0.4523327850877193 0.018686038011695907 0.03612390350877192
0 0.282437865497076 0.465734649122807 0.014802631578947368 0.0268640350877193
0 0.3834978070175439 0.5794956140350876 0.01663011695906433 0.043859649122807015
0 0.5 0.43832236842105265 0.023757309941520467 0.02138157894736842
0 0.7689144736842105 0.5635964912280702 0.014802631578947368 0.04057017543859649
0 0.7641164108187134 0.5055002741228071 0.015074926900584755 0.02134594298245611
0 0.42251461988304095 0.5391995614035088 0.013157894736842105 0.025767543859649123
0 0.39574195906432746 0.4875274122807018 0.01516812865497076 0.016721491228070175
0 0.20668859649122806 0.48739035087719296 0.017543859649122806 0.02631578947368421
0 0.06240862573099415 0.2850877192982456 0.024671052631578948 0.01644736842105263
0 0.9407894736842105 0.4845120614035088 0.014985380116959063 0.02055921052631579
0 0.9476425438596491 0.5057565789473684 0.020650584795321638 0.03125
0 0.33013523391812866 0.5679824561403508 0.017361111111111112 0.03508771929824561
0 0.8199926900584795 0.5178179824561404 0.019736842105263157 0.03508771929824561
0 0.3728983918128655 0.46121162280701755 0.022112573099415205 0.029331140350877194
0 0.5497076023391813 0.4923245614035088 0.02010233918128655 0.03289473684210526
0 0.6955409356725146 0.6559758771929824 0.020833333333333332 0.04057017543859649
0 0.9870248538011696 0.5630482456140351 0.02448830409356725 0.029605263157894735
0 0.5710891812865497 0.6728344298245614 0.02448830409356725 0.04906798245614035
0 0.37033899853801167 0.621484375 0.033441154970760195 0.03353892543859647
0 0.8127741228070176 0.5356359649122806 0.014802631578947368 0.020285087719298246
0 0.7125365497076024 0.5368695175438596 0.014985380116959063 0.035910087719298246
0 0.6618238304093567 0.5398848684210527 0.014437134502923976 0.02549342105263158
0 0.7477156432748538 0.5779879385964912 0.01882309941520468 0.03481359649122807
0 0.46806377923976605 0.5694777960526316 0.02603983918128651 0.027711074561403485
0 0.1913377192982456 0.48848684210526316 0.01827485380116959 0.03125
0 0.5463267543859649 0.5860745614035088 0.026133040935672515 0.027960526315789474
0 0.3410087719298246 0.4805372807017544 0.013157894736842105 0.03892543859649123
0 0.06734283625730994 0.6008771929824561 0.03527046783625731 0.03344298245614035
0 0.3649488304093568 0.6016995614035088 0.025219298245614034 0.01644736842105263
0 0.7654422514619883 0.6334978070175439 0.01663011695906433 0.03508771929824561
0 0.7736659356725146 0.5137061403508771 0.021747076023391813 0.019736842105263157
0 0.7388057383040936 0.5059087171052632 0.015444078947368461 0.03539199561403506
0 0.8426535087719299 0.6200657894736842 0.019005847953216373 0.04057017543859649
0 0.362390350877193 0.49561403508771934 0.012792397660818713 0.03673245614035088
0 0.6470211988304093 0.5145285087719298 0.019554093567251463 0.03070175438596491
0 0.4298245614035088 0.5712719298245614 0.01206140350877193 0.029605263157894735
0 0.36458333333333337 0.4465460526315789 0.013157894736842105 0.03070175438596491
0 0.4837801535087719 0.6130633223684211 0.03481176900584791 0.03478892543859645
0 0.4762426900584796 0.5272752192982456 0.017178362573099414 0.03481359649122807
0 0.9848318713450293 0.643092105263158 0.015716374269005847 0.0268640350877193
0 0.29566429093567254 0.47727658991228067 0.02700109649122807 0.026258223684210515
0 0.5371893274853801 0.6269188596491229 0.019554093567251463 0.05866228070175439
0 0.6161366959064327 0.5582510964912281 0.01516812865497076 0.03700657894736842
0 0.503015350877193 0.4716282894736842 0.02101608187134503 0.01836622807017544
0 0.37481725146198835 0.4325657894736842 0.013523391812865496 0.029605263157894735
0 0.19773391812865498 0.5367324561403508 0.027777777777777776 0.020833333333333332
0 0.1403956505847953 0.6123122258771929 0.04065972222222222 0.03469572368421057
0 0.922514619883041 0.6729714912280702 0.01425438596491228 0.03837719298245614
0 0.30007309941520466 0.4402412280701754 0.027412280701754384 0.014802631578947368
0 0.6912463450292398 0.6014336622807017 0.01663011695906433 0.04990679824561402
0 0.5193713450292398 0.5043859649122807 0.013523391812865496 0.03344298245614035
0 0.8448464912280701 0.5797697368421053 0.020833333333333332 0.02412280701754386
0 0.4481451023391813 0.5104591557017544 0.013614766081871345 0.04706414473684212
0 0.3451206140350877 0.5212445175438596 0.01882309941520468 0.03755482456140351
0 0.7585891812865496 0.5394736842105263 0.012792397660818713 0.02631578947368421
0 0.5286915204678362 0.5289199561403508 0.021564327485380116 0.01343201754385965
0 0.9016812865497076 0.6999725877192983 0.01644736842105263 0.0556469298245614
0 0.5609466374269005 0.5989583333333333 0.028326023391812866 0.027412280701754384
0 0.6578033625730995 0.6901041666666667 0.016264619883040937 0.05016447368421053
0 0.5836988304093568 0.5050712719298245 0.017178362573099414 0.02768640350877193
0 0.8757309941520468 0.5811403508771931 0.015716374269005847 0.03508771929824561
0 0.311312134502924 0.4550438596491228 0.02503654970760234 0.01864035087719298
0 0.4286366959064328 0.4560032894736842 0.012609649122807017 0.027138157894736843
0 0.935124269005848 0.7131304824561404 0.023026315789473683 0.03481359649122807
0 0.953125 0.6474780701754386 0.014802631578947368 0.043859649122807015
0 0.44161184210526316 0.5630482456140351 0.01663011695906433 0.041666666666666664
0 0.16730628654970758 0.48793859649122806 0.010782163742690058 0.046600877192982455
0 0.21783625730994152 0.4581962719298246 0.017909356725146198 0.012883771929824562
0 0.8594663742690059 0.5167214912280701 0.016812865497076022 0.02138157894736842
0 0.3877923976608187 0.46395285087719296 0.014985380116959063 0.029331140350877194
0 0.20664199561403507 0.4543516995614035 0.021471125730994155 0.03318256578947367
0 0.15305190058479531 0.5475603070175439 0.0133406432748538 0.04139254385964912
0 0.85453216374269 0.5986842105263157 0.014985380116959063 0.02905701754385965
0 0.42347313596491226 0.6260142543859649 0.014709429824561363 0.04566885964912278
0 0.17927631578947367 0.5636938048245614 0.0266812865497076 0.03261239035087726
0 0.2633388157894737 0.6468667763157895 0.012426900584795321 0.04220394736842106
0 0.2788724415204678 0.638233278508772 0.021929824561403508 0.053440241228070125
0 0.29458881578947366 0.5952083333333333 0.017909356725146198 0.04960526315789475
0 0.31021381578947366 0.5842475328947367 0.02320906432748538 0.05398848684210528
0 0.31962536549707604 0.5923314144736842 0.019371345029239765 0.055907346491228145
0 0.3325091374269006 0.6159004934210527 0.034173976608187134 0.051521381578947444
0 0.2818877923976608 0.6016488486842105 0.016264619883040937 0.030693530701754457
0 0.3632108918128655 0.6339871162280701 0.02540204678362569 0.033983004385964855
0 0.05820449561403509 0.5135334429824562 0.017724780701754386 0.03644736842105258
0 0.07501644736842106 0.5057223135964912 0.0268640350877193 0.038368969298245556
0 0.07830592105263158 0.49722724780701755 0.022112573099415205 0.037820723684210474
0 0.10297697368421052 0.49969298245614036 0.011513157894736841 0.023569078947368365
0 0.11713998538011697 0.477358826754386 0.01864035087719298 0.04576480263157896
0 0.12664382309941521 0.4803865131578947 0.01845577485380117 0.03425438596491229
0 0.15190789473684213 0.4997080592105263 0.02421418128654971 0.02904879385964913
0 0.1365122441520468 0.5053262061403508 0.012425073099415207 0.04028508771929826
0 0.15318713450292398 0.5180688048245614 0.02640716374269006 0.023566337719298253
0 0.14044133771929826 0.5444462719298245 0.01845577485380117 0.04288925438596486
0 0.1844828216374269 0.5306071820175439 0.02503654970760234 0.03192708333333334
0 0.13651224415204677 0.4860046600877193 0.01936951754385965 0.030145285087719305
0 0.145968567251462 0.4603810307017544 0.014345760233918129 0.033157894736842115
0 0.09091739766081872 0.5475287828947368 0.020650584795321638 0.0342571271929824
0 0.06514985380116958 0.6270874451754387 0.029788011695906433 0.031652960526315735
0 0.08223684210526316 0.623045504385965 0.010782163742690058 0.038914473684210533
0 0.09228801169590643 0.6204427083333333 0.017909356725146198 0.0501507675438596
0 0.1170952119883041 0.6234580592105263 0.027684576023391815 0.051247258771929774
0 0.11663925438596491 0.6553125 0.02275219298245614 0.05104166666666662
0 0.12895193713450293 0.6488048245614034 0.029102704678362575 0.052686403508772
0 0.18258863304093567 0.552312225877193 0.03193530701754386 0.020348135964912223
0 0.19033260233918128 0.5657072368421052 0.026133040935672515 0.041929824561403456
0 0.2024387792397661 0.5674876644736842 0.025126096491228073 0.053029057017543874
0 0.1608625730994152 0.46509731359649126 0.015442251461988304 0.03412006578947369
0 0.16913194444444443 0.45180509868421054 0.026498538011695907 0.0316529605263158
0 0.16835526315789473 0.43145696271929823 0.036823830409356724 0.024662828947368428
0 0.1797313596491228 0.4446806469298246 0.014619883040935672 0.03220120614035089
0 0.1930720029239766 0.4459813596491228 0.013706140350877192 0.03781798245614036
0 0.17941154970760234 0.47921052631578953 0.014163011695906433 0.0371326754385965
0 0.1957218567251462 0.47996299342105264 0.014071637426900584 0.02959703947368422
0 0.20636695906432748 0.43036047149122814 0.017086988304093567 0.032338267543859656
0 0.2183826754385965 0.4220024671052631 0.015533625730994151 0.0326123903508772
0 0.21120979532163744 0.45673793859649126 0.026041666666666668 0.035487938596491235
0 0.17785818713450294 0.5144394188596492 0.02805190058479532 0.030282346491228077
0 0.18498538011695906 0.5052604166666667 0.021290204678362575 0.01877192982456141
0 0.23113121345029242 0.4217324561403509 0.031980994152046784 0.029188596491228076
0 0.2439236111111111 0.4225548245614035 0.02585891812865497 0.028366228070175442
0 0.24070266812865498 0.44725328947368426 0.014665570175438597 0.039533991228070185
0 0.2361111111111111 0.47501096491228073 0.014802631578947368 0.02651315789473685
0 0.2534950657894737 0.47346902412280706 0.027183845029239765 0.02754111842105264
0 0.23357547514619884 0.4846025219298246 0.015031067251461989 0.03158442982456141
0 0.24118238304093567 0.5044723135964913 0.012152777777777778 0.036515899122807026
0 0.20942982456140352 0.507390350877193 0.03024488304093567 0.02151315789473685
0 0.2204861111111111 0.5317132675438596 0.015259502923976608 0.04220394736842106
0 0.2188642178362573 0.49046875 0.011467470760233918 0.021650219298245617
0 0.2285498903508772 0.5039309210526316 0.01585343567251462 0.04638157894736843
0 0.22987481725146197 0.5452891995614034 0.01896016081871345 0.05330317982456142
0 0.23494608918128654 0.556594024122807 0.015670687134502925 0.04905427631578942
0 0.24508863304093567 0.5527919407894737 0.01987390350877193 0.03747532894736843
0 0.2592744883040936 0.5700603070175438 0.017086988304093567 0.05885416666666662
0 0.2443576388888889 0.5716365131578948 0.01987390350877193 0.014046052631578888
0 0.250296966374269 0.593216831140351 0.009822733918128655 0.02404879385964913
0 0.24337536549707603 0.5298026315789475 0.012152777777777778 0.02151315789473685
0 0.26379751461988304 0.5353508771929825 0.031432748538011694 0.02398026315789474
0 0.2653737207602339 0.5206551535087719 0.023163377192982455 0.03089912280701755
0 0.2846080043859649 0.5662897478070176 0.029468201754385966 0.024734100877192987
0 0.2897249634502924 0.5374794407894737 0.019508406432748537 0.03987664473684211
0 0.26128380847953214 0.4778453947368421 0.012333698830409358 0.03356907894736843
0 0.27083150584795324 0.4774342105263158 0.016264619883040937 0.02178728070175439
0 0.26868512426900587 0.49120476973684213 0.024029605263157897 0.015348135964912283
0 0.2805171783625731 0.503607456140351 0.028691520467836257 0.02151315789473685
0 0.2724762426900585 0.45331825657894737 0.012244152046783625 0.03494243421052632
0 0.27855354532163745 0.421577576754386 0.021471125730994155 0.03041940789473685
0 0.2969188596491228 0.41294544956140355 0.03536184210526316 0.0282264254385965
0 0.2831688596491228 0.4370792214912281 0.01882309941520468 0.030830592105263167
0 0.30496162280701755 0.4361197916666667 0.026589912280701754 0.027129934210526323
0 0.321797331871345 0.42515625 0.008086622807017545 0.015619517543859655
0 0.33881578947368424 0.4511581688596491 0.023940058479532164 0.041587171052631586
0 0.3561312134502924 0.42831140350877195 0.020285087719298246 0.04508223684210527
0 0.3114948830409357 0.4719928728070175 0.02138157894736842 0.03226973684210527
0 0.32129477339181284 0.4757250548245614 0.029742324561403508 0.031104714912280708
0 0.3567479897660819 0.4598999451754386 0.017406798245614034 0.02987116228070176
0 0.34955226608187134 0.4901206140350877 0.016355994152046784 0.0405592105263158
0 0.30427631578947373 0.49587719298245614 0.028691520467836257 0.0202796052631579
0 0.2940195540935673 0.514375 0.023802997076023392 0.022746710526315793
0 0.3211805555555555 0.4976576206140351 0.02942251461988304 0.03891721491228071
0 0.32369334795321636 0.5031044407894737 0.027595029239766082 0.027475328947368427
0 0.32894736842105265 0.5203056469298245 0.02722953216374269 0.027338267543859655
0 0.34256213450292394 0.5019092653508772 0.010325292397660819 0.01370339912280702
0 0.3116319444444444 0.5332236842105262 0.02275219298245614 0.04850877192982457
0 0.30377375730994155 0.5311677631578947 0.012883771929824562 0.03576206140350878
0 0.3331962719298246 0.5484676535087719 0.02805190058479532 0.03158442982456141
0 0.3509000365497076 0.5687212171052631 0.031295687134502925 0.026444627192982403
0 0.3780838815789474 0.5523464912280701 0.025173611111111112 0.029188596491228014
0 0.3790204678362573 0.5461800986842106 0.027046783625730993 0.025896381578947376
0 0.358141447368421 0.5260663377192983 0.01827485380116959 0.02952850877192983
0 0.36951571637426894 0.5883086622807017 0.023940058479532123 0.017127192982456144
0 0.390531798245614 0.6068763706140351 0.027777777777777776 0.029322916666666612
0 0.4072076023391813 0.6344860197368422 0.02147295321637427 0.027541118421052703
0 0.4156606359649122 0.6046189692982457 0.03636513157894733 0.04069627192982457
0 0.4355336257309941 0.6109210526315789 0.02183845029239766 0.0574122807017544
0 0.40803088450292396 0.597561677631579 0.03207054093567247 0.04466831140350885
0 0.3997624269005848 0.5811184210526315 0.023940058479532164 0.029873903508771935
0 0.4474122807017544 0.5935882675438595 0.012883771929824562 0.047138157894736854
0 0.451204312865497 0.6412719298245614 0.030519005847953216 0.05919407894736844
0 0.4616209795321637 0.6442187500000001 0.02412280701754386 0.04288925438596492
0 0.46212353801169587 0.6044819078947369 0.023300438596491228 0.040422149122807026
0 0.48898757309941515 0.6427809758771931 0.034082602339181284 0.05344024122807025
0 0.4859722222222222 0.6506016995614036 0.028417397660818713 0.03562774122807025
0 0.5179989035087719 0.6245655153508772 0.02046783625730994 0.05426260964912276
0 0.48186038011695903 0.581060855263158 0.034082602339181284 0.0371326754385965
0 0.45444809941520464 0.5712417763157894 0.016355994152046784 0.040285087719298195
0 0.46262609649122804 0.5433580043859649 0.023757309941520467 0.03576206140350878
0 0.4719462719298245 0.5394531250000001 0.02266081871345029 0.03425712719298246
0 0.40127010233918126 0.5757634320175439 0.02585891812865497 0.031790021929824504
0 0.40634137426900585 0.5556222587719299 0.028691520467836257 0.021376096491228076
0 0.40921966374269003 0.535546875 0.02585891812865497 0.026718750000000006
0 0.3977521929824561 0.5362335526315789 0.015350877192982455 0.04261513157894738
0 0.4036458333333333 0.5098944627192983 0.018731725146198832 0.03459703947368422
0 0.42395376461988304 0.5035416666666667 0.017315423976608187 0.05200109649122808
0 0.42272021198830406 0.4795614035087719 0.029833698830409358 0.02939144736842106
0 0.4335252192982456 0.5022738486842105 0.017269736842105265 0.05028782894736843
0 0.44161184210526316 0.4914816337719298 0.015350877192982455 0.040353618421052645
0 0.4596354166666667 0.5038829495614034 0.020148026315789474 0.039394188596491235
0 0.4500639619883041 0.5332497258771929 0.02503654970760234 0.03439418859649124
0 0.4247066885964912 0.5659388706140351 0.03015168128654967 0.03206414473684217
0 0.3745888157894737 0.4754125548245614 0.015625 0.030008223684210533
0 0.38907163742690054 0.4781537828947368 0.026133040935672515 0.04809484649122808
0 0.37107090643274854 0.5017214912280702 0.02046783625730994 0.0352138157894737
0 0.4142909356725146 0.43951206140350874 0.0133406432748538 0.03576206140350878
0 0.38879751461988304 0.4308114035087719 0.015350877192982455 0.041107456140350884
0 0.4498793859649122 0.44766447368421053 0.015076754385964912 0.03699561403508773
0 0.460250365497076 0.46753289473684206 0.021198830409356724 0.038914473684210533
0 0.4549049707602339 0.4421847587719298 0.015625 0.024939692982456144
0 0.4581487573099415 0.4339624451754386 0.017726608187134504 0.03041940789473685
0 0.47752010233918124 0.4318379934210526 0.023391812865497075 0.03137883771929825
0 0.47889071637426894 0.4409498355263157 0.019736842105263157 0.032338267543859656
0 0.4713523391812865 0.47212308114035084 0.019828216374269007 0.05220668859649124
0 0.46778874269005843 0.502749451754386 0.019097222222222224 0.038092105263157906
0 0.48277412280701754 0.4738363486842105 0.01653874269005848 0.03398300438596492
0 0.4872057748538012 0.4977467105263158 0.01699561403508772 0.040422149122807026
0 0.49309941520467837 0.4538322368421053 0.028965643274853802 0.018634868421052636
0 0.4955208333333333 0.43094709429824557 0.019736842105263157 0.02987116228070176
0 0.504703947368421 0.5146861293859649 0.027503654970760235 0.03041940789473685
0 0.4970741959064327 0.5266748903508772 0.02942251461988304 0.026447368421052636
0 0.49620705409356725 0.5416790021929824 0.03408077485380113 0.028500548245614044
0 0.4963888888888889 0.4864583333333333 0.017635233918128657 0.04357456140350878
0 0.5163541666666667 0.4853618421052631 0.02266081871345029 0.026036184210526322
0 0.5208315058479531 0.45110608552631576 0.0133406432748538 0.039465460526315735
0 0.5308369883040935 0.4559703947368421 0.016904239766081873 0.037406798245613986
0 0.5445888157894737 0.4461732456140351 0.04111842105263158 0.02877741228070176
0 0.540751096491228 0.46556195175438597 0.020833333333333332 0.04508223684210521
0 0.5349031432748538 0.5153714364035087 0.022478070175438597 0.02685581140350878
0 0.5360910087719297 0.498859649122807 0.02010233918128655 0.0395997807017544
0 0.5569243421052631 0.4791968201754386 0.016812865497076022 0.04055921052631574
0 0.5387408625730994 0.4270504385964912 0.029605263157894735 0.018771929824561346
0 0.5665186403508772 0.4861828399122807 0.010964912280701754 0.03754660087719299
0 0.5739199561403509 0.48577165570175435 0.022112573099415205 0.033434758771929834
0 0.4997249634502924 0.5758936403508773 0.024486476608187095 0.04563048245614036
0 0.5175886330409356 0.5847998903508772 0.01891264619883037 0.036036184210526324
0 0.5411622807017544 0.5774013157894737 0.033168859649122806 0.035487938596491235
0 0.5420760233918128 0.5582168311403509 0.03298611111111111 0.029185855263157902
0 0.5269992690058479 0.6168640350877194 0.013797514619883041 0.051112938596491235
0 0.5835142543859648 0.6596929824561404 0.014985380116959063 0.060016447368421065
0 0.5989565058479531 0.6911403508771929 0.030884502923976608 0.057686403508771945
0 0.6090076754385964 0.677234100877193 0.027777777777777776 0.06248355263157896
0 0.6285617690058479 0.686138980263158 0.016264619883040937 0.04603892543859656
0 0.594296418128655 0.5994024122807018 0.02320906432748538 0.04467105263157896
0 0.5989108187134503 0.6340693530701754 0.009959795321637427 0.029048793859649192
0 0.6114290935672514 0.6526370614035087 0.021290204678362575 0.05850877192982458
0 0.6253636695906432 0.6413322368421053 0.020833333333333332 0.0430263157894737
0 0.6304349415204679 0.6479824561403509 0.02549342105263158 0.04727521929824562
0 0.6805537280701754 0.6984772478070176 0.019371345029239765 0.04740953947368416
0 0.6569791666666666 0.663671875 0.02010233918128655 0.05179550438596499
0 0.6760307017543858 0.6621655701754385 0.021107456140350877 0.03452850877192983
0 0.6451918859649123 0.6296217105263158 0.02540204678362573 0.049468201754385974
0 0.662827119883041 0.6274287280701755 0.01864035087719298 0.04508223684210527
0 0.6197441520467836 0.6011746162280702 0.012335526315789474 0.04987664473684206
0 0.6281962719298245 0.5973396381578948 0.01918859649122807 0.053714364035087794
0 0.602109831871345 0.5793201754385966 0.018181652046783587 0.03905153508771931
0 0.5500274122807017 0.5249739583333333 0.01343201754385965 0.010688048245614038
0 0.5613578216374269 0.5115460526315789 0.020376461988304093 0.021650219298245555
0 0.5787646198830408 0.5325781249999999 0.02046783625730994 0.05275493421052633
0 0.591328581871345 0.5190131578947368 0.013797514619883041 0.05576754385964908
0 0.6011513157894737 0.5100383771929825 0.01206140350877193 0.04439692982456135
0 0.6133031798245614 0.516203399122807 0.018090277777777736 0.04384868421052626
0 0.6054002192982456 0.5464871162280702 0.01653874269005848 0.03617598684210533
0 0.588998538011696 0.5566954495614035 0.019005847953216373 0.043708881578947444
0 0.5730537280701754 0.5754002192982457 0.01964546783625731 0.020553728070175442
0 0.5681652046783625 0.5582702850877193 0.01516812865497076 0.022746710526315793
0 0.5659722222222222 0.5483374451754386 0.028326023391812866 0.030008223684210595
0 0.5616319444444445 0.5723848684210526 0.018548976608187134 0.03343201754385966
0 0.611704130116959 0.592938596491228 0.012699195906432708 0.03507675438596492
0 0.629110014619883 0.5725219298245615 0.013888888888888888 0.01973135964912281
0 0.6326279239766082 0.5475150767543859 0.0245796783625731 0.036861293859649195
0 0.6211613669590643 0.5203837719298245 0.02064875730994148 0.04343749999999995
0 0.6375621345029239 0.5368270285087718 0.014894005847953216 0.04480537280701755
0 0.6467909356725146 0.5011992872807017 0.023117690058479533 0.02836348684210521
0 0.6237646198830409 0.4955126096491228 0.01653874269005848 0.04165570175438591
0 0.6492123538011696 0.5370326206140351 0.010964912280701754 0.023840460526315797
0 0.6758936403508771 0.5150397478070176 0.020833333333333332 0.033297697368420996
0 0.6429989035087719 0.5673834978070175 0.01608187134502924 0.04590186403508773
0 0.6536896929824562 0.5806071820175439 0.01699561403508772 0.04960252192982464
0 0.666345029239766 0.5591625548245615 0.03024488304093567 0.03412006578947369
0 0.6770815058479532 0.5547094298245614 0.018457602339181287 0.041107456140350884
0 0.6869499269005848 0.5242214912280702 0.018092105263157895 0.0412445175438596
0 0.671781798245614 0.5452535635964911 0.0133406432748538 0.01891173245614035
0 0.6914729532163743 0.5610800438596492 0.010873538011695907 0.03576206140350884
0 0.6995138888888889 0.5679317434210527 0.01617324561403509 0.03549067982456147
0 0.675985014619883 0.5973231907894737 0.016264619883040937 0.047957785087719376
0 0.7079660087719297 0.5470339912280701 0.021198830409356724 0.03973684210526317
0 0.7219462719298245 0.537923519736842 0.010782163742690058 0.03549067982456141
0 0.7144992690058479 0.5089418859649123 0.03499634502923977 0.040833333333333284
0 0.7255555555555555 0.49811677631578943 0.02183845029239766 0.025213815789473626
0 0.7313578216374268 0.5497080592105262 0.012792397660818713 0.05357730263157896
0 0.7468457602339181 0.538813048245614 0.019462719298245616 0.04467105263157896
0 0.7437847222222221 0.4976384320175438 0.02887426900584795 0.030830592105263104
0 0.7031688596491228 0.5945819627192982 0.013614766081871345 0.048780153508772
0 0.7181542397660818 0.5853330592105264 0.01836622807017544 0.05028782894736843
0 0.7261494883040935 0.578140076754386 0.017178362573099414 0.048231907894736914
0 0.7422313596491228 0.5923917214912281 0.01882309941520468 0.05206962719298241
0 0.6824725877192982 0.6450233004385965 0.014985380116959063 0.03836896929824568
0 0.6881834795321637 0.6327590460526316 0.01745248538011696 0.05001370614035095
0 0.7048135964912281 0.6283744517543859 0.018183479532163743 0.04014802631578948
0 0.7117580409356724 0.6102878289473683 0.013249269005847953 0.0483717105263158
0 0.724641812865497 0.6263199013157895 0.015990497076023392 0.04590186403508767
0 0.7352412280701753 0.631389802631579 0.020924707602339183 0.04480811403508773
0 0.7446984649122806 0.6254290021929825 0.02942251461988304 0.04521655701754381
0 0.7187938596491228 0.6563486842105264 0.014345760233918129 0.043163377192982466
0 0.7247331871345029 0.6684758771929824 0.014163011695906433 0.0430263157894737
0 0.7002914839181287 0.6715583881578947 0.02558296783625727 0.05439967105263165
0 0.7440131578947368 0.6784100877192982 0.02987938596491228 0.059879385964912296
0 0.7428252923976608 0.6907428728070176 0.025310672514619884 0.05467105263157896
0 0.7388048245614035 0.7071861293859649 0.03170687134502924 0.05083607456140346
0 0.7558461257309942 0.6573766447368421 0.025950292397660817 0.024117324561403513
0 0.7567598684210526 0.6101603618421053 0.01644736842105263 0.05248081140350885
0 0.7790095029239766 0.612420504385965 0.018183479532163743 0.04220394736842106
0 0.7813852339181286 0.6403056469298246 0.022021198830409358 0.04590186403508767
0 0.7938578216374268 0.6134484649122808 0.02010233918128655 0.045904605263157906
0 0.8007108918128655 0.6464035087719299 0.03307748538011696 0.024391447368421058
0 0.799751461988304 0.6838116776315789 0.01781798245614035 0.050699013157894685
0 0.8165186403508772 0.6844956140350877 0.023757309941520467 0.038914473684210533
0 0.8227320906432748 0.6692859100877193 0.03837719298245614 0.05234375000000008
0 0.8038176169590643 0.6067351973684212 0.02284356725146199 0.064265350877193
0 0.8221381578947368 0.6304399671052632 0.015625 0.05412554824561411
0 0.7645741959064327 0.5296559758771929 0.020741959064327485 0.025556469298245617
0 0.7826434576023392 0.5436321271929825 0.024533991228070175 0.050904605263157904
0 0.790204678362573 0.5857072368421052 0.021198830409356724 0.03665570175438591
0 0.7997532894736843 0.5779660087719298 0.0266812865497076 0.03788925438596498
0 0.8018777412280701 0.5615227521929824 0.019599780701754384 0.039805372807017556
0 0.787781432748538 0.5192187500000001 0.015625 0.034802631578947314
0 0.7971472953216374 0.5382648026315789 0.023391812865497075 0.01534539473684211
0 0.8009393274853801 0.526344572368421 0.015807748538011698 0.01507401315789474
0 0.8061476608187134 0.5129838267543859 0.023483187134502925 0.018226425438596493
0 0.806467470760234 0.49380071271929826 0.017726608187134504 0.026170504385964858
0 0.8417836257309942 0.5057908442982456 0.026589912280701754 0.031515899122806966
0 0.8446162280701754 0.4961293859649123 0.017269736842105265 0.025076754385964854
0 0.840047514619883 0.5212746710526316 0.018731725146198832 0.01808662280701755
0 0.8551242690058479 0.5362787828947368 0.019097222222222224 0.030556469298245622
0 0.8447076023391813 0.5435402960526315 0.019097222222222224 0.027815241228070182
0 0.8313669590643274 0.5492269736842106 0.017635233918128657 0.045493421052631586
0 0.8487737573099415 0.5606688596491228 0.024671052631578948 0.04316337719298253
0 0.8722569444444445 0.550733278508772 0.024671052631578948 0.03096765350877194
0 0.829813596491228 0.5933484100877193 0.012701023391812866 0.04713541666666674
0 0.8371235380116959 0.588828125 0.015807748538011698 0.034257127192982524
0 0.8387225877192982 0.674968475877193 0.030519005847953216 0.04398300438596499
0 0.8525201023391813 0.6638007127192983 0.023026315789473683 0.0570038377192982
0 0.8588249269005848 0.6467475328947369 0.02412280701754386 0.051110197368421005
0 0.8945065789473683 0.6161225328947368 0.0200109649122807 0.03206414473684205
0 0.8684192251461987 0.6038596491228071 0.013523391812865496 0.038229166666666675
0 0.8628453947368421 0.6103001644736842 0.012792397660818713 0.03110471491228077
0 0.8711147660818713 0.6965583881578947 0.019097222222222224 0.05316611842105258
0 0.8945065789473684 0.6507908442982456 0.019097222222222224 0.04603892543859644
0 0.8884758771929825 0.6844298245614036 0.01745248538011696 0.06262061403508773
0 0.8642406798245614 0.5265378289473684 0.01585343567251462 0.021239035087719304
0 0.8754797149122807 0.5344161184210526 0.022706505847953216 0.040833333333333346
0 0.8895285087719298 0.5453111293859649 0.014985380116959063 0.0316529605263158
0 0.8722121710526316 0.5943777412280703 0.014892178362573059 0.020690789473684214
0 0.9098574561403509 0.5598492324561403 0.026589912280701754 0.040970394736842115
0 0.9092178362573099 0.5944476425438596 0.018731725146198832 0.03809484649122814
0 0.9359448099415204 0.5903371710526316 0.027595029239766082 0.04521929824561405
0 0.9351224415204678 0.5358689692982456 0.03654970760233918 0.02452850877192983
0 0.9512956871345029 0.556765350877193 0.039656432748538015 0.02356907894736849
0 0.9491027046783626 0.5646450109649123 0.03490497076023392 0.02973410087719299
0 0.8982072368421052 0.5129180372807017 0.020650584795321638 0.030693530701754332
0 0.9210964912280701 0.494624451754386 0.029331140350877194 0.029462719298245617
0 0.9035069444444445 0.6407990679824561 0.016812865497076022 0.030419407894736787
0 0.9106798245614035 0.6305701754385965 0.01836622807017544 0.04069627192982457
0 0.9248428362573099 0.6283086622807017 0.0201937134502924 0.026036184210526322
0 0.908532529239766 0.6724410635964911 0.012975146198830409 0.03672423245614042
0 0.9142891081871345 0.6596970942982456 0.014619883040935672 0.03370888157894732
0 0.9375895467836257 0.6845682565789474 0.018092105263157895 0.04919133771929832
0 0.940924707602339 0.6404454495614035 0.01964546783625731 0.033845942982456086
0 0.9369956140350877 0.6182483552631579 0.03700657894736842 0.019320175438596498
0 0.9540369152046784 0.7016282894736843 0.02503654970760234 0.0633059210526316
0 0.9650932017543858 0.6988185307017544 0.020833333333333332 0.05933114035087721
0 0.9741392543859649 0.6994353070175439 0.031980994152046784 0.07947368421052634
0 0.9696619152046783 0.6507223135964912 0.02010233918128655 0.029185855263157964
0 0.9832766812865497 0.6725109649122807 0.02101608187134503 0.04234100877192983
0 0.9938304093567251 0.6756606359649122 0.01251827485380117 0.040970394736842115
0 0.9839163011695906 0.6257839912280702 0.03252923976608187 0.02151315789473685
0 0.9920029239766082 0.6470230263157895 0.015076754385964912 0.03411732456140352
0 0.9521637426900584 0.588563596491228 0.011239035087719298 0.03946271929824562
0 0.9795760233918128 0.6081592653508772 0.026589912280701754 0.02466282894736849
0 0.9891703216374268 0.6087061403508772 0.02238669590643275 0.044396929824561414
0 0.9797130847953216 0.5769736842105263 0.0266812865497076 0.025076754385964916
0 0.996297514619883 0.5854687500000001 0.007949561403508772 0.025076754385964916
0 0.9904952485380116 0.5518297697368421 0.019554093567251463 0.028774671052631585
0 0.9936933479532163 0.5436759868421053 0.0133406432748538 0.016304824561403513
0 0.9881652046783626 0.5059265350877193 0.0245796783625731 0.021650219298245555
0 0.9900840643274854 0.4987321820175439 0.019462719298245616 0.014662828947368362
0 0.9916374269005848 0.48948327850877194 0.01653874269005848 0.01671875
0 0.9665551900584795 0.5326452850877192 0.023026315789473683 0.018634868421052636
0 0.9429358552631578 0.5179152960526316 0.027136330409356684 0.02617050438596492
0 0.9575100511695906 0.5034594298245614 0.018090277777777736 0.041929824561403456
0 0.973408260233918 0.5089405153508771 0.020285087719298246 0.04357182017543855
0 0.8919937865497075 0.31476014254385964 0.014985380116959063 0.02904879385964913
0 0.3036348684210526 0.7302823464912281 0.037463450292397664 0.0361732456140351
0 0.3171125730994152 0.7110896381578947 0.0424890350877193 0.02850054824561398
0 0.3168841374269006 0.7408703399122807 0.02850877192982456 0.045216557017543936
0 0.3155135233918128 0.7660841557017544 0.033808479532163746 0.0556332236842106
0 0.08415570175438596 0.34364172149122807 0.017361111111111112 0.027129934210526323
0 0.12915570175438595 0.3452864583333333 0.013066520467836257 0.027129934210526323
0 0.11522112573099416 0.2768955592105263 0.010964912280701754 0.027678179824561378
0 0.5049305555555555 0.256359649122807 0.014985380116959063 0.02247258771929825
0 0.9376973684210527 0.05775356359649123 0.03444809941520468 0.029459978070175447
