0 0.4550438596491228 0.042626096491228074 0.0268640350877193 0.04111842105263158
0 0.4756944444444444 0.04509320175438597 0.0268640350877193 0.03837719298245614
0 0.45687134502923976 0.08100328947368421 0.028326023391812866 0.04057017543859649
0 0.5521747076023392 0.05249451754385965 0.017543859649122806 0.05098684210526316
0 0.3358004385964912 0.0434484649122807 0.023757309941520467 0.03179824561403509
0 0.35425804093567254 0.04084429824561403 0.03289473684210526 0.022203947368421052
0 0.3754568713450292 0.05838815789473684 0.025584795321637425 0.04139254385964912
0 0.5836074561403508 0.06085526315789473 0.02010233918128655 0.035910087719298246
0 0.39985380116959063 0.06921600877192982 0.018457602339181287 0.044407894736842105
0 0.3828581871345029 0.08826754385964912 0.017726608187134504 0.04413377192982456
0 0.39546783625730997 0.10279605263157894 0.019919590643274854 0.04577850877192982
0 0.6126644736842105 0.06633771929824561 0.03728070175438596 0.030975877192982455
0 0.6313048245614036 0.07044956140350878 0.04788011695906433 0.031524122807017545
0 0.5916483918128655 0.09525767543859648 0.024853801169590642 0.0581140350877193
0 0.592562134502924 0.11938048245614034 0.03435672514619883 0.047697368421052634
0 0.3586440058479532 0.06236293859649123 0.027777777777777776 0.022478070175438597
0 0.33333333333333337 0.06373355263157895 0.03271198830409357 0.02138157894736842
0 0.3262061403508772 0.07606907894736842 0.03125 0.023574561403508772
0 0.3146016081871345 0.08730811403508773 0.03508771929824561 0.03070175438596491
0 0.3446637426900585 0.08285361842105263 0.0400219298245614 0.019599780701754384
0 0.4376827485380117 0.0790844298245614 0.018092105263157895 0.05537280701754386
0 0.26818347953216376 0.07483552631578948 0.02412280701754386 0.038651315789473686
0 0.7226790935672515 0.07894736842105263 0.019736842105263157 0.046875
0 0.7070540935672515 0.10238486842105263 0.02942251461988304 0.03782894736842105
0 0.7052266081871345 0.12129934210526316 0.030153508771929825 0.054276315789473686
0 0.7268823099415205 0.12585663377192982 0.017178362573099414 0.05736019736842105
0 0.2683662280701754 0.11348684210526316 0.03728070175438596 0.0424890350877193
0 0.41209795321637427 0.08922697368421052 0.014437134502923976 0.05646929824561404
0 0.37381213450292394 0.08168859649122807 0.03033625730994152 0.03919956140350877
0 0.3583698830409357 0.1034813596491228 0.024671052631578948 0.023574561403508772
0 0.47286184210526316 0.0805921052631579 0.031067251461988302 0.03536184210526316
0 0.49798976608187134 0.08799342105263158 0.021747076023391813 0.04303728070175439
0 0.4750548245614035 0.09827302631578946 0.024853801169590642 0.041666666666666664
0 0.4536732456140351 0.11732456140350878 0.02046783625730994 0.05180921052631579
0 0.48204861111111114 0.1274671052631579 0.03234649122807018 0.05263157894736842
0 0.5392909356725146 0.09498355263157894 0.01918859649122807 0.06030701754385965
0 0.5218384502923976 0.09388706140350878 0.02046783625730994 0.05482456140350877
0 0.7625182748538012 0.0868969298245614 0.019371345029239765 0.04413377192982456
0 0.6830455043859649 0.08628015350877193 0.028188961988304093 0.04070723684210526
0 0.6853070175438596 0.1558045504385965 0.030519005847953216 0.053248355263157895
0 0.7932200292397661 0.09046052631578946 0.01608187134502924 0.04358552631578947
0 0.42525584795321636 0.09361293859649122 0.016264619883040937 0.048793859649122806
0 0.5759320175438596 0.09841008771929824 0.014985380116959063 0.05455043859649123
0 0.742781432748538 0.09402412280701755 0.021564327485380116 0.04523026315789474
0 0.5611293859649124 0.1015625 0.017543859649122806 0.05537280701754386
0 0.7786001461988304 0.09868421052631579 0.017909356725146198 0.04742324561403509
0 0.643640350877193 0.0912828947368421 0.02905701754385965 0.027138157894736843
0 0.620248538011696 0.12335526315789473 0.019554093567251463 0.0556469298245614
0 0.6484831871345029 0.14925986842105263 0.024853801169590642 0.044407894736842105
0 0.6283808479532164 0.15734649122807018 0.025584795321637425 0.055098684210526314
0 0.6630116959064327 0.16365131578947367 0.016264619883040937 0.05455043859649123
0 0.6428179824561404 0.1836622807017544 0.025219298245614034 0.05290570175438596
0 0.8727156432748537 0.09429824561403508 0.03618421052631579 0.033717105263157895
0 0.8543494152046783 0.1118421052631579 0.036366959064327485 0.033168859649122806
0 0.8516081871345029 0.13007127192982457 0.03453947368421053 0.05263157894736842
0 0.6190606725146198 0.10375548245614036 0.028143274853801168 0.04331140350877193
0 0.23962902046783627 0.10814144736842105 0.023848684210526317 0.044407894736842105
0 0.6492141812865497 0.10992324561403509 0.019371345029239765 0.046875
0 0.661641081871345 0.10704495614035088 0.014619883040935672 0.03892543859649123
0 0.8125 0.11211622807017545 0.02138157894736842 0.04797149122807018
0 0.7883771929824561 0.12637061403508773 0.04111842105263158 0.04139254385964912
0 0.754203216374269 0.15501644736842105 0.01882309941520468 0.03344298245614035
0 0.7718384502923977 0.16721491228070176 0.025219298245614034 0.05290570175438596
0 0.5160818713450293 0.11855811403508773 0.028691520467836257 0.05317982456140351
0 0.5051169590643275 0.1528234649122807 0.017726608187134504 0.06578947368421052
0 0.32821637426900585 0.10964912280701755 0.03782894736842105 0.034265350877192985
0 0.3358004385964912 0.11842105263157894 0.04532163742690058 0.023300438596491228
0 0.36156798245614036 0.12828947368421054 0.0402046783625731 0.036458333333333336
0 0.3385416666666667 0.14665570175438594 0.036915204678362575 0.036458333333333336
0 0.5460526315789473 0.12335526315789475 0.02284356725146199 0.055098684210526314
0 0.9122807017543859 0.1240405701754386 0.022112573099415205 0.05098684210526316
0 0.899031432748538 0.12924890350877194 0.023757309941520467 0.05537280701754386
0 0.752467105263158 0.1230811403508772 0.034722222222222224 0.031524122807017545
0 0.9334795321637427 0.13411458333333334 0.01663011695906433 0.04810855263157895
0 0.9440789473684211 0.15008223684210525 0.0268640350877193 0.05263157894736842
0 0.9253015350877193 0.1577576754385965 0.02403143274853801 0.051535087719298246
0 0.9781615497076023 0.1377467105263158 0.020833333333333332 0.05592105263157895
0 0.9648209064327485 0.14076206140350878 0.021564327485380116 0.04824561403508772
0 0.9894005847953216 0.17667214912280702 0.02101608187134503 0.05592105263157895
0 0.9692068713450293 0.17845394736842105 0.03252923976608187 0.05619517543859649
0 0.9418859649122807 0.19380482456140352 0.026133040935672515 0.05290570175438596
0 0.9651864035087719 0.20148026315789475 0.0266812865497076 0.04577850877192982
0 0.9881670321637427 0.2269736842105263 0.023300438596491228 0.04413377192982456
0 0.37929459064327486 0.14089912280701755 0.02010233918128655 0.05345394736842105
0 0.41986476608187134 0.13706140350877194 0.039108187134502925 0.04029605263157895
0 0.39194992690058483 0.14816337719298245 0.029148391812865496 0.06030701754385965
0 0.4072551169590643 0.17749451754385967 0.031067251461988302 0.04550438596491228
0 0.3916758040935673 0.17557565789473684 0.028782894736842105 0.05317982456140351
0 0.48483187134502925 0.14131030701754385 0.03271198830409357 0.04550438596491228
0 0.710297880116959 0.14185855263157895 0.029696637426900586 0.044407894736842105
0 0.7004751461988303 0.1957236842105263 0.02905701754385965 0.062225877192982455
0 0.7183845029239766 0.19029331140350877 0.03344298245614035 0.05389802631578947
0 0.7129934210526316 0.2021655701754386 0.025584795321637425 0.049342105263157895
0 0.5700840643274854 0.1410361842105263 0.02010233918128655 0.03344298245614035
0 0.5946637426900585 0.14432565789473684 0.03271198830409357 0.0356359649122807
0 0.5643274853801169 0.17667214912280702 0.022478070175438597 0.04824561403508772
0 0.5743786549707602 0.1631030701754386 0.018092105263157895 0.018914473684210526
0 0.28426535087719296 0.13445723684210525 0.04203216374269006 0.015899122807017545
0 0.2406798245614035 0.14830043859649122 0.030884502923976608 0.03974780701754386
0 0.26708698830409355 0.1484375 0.04532163742690058 0.023026315789473683
0 0.32803362573099415 0.15076754385964913 0.036366959064327485 0.04139254385964912
0 0.3086622807017544 0.1558388157894737 0.02138157894736842 0.04550438596491228
0 0.1810124269005848 0.1650904605263158 0.02412280701754386 0.0678453947368421
0 0.4418859649122807 0.1445997807017544 0.044042397660818716 0.025219298245614034
0 0.4577850877192982 0.16762609649122806 0.04623538011695907 0.03289473684210526
0 0.4882127192982456 0.20298793859649122 0.02448830409356725 0.03837719298245614
0 0.819718567251462 0.1581688596491228 0.02448830409356725 0.05180921052631579
0 0.7923976608187134 0.15995065789473684 0.018092105263157895 0.054276315789473686
0 0.8072002923976609 0.16282894736842107 0.01882309941520468 0.04577850877192982
0 0.11974597953216373 0.15782620614035087 0.03280336257309942 0.04893092105263158
0 0.8508771929824562 0.1602247807017544 0.0268640350877193 0.05098684210526316
0 0.8797514619883041 0.1714638157894737 0.03892543859649123 0.025767543859649123
0 0.8723501461988303 0.19216008771929824 0.05299707602339181 0.0200109649122807
0 0.5314327485380117 0.15405701754385964 0.036366959064327485 0.03536184210526316
0 0.2895650584795322 0.1602247807017544 0.02010233918128655 0.039473684210526314
0 0.2606907894736842 0.17790570175438597 0.041666666666666664 0.04084429824561404
0 0.2669042397660819 0.19853344298245615 0.02412280701754386 0.06291118421052631
0 0.22624269005847952 0.20915570175438597 0.03709795321637427 0.046875
0 0.1938048245614035 0.16981907894736842 0.0266812865497076 0.05646929824561404
0 0.35809576023391815 0.1689967105263158 0.02412280701754386 0.054276315789473686
0 0.3629385964912281 0.1992872807017544 0.028691520467836257 0.07044956140350878
0 0.1625548245614035 0.16707785087719296 0.02266081871345029 0.049890350877192985
0 0.6097404970760234 0.17598684210526314 0.02448830409356725 0.057839912280701754
0 0.49492872807017546 0.17941337719298245 0.027320906432748537 0.0581140350877193
0 0.911641081871345 0.1796875 0.035818713450292396 0.046052631578947366
0 0.41840277777777773 0.1859923245614035 0.03399122807017544 0.052083333333333336
0 0.44279970760233917 0.18338815789473686 0.04258040935672515 0.02987938596491228
0 0.5936586257309941 0.1958607456140351 0.03033625730994152 0.06853070175438597
0 0.6194261695906432 0.2090186403508772 0.023026315789473683 0.046600877192982455
0 0.3352521929824562 0.1933936403508772 0.02448830409356725 0.0581140350877193
0 0.3221856725146199 0.20202850877192982 0.01699561403508772 0.05619517543859649
0 0.5370979532163742 0.19654605263157895 0.02942251461988304 0.05838815789473684
0 0.5530884502923976 0.1976425438596491 0.021564327485380116 0.060032894736842105
0 0.20668859649122806 0.1855811403508772 0.011513157894736841 0.03536184210526316
0 0.2945221125730994 0.18863075657894737 0.03723501461988304 0.02597313596491228
0 0.2967836257309942 0.21570038377192982 0.03307748538011696 0.04913651315789474
0 0.2796582602339181 0.2141968201754386 0.033717105263157895 0.02987938596491228
0 0.760233918128655 0.20093201754385964 0.02503654970760234 0.04851973684210526
0 0.7789656432748537 0.2183388157894737 0.021929824561403508 0.05537280701754386
0 0.4719480994152047 0.20586622807017543 0.02850877192982456 0.05455043859649123
0 0.6933479532163743 0.21244517543859648 0.04075292397660819 0.0644188596491228
0 0.6938961988304093 0.24054276315789472 0.0360014619883041 0.046052631578947366
0 0.7222222222222222 0.2645970394736842 0.027960526315789474 0.06894188596491228
0 0.8083881578947368 0.19791666666666669 0.04568713450292398 0.033717105263157895
0 0.15460526315789475 0.20977247807017543 0.027960526315789474 0.04920504385964912
0 0.12189327485380116 0.19969846491228072 0.03892543859649123 0.027412280701754384
0 0.9185855263157894 0.21861293859649122 0.02850877192982456 0.06085526315789474
0 0.9379568713450293 0.2445175438596491 0.031432748538011694 0.0424890350877193
0 0.5183662280701755 0.21792763157894737 0.025584795321637425 0.05619517543859649
0 0.6680372807017544 0.2216282894736842 0.017909356725146198 0.06195175438596491
0 0.5879020467836257 0.22176535087719298 0.027595029239766082 0.060032894736842105
0 0.44213724415204675 0.22255345394736842 0.02563048245614035 0.056674890350877194
0 0.4184027777777778 0.26466557017543857 0.024853801169590642 0.05537280701754386
0 0.4334566885964912 0.2669956140350877 0.03156980994152047 0.03919956140350877
0 0.1899671052631579 0.21025219298245615 0.039473684210526314 0.029331140350877194
0 0.8349780701754386 0.22135416666666669 0.07401315789473684 0.051535087719298246
0 0.8795687134502924 0.21121162280701755 0.03125 0.022478070175438597
0 0.7960526315789473 0.24150219298245615 0.02138157894736842 0.0512609649122807
0 0.7642543859649124 0.2382127192982456 0.04842836257309942 0.0424890350877193
0 0.8381761695906433 0.23451206140350878 0.04093567251461988 0.03179824561403509
0 0.8124086257309941 0.25808662280701755 0.02631578947368421 0.06359649122807018
0 0.3827668128654971 0.22080592105263158 0.02046783625730994 0.04824561403508772
0 0.24753289473684212 0.22450657894736842 0.028143274853801168 0.05345394736842105
0 0.421875 0.2240611293859649 0.03545321637426901 0.050370065789473686
0 0.5735562865497076 0.2305372807017544 0.025219298245614034 0.06112938596491228
0 0.4679504751461988 0.22248492324561403 0.030747441520467836 0.04228344298245614
0 0.11357821637426901 0.2246436403508772 0.023757309941520467 0.043859649122807015
0 0.9079861111111112 0.23903508771929827 0.03508771929824561 0.0693530701754386
0 0.887609649122807 0.24040570175438597 0.034173976608187134 0.035910087719298246
0 0.9089912280701754 0.2831688596491228 0.028691520467836257 0.05345394736842105
0 0.948921783625731 0.30688048245614036 0.021929824561403508 0.0537280701754386
0 0.8979349415204678 0.3177083333333333 0.035818713450292396 0.0693530701754386
0 0.9293676900584795 0.32195723684210525 0.01827485380116959 0.07017543859649122
0 0.9222404970760234 0.3412828947368421 0.029239766081871343 0.055098684210526314
0 0.6291118421052632 0.26192434210526316 0.02266081871345029 0.05646929824561404
0 0.6099232456140351 0.2668585526315789 0.01827485380116959 0.06359649122807018
0 0.49515716374269003 0.24383223684210525 0.0222953216374269 0.05975877192982456
0 0.4794407894736842 0.24972587719298248 0.029970760233918127 0.02987938596491228
0 0.329312865497076 0.24328399122807018 0.026498538011695907 0.05098684210526316
0 0.3300438596491228 0.2805646929824561 0.02101608187134503 0.03125
0 0.23026315789473684 0.24054276315789475 0.01918859649122807 0.04331140350877193
0 0.2269279970760234 0.2798108552631579 0.05180921052631579 0.04043311403508772
0 0.5407529239766081 0.23355263157894735 0.036366959064327485 0.02275219298245614
0 0.959703947368421 0.24821820175438597 0.043859649122807015 0.049890350877192985
0 0.2972404970760234 0.2519188596491228 0.04093567251461988 0.05235745614035088
0 0.3036366959064328 0.26254111842105265 0.03179824561403509 0.059895833333333336
0 0.1955528143274854 0.24986293859649122 0.02460343567251464 0.046600877192982455
0 0.3418311403508772 0.2509594298245614 0.025219298245614034 0.04550438596491228
0 0.7928545321637427 0.2944078947368421 0.028143274853801168 0.05290570175438596
0 0.7820723684210527 0.33415570175438597 0.031067251461988302 0.07044956140350878
0 0.7634320175438597 0.3508771929824561 0.025950292397660817 0.05674342105263158
0 0.3813961988304093 0.263671875 0.03709795321637427 0.04858826754385965
0 0.7646198830409358 0.2708333333333333 0.0268640350877193 0.057839912280701754
0 0.5343567251461988 0.2604166666666667 0.055738304093567254 0.030975877192982455
0 0.45977247807017546 0.2739857456140351 0.027640716374269007 0.06030701754385965
0 0.6723318713450293 0.27042214912280704 0.03271198830409357 0.052083333333333336
0 0.8360745614035088 0.2727521929824561 0.021747076023391813 0.05345394736842105
0 0.8675073099415205 0.2582236842105263 0.04367690058479532 0.024945175438596492
0 0.5915570175438597 0.2857044956140351 0.023574561403508772 0.0722313596491228
0 0.34877558479532167 0.2802905701754386 0.03289473684210526 0.05866228070175439
0 0.9840095029239766 0.28659539473684215 0.025219298245614034 0.06359649122807018
0 0.9642726608187134 0.28453947368421056 0.027777777777777776 0.0556469298245614
0 0.25388340643274854 0.2730263157894737 0.029331140350877194 0.02768640350877193
0 0.5593019005847953 0.2879660087719298 0.03874269005847953 0.05043859649122807
0 0.6895559210526315 0.2890625 0.04504751461988304 0.04824561403508772
0 0.8789290935672515 0.29344846491228066 0.021198830409356724 0.05756578947368421
0 0.8422423245614036 0.2922149122807018 0.041209795321637425 0.0512609649122807
0 0.8315058479532165 0.3319627192982456 0.04258040935672515 0.057839912280701754
0 0.8524305555555556 0.3368969298245614 0.023391812865497075 0.05838815789473684
0 0.8632127192982456 0.29509320175438597 0.0222953216374269 0.06304824561403509
0 0.5364583333333334 0.3033168859649123 0.019371345029239765 0.0581140350877193
0 0.5286001461988303 0.3279879385964912 0.035818713450292396 0.046600877192982455
0 0.8905336257309941 0.30646929824561403 0.018092105263157895 0.0512609649122807
0 0.40826023391812866 0.3152412280701754 0.030519005847953216 0.06551535087719298
0 0.38039108187134507 0.3067434210526316 0.04057017543859649 0.036458333333333336
0 0.636513157894737 0.2976973684210526 0.04294590643274854 0.02987938596491228
0 0.4418055555555555 0.31395559210526314 0.036937134502923956 0.06534539473684213
0 0.27595029239766083 0.3216831140350877 0.0268640350877193 0.06085526315789474
0 0.471765350877193 0.3271655701754386 0.02850877192982456 0.05921052631578947
0 0.8018092105263158 0.32579495614035087 0.01864035087719298 0.05701754385964912
0 0.08717105263157895 0.3293585526315789 0.029788011695906433 0.06195175438596491
0 0.11275584795321637 0.3374451754385965 0.026133040935672515 0.061677631578947366
0 0.6080957602339182 0.33689692982456143 0.03399122807017544 0.07538377192982457
0 0.13180738304093567 0.33744517543859653 0.028965643274853802 0.06825657894736842
0 0.1716922514619883 0.33059210526315785 0.019005847953216373 0.05290570175438596
0 0.011239035087719298 0.3289473684210526 0.02266081871345029 0.04906798245614035
0 0.7058433845029239 0.3388157894736842 0.0278234649122807 0.06825657894736842
0 0.6870431286549707 0.3422423245614035 0.024853801169590642 0.05537280701754386
0 0.7208516081871345 0.35773026315789475 0.0222953216374269 0.05619517543859649
0 0.21957236842105263 0.3360745614035088 0.03289473684210526 0.057839912280701754
0 0.5632309941520468 0.3294270833333333 0.03307748538011696 0.04509320175438596
0 0.653782894736842 0.3347039473684211 0.02887426900584795 0.05619517543859649
0 0.9737755847953216 0.3249725877192982 0.04312865497076023 0.03399122807017544
0 0.3524305555555556 0.3385416666666667 0.01608187134502924 0.04797149122807018
0 0.055372807017543865 0.35101425438596495 0.01882309941520468 0.06798245614035088
0 0.06578947368421052 0.3511513157894737 0.0133406432748538 0.0424890350877193
0 0.0379203216374269 0.3917214912280702 0.0266812865497076 0.07154605263157894
0 0.3300438596491228 0.33751370614035087 0.03673245614035088 0.0434484649122807
0 0.36385233918128657 0.3510142543859649 0.01663011695906433 0.0625
0 0.3538011695906433 0.38020833333333337 0.04331140350877193 0.04029605263157895
0 0.9712171052631579 0.348547149122807 0.04532163742690058 0.04550438596491228
0 0.2862755847953216 0.354577850877193 0.02631578947368421 0.051535087719298246
0 0.2893823099415205 0.3733552631578947 0.03508771929824561 0.04139254385964912
0 0.41255482456140347 0.3721217105263158 0.025584795321637425 0.08607456140350878
0 0.38879751461988304 0.35800438596491224 0.035818713450292396 0.04961622807017544
0 0.9576937134502924 0.3606085526315789 0.03837719298245614 0.05482456140350877
0 0.9472770467836257 0.3896655701754386 0.04349415204678363 0.02905701754385965
0 0.8716648391812866 0.3654742324561403 0.026224415204678362 0.06071820175438596
0 0.6149945175438596 0.3715734649122807 0.029513888888888888 0.06743421052631579
0 0.5611293859649122 0.37678179824561403 0.02887426900584795 0.07675438596491228
0 0.01781798245614035 0.3691063596491228 0.03545321637426901 0.06030701754385965
0 0.4553636695906433 0.3665021929824562 0.0424890350877193 0.04797149122807018
0 0.7791483918128654 0.3704769736842105 0.014985380116959063 0.05098684210526316
0 0.1631030701754386 0.3748629385964912 0.019005847953216373 0.05263157894736842
0 0.16611842105263158 0.40282346491228066 0.015899122807017545 0.041666666666666664
0 0.15387426900584797 0.41954495614035087 0.03782894736842105 0.023574561403508772
0 0.14866593567251463 0.4465460526315789 0.04349415204678363 0.0424890350877193
0 0.48458059210526316 0.4394188596491228 0.019325657894736843 0.04851973684210526
0 0.6416301169590642 0.3867872807017544 0.027595029239766082 0.07099780701754387
0 0.8008954678362573 0.37527412280701755 0.034722222222222224 0.03919956140350877
0 0.32401315789473684 0.38637609649122806 0.0268640350877193 0.05701754385964912
0 0.26617324561403505 0.40981359649122806 0.029970760233918127 0.07154605263157894
0 0.31542397660818716 0.4033717105263158 0.020650584795321638 0.048793859649122806
0 0.28170687134502925 0.4336622807017544 0.035818713450292396 0.05674342105263158
0 0.3204495614035088 0.4484649122807018 0.05007309941520468 0.07154605263157894
0 0.5359100877192983 0.39925986842105265 0.021929824561403508 0.08223684210526316
0 0.8241045321637427 0.3960389254385965 0.03179824561403509 0.0746984649122807
0 0.24899488304093567 0.3978892543859649 0.02266081871345029 0.07839912280701754
0 0.18302266081871343 0.39172149122807015 0.025219298245614034 0.061677631578947366
0 0.12623355263157895 0.3996710526315789 0.024762426900584795 0.07264254385964912
0 0.69437591374269 0.39806058114035087 0.04353983918128655 0.06942160087719298
0 0.5956688596491229 0.39490816885964913 0.03216374269005848 0.05969024122807018
0 0.6240405701754386 0.4125548245614035 0.028417397660818713 0.057839912280701754
0 0.06816520467836257 0.4037828947368421 0.024671052631578948 0.06716008771929824
0 0.08963815789473684 0.4067297149122807 0.028143274853801168 0.07442434210526316
0 0.21655701754385964 0.4041940789473684 0.03307748538011696 0.06633771929824561
0 0.21884137426900585 0.42626096491228066 0.03654970760233918 0.06112938596491228
0 0.6662097953216375 0.40597587719298245 0.03289473684210526 0.0649671052631579
0 0.6796418128654971 0.4078947368421053 0.030153508771929825 0.060581140350877194
0 0.7170138888888888 0.40967653508771934 0.03837719298245614 0.07182017543859649
0 0.7478983918128655 0.40878563596491224 0.02631578947368421 0.06126644736842105
0 0.890625 0.4027549342105263 0.041301169590643276 0.04399671052631579
0 0.3967470760233918 0.4194078947368421 0.023574561403508772 0.07428728070175439
0 0.3702485380116959 0.4288651315789474 0.019554093567251463 0.06743421052631579
0 0.3820358187134503 0.48122258771929827 0.03618421052631579 0.054276315789473686
0 0.37335526315789475 0.4699835526315789 0.03125 0.03070175438596491
0 0.34493786549707606 0.5010964912280702 0.044956140350877194 0.036458333333333336
0 0.3518823099415205 0.3978892543859649 0.03070175438596491 0.02631578947368421
0 0.7890168128654971 0.4035087719298246 0.04824561403508772 0.033168859649122806
0 0.5146198830409358 0.4309895833333333 0.0268640350877193 0.0815515350877193
0 0.5758406432748538 0.43475877192982454 0.023940058479532164 0.08854166666666667
0 0.6047149122807017 0.46011513157894735 0.04806286549707602 0.03728070175438596
0 0.6005116959064327 0.48862390350877194 0.04550438596491228 0.03234649122807018
0 0.43320540935672514 0.42461622807017546 0.03179824561403509 0.05235745614035088
0 0.4434393274853801 0.47121710526315785 0.019736842105263157 0.05345394736842105
0 0.9506578947368421 0.4155701754385965 0.04952485380116959 0.032072368421052634
0 0.4492872807017544 0.42160087719298245 0.03728070175438596 0.0424890350877193
0 0.3514254385964912 0.43338815789473684 0.020650584795321638 0.05674342105263158
0 0.3405519005847953 0.4901315789473684 0.049707602339181284 0.062225877192982455
0 0.5532711988304094 0.4316063596491228 0.024853801169590642 0.05592105263157895
0 0.5514555921052632 0.4735814144736842 0.05269919590643273 0.03721217105263158
0 0.8358918128654971 0.4390076754385965 0.020650584795321638 0.06578947368421052
0 0.8670504385964912 0.43845942982456143 0.039108187134502925 0.05537280701754386
0 0.10147112573099415 0.4447642543859649 0.03042763157894737 0.06578947368421052
0 0.06560672514619884 0.4412691885964912 0.044042397660818716 0.030016447368421052
0 0.06716008771929824 0.4686129385964912 0.049342105263157895 0.027412280701754384
0 0.0581140350877193 0.4902686403508772 0.028326023391812866 0.044407894736842105
0 0.028782894736842105 0.5197368421052632 0.029605263157894735 0.034265350877192985
0 0.04532163742690058 0.5333059210526316 0.03125 0.05043859649122807
0 0.04349415204678363 0.5572916666666667 0.034173976608187134 0.05674342105263158
0 0.01941703216374269 0.5581140350877193 0.024945175438596492 0.05180921052631579
0 0.41031615497076024 0.4425712719298246 0.022934941520467836 0.05592105263157895
0 0.6421783625730993 0.45134320175438597 0.037463450292397664 0.05975877192982456
0 0.023574561403508772 0.4458607456140351 0.0403874269005848 0.03837719298245614
0 0.42507309941520466 0.46230811403508776 0.021747076023391813 0.06853070175438597
0 0.7736659356725146 0.47114857456140347 0.03654970760233918 0.08456688596491228
0 0.6631030701754387 0.46813322368421056 0.01864035087719298 0.07579495614035088
0 0.6312134502923976 0.49725877192982454 0.0535453216374269 0.038651315789473686
0 0.5680738304093567 0.5019188596491228 0.04532163742690058 0.03919956140350877
0 0.597359283625731 0.516858552631579 0.0245796783625731 0.03892543859649123
0 0.6495796783625731 0.5268640350877193 0.0489766081871345 0.04358552631578947
0 0.6127558479532164 0.5394736842105263 0.025767543859649123 0.0649671052631579
0 0.6677631578947368 0.5464638157894737 0.028326023391812866 0.07291666666666667
0 0.5963998538011696 0.5607182017543859 0.029605263157894735 0.05482456140350877
0 0.8069261695906432 0.45476973684210525 0.035818713450292396 0.04797149122807018
0 0.6854897660818714 0.4722450657894737 0.031615497076023395 0.06921600877192982
0 0.754203216374269 0.4723135964912281 0.02540204678362573 0.06387061403508772
0 0.7371162280701755 0.4794407894736842 0.01827485380116959 0.057839912280701754
0 0.7402229532163742 0.5235745614035088 0.023026315789473683 0.05345394736842105
0 0.720486111111111 0.4745065789473684 0.021564327485380116 0.06606359649122807
0 0.7043128654970761 0.4702576754385965 0.01918859649122807 0.05756578947368421
0 0.1118421052631579 0.4683388157894737 0.024671052631578948 0.051535087719298246
0 0.2808845029239766 0.46271929824561403 0.03234649122807018 0.036458333333333336
0 0.2569444444444444 0.4668311403508772 0.033808479532163746 0.032072368421052634
0 0.12801535087719298 0.48026315789473684 0.029605263157894735 0.06990131578947369
0 0.18302266081871346 0.4719024122807018 0.025950292397660817 0.04824561403508772
0 0.471125730994152 0.48793859649122806 0.04148391812865497 0.0556469298245614
0 0.5027412280701754 0.48519736842105265 0.023574561403508772 0.07209429824561403
0 0.39263523391812866 0.5175438596491229 0.03983918128654971 0.05290570175438596
0 0.3643092105263158 0.5304276315789473 0.03618421052631579 0.0556469298245614
0 0.4794407894736842 0.5444078947368421 0.03764619883040936 0.0693530701754386
0 0.3372624269005848 0.5267269736842105 0.04751461988304093 0.03070175438596491
0 0.43603801169590645 0.5368695175438597 0.05135233918128655 0.04057017543859649
0 0.3213633040935673 0.548656798245614 0.02412280701754386 0.02905701754385965
0 0.3844115497076024 0.5519462719298245 0.03252923976608187 0.02905701754385965
0 0.42498172514619886 0.5671600877192982 0.0445906432748538 0.059484649122807015
0 0.35718201754385964 0.5803865131578948 0.029605263157894735 0.08045504385964912
0 0.33552631578947373 0.587342379385965 0.02101608187134503 0.09272203947368421
0 0.39647295321637427 0.5729166666666666 0.02010233918128655 0.03755482456140351
0 0.3935489766081871 0.5927905701754386 0.046052631578947366 0.054276315789473686
0 0.006304824561403508 0.4680646929824562 0.012792397660818713 0.03618421052631579
0 0.1509502923976608 0.4842379385964912 0.048793859649122806 0.044956140350877194
0 0.22331871345029242 0.5104166666666666 0.029788011695906433 0.0556469298245614
0 0.20760233918128654 0.5074013157894737 0.01918859649122807 0.04468201754385965
0 0.15570175438596492 0.4973958333333333 0.04513888888888889 0.01918859649122807
0 0.1960891812865497 0.5201480263157895 0.02284356725146199 0.05975877192982456
0 0.17116684941520469 0.5340775767543859 0.027732090643274854 0.08247532894736839
0 0.18172057748538012 0.545641447368421 0.03358004385964912 0.06359649122807018
0 0.20609466374269006 0.5572916666666667 0.033168859649122806 0.05071271929824561
0 0.24689327485380116 0.4932839912280702 0.03307748538011696 0.05537280701754386
0 0.2404970760233918 0.5101425438596491 0.02284356725146199 0.04523026315789474
0 0.8454404239766081 0.5142543859649122 0.029513888888888888 0.09237938596491228
0 0.01909722222222222 0.49438048245614036 0.038011695906432746 0.049342105263157895
0 0.031044407894736843 0.49246162280701755 0.05103252923976608 0.03234649122807018
0 0.006853070175438596 0.5475603070175439 0.013888888888888888 0.0625
0 0.8963815789473684 0.5045230263157895 0.02138157894736842 0.06853070175438597
0 0.3958333333333333 0.48793859649122806 0.0356359649122807 0.033717105263157895
0 0.2814327485380117 0.4898231907894737 0.0360014619883041 0.029262609649122806
0 0.8789290935672515 0.5137061403508771 0.02850877192982456 0.07483552631578948
0 0.9114583333333333 0.549890350877193 0.051900584795321635 0.04029605263157895
0 0.07693713450292397 0.5095942982456141 0.03673245614035088 0.06112938596491228
0 0.05921052631578947 0.5645559210526315 0.028691520467836257 0.044407894736842105
0 0.08141447368421052 0.5614035087719298 0.025584795321637425 0.061677631578947366
0 0.062317251461988306 0.618421052631579 0.030884502923976608 0.06551535087719298
0 0.8188048245614035 0.5109649122807017 0.021198830409356724 0.05893640350877193
0 0.8085709064327485 0.5375548245614036 0.027046783625730993 0.05674342105263158
0 0.30646929824561403 0.5134320175438596 0.022112573099415205 0.06277412280701754
0 0.2835343567251462 0.5135690789473685 0.036915204678362575 0.03453947368421053
0 0.7905701754385965 0.5135690789473684 0.03527046783625731 0.05098684210526316
0 0.758954678362573 0.5407072368421053 0.0447733918128655 0.06195175438596491
0 0.7799707602339181 0.5559210526315789 0.03709795321637427 0.04468201754385965
0 0.7588633040935673 0.5952576754385965 0.02266081871345029 0.07894736842105263
0 0.7399488304093568 0.6326069078947368 0.023940058479532164 0.03700657894736842
0 0.7571134868421052 0.6627384868421052 0.0343841374269006 0.05464364035087723
0 0.0998720760233918 0.5054824561403508 0.031067251461988302 0.02823464912280702
0 0.13002558479532164 0.5408442982456141 0.028143274853801168 0.04851973684210526
0 0.10398391812865497 0.5319353070175438 0.026133040935672515 0.02850877192982456
0 0.12774122807017543 0.564967105263158 0.022112573099415205 0.05838815789473684
0 0.6916575292397661 0.5271381578947368 0.026041666666666668 0.0644188596491228
0 0.8315058479532164 0.5301535087719298 0.022478070175438597 0.06551535087719298
0 0.15826023391812866 0.5363212719298246 0.028691520467836257 0.07510964912280702
0 0.7167397660818713 0.5265899122807017 0.030884502923976608 0.05180921052631579
0 0.13861476608187134 0.5167214912280702 0.03252923976608187 0.023300438596491228
0 0.5587536549707602 0.5492050438596491 0.02010233918128655 0.06140350877192982
0 0.5459155701754386 0.5568804824561403 0.02403143274853801 0.052083333333333336
0 0.5609466374269005 0.6036869517543859 0.039108187134502925 0.052220394736842105
0 0.5567872807017543 0.6184758771929824 0.03728070175438596 0.05482456140350877
0 0.25447733918128657 0.5500274122807017 0.015350877192982455 0.052083333333333336
0 0.6230811403508772 0.5678453947368421 0.0266812865497076 0.07236842105263158
0 0.6456505847953217 0.5602384868421053 0.02540204678362573 0.06620065789473684
0 0.6314875730994152 0.6154742324561403 0.021564327485380116 0.07579495614035088
0 0.2389437134502924 0.5575657894736842 0.016812865497076022 0.0556469298245614
0 0.48008040935672514 0.5653782894736842 0.0356359649122807 0.06962719298245613
0 0.4925073099415205 0.5916940789473684 0.0268640350877193 0.05317982456140351
0 0.4537646198830409 0.6080043859649124 0.037463450292397664 0.04851973684210526
0 0.7279788011695907 0.5619517543859649 0.03326023391812866 0.05400219298245614
0 0.5105080409356725 0.5653782894736843 0.02448830409356725 0.05866228070175439
0 0.5229349415204678 0.5858004385964912 0.031432748538011694 0.08031798245614036
0 0.5074013157894737 0.5853892543859649 0.024853801169590642 0.051535087719298246
0 0.21555190058479534 0.5689418859649124 0.03983918128654971 0.06414473684210527
0 0.10361842105263158 0.5782620614035088 0.03307748538011696 0.0800438596491228
0 0.11211622807017543 0.5675712719298246 0.021929824561403508 0.047697368421052634
0 0.0872624269005848 0.6137609649122807 0.04239766081871345 0.04742324561403509
0 0.7025767543859649 0.5542763157894737 0.019736842105263157 0.03262061403508772
0 0.8650402046783626 0.5616776315789475 0.039108187134502925 0.04194078947368421
0 0.3007127192982456 0.5816885964912281 0.0222953216374269 0.07154605263157894
0 0.31569809941520466 0.5873081140350878 0.019371345029239765 0.06524122807017543
0 0.4324744152046784 0.5800438596491229 0.039473684210526314 0.05674342105263158
0 0.8375365497076023 0.5819627192982456 0.02942251461988304 0.05016447368421053
0 0.801626461988304 0.5774396929824562 0.05847953216374269 0.02631578947368421
0 0.810124269005848 0.5936129385964912 0.041849415204678365 0.030153508771929825
0 0.7879203216374269 0.6011513157894737 0.03837719298245614 0.022203947368421052
0 0.8389071637426901 0.6060855263157895 0.01864035087719298 0.018914473684210526
0 0.8188961988304093 0.6382949561403509 0.0360014619883041 0.07072368421052631
0 0.7941337719298246 0.6170504385964912 0.047149122807017545 0.023300438596491228
0 0.8393640350877193 0.6417214912280702 0.02905701754385965 0.07044956140350878
0 0.7934941520467836 0.6491228070175439 0.0400219298245614 0.04632675438596491
0 0.7117598684210527 0.5905975877192983 0.042306286549707604 0.042214912280701754
0 0.7001781798245614 0.6158168859649122 0.033397295321637425 0.047697368421052634
0 0.7107547514619883 0.6378837719298246 0.03737207602339181 0.061677631578947366
0 0.6738852339181286 0.6441885964912281 0.03654970760233918 0.06990131578947369
0 0.9047880116959064 0.5738760964912281 0.036366959064327485 0.02412280701754386
0 0.8700657894736842 0.6049890350877193 0.0356359649122807 0.07922149122807018
0 0.9025950292397661 0.6288377192982457 0.02942251461988304 0.06661184210526316
0 0.8703399122807017 0.6714638157894737 0.021929824561403508 0.07894736842105263
0 0.8560398391812866 0.6689967105263158 0.03024488304093567 0.06907894736842106
0 0.9078033625730995 0.6749588815789473 0.05847953216374269 0.06071820175438596
0 0.9725420321637427 0.6001918859649124 0.04267178362573099 0.08881578947368421
0 0.2559393274853801 0.6160910087719299 0.02448830409356725 0.0805921052631579
0 0.7439692982456141 0.6036184210526315 0.023574561403508772 0.05455043859649123
0 0.038559941520467836 0.6036184210526316 0.02905701754385965 0.05071271929824561
0 0.4824561403508772 0.6199287280701755 0.027595029239766082 0.0805921052631579
0 0.23181652046783627 0.6026589912280702 0.03545321637426901 0.042214912280701754
0 0.6035270467836258 0.609375 0.033625730994152045 0.055098684210526314
0 0.1697733918128655 0.6026589912280702 0.05098684210526316 0.0400219298245614
0 0.9555921052631579 0.6144462719298246 0.03709795321637427 0.05646929824561404
0 0.9782529239766081 0.6566611842105262 0.022478070175438597 0.05921052631578947
0 0.656889619883041 0.6510416666666667 0.03435672514619883 0.11924342105263158
0 0.9482364766081871 0.635827850877193 0.043402777777777776 0.07894736842105263
0 0.9385051169590642 0.6404879385964912 0.03545321637426901 0.06907894736842106
0 0.12189327485380116 0.626233552631579 0.02320906432748538 0.049342105263157895
0 0.2233187134502924 0.6395970394736842 0.03929093567251462 0.06071820175438596
0 0.24273574561403508 0.6587856359649124 0.04998172514619883 0.03358004385964912
0 0.17690058479532164 0.6384320175438596 0.05098684210526316 0.035910087719298246
0 0.1387061403508772 0.6520010964912281 0.020650584795321638 0.04550438596491228
0 0.34402412280701755 0.6587171052631579 0.020833333333333332 0.059484649122807015
0 0.3309576023391813 0.6689967105263157 0.02503654970760234 0.06030701754385965
0 0.4942891081871345 0.6561129385964912 0.04559576023391813 0.046600877192982455
0 0.10160818713450293 0.6716008771929824 0.02722953216374269 0.0693530701754386
0 0.1206140350877193 0.688939144736842 0.02905701754385965 0.08429276315789473
0 0.8009868421052632 0.6698190789473684 0.029788011695906433 0.05098684210526316
0 0.9888523391812866 0.6803728070175439 0.022112573099415205 0.06277412280701754
0 0.5429459064327485 0.6818804824561403 0.03344298245614035 0.06085526315789474
0 0.05866228070175439 0.6769462719298246 0.03307748538011696 0.049890350877192985
0 0.03919956140350877 0.6964775219298246 0.02887426900584795 0.08127741228070176
0 0.6229897660818714 0.7007264254385965 0.03490497076023392 0.09525767543859649
0 0.6433662280701754 0.6941817434210527 0.023026315789473683 0.07997532894736842
0 0.18082967836257308 0.6855811403508771 0.03216374269005848 0.060581140350877194
0 0.15634137426900585 0.7036732456140351 0.0445906432748538 0.061677631578947366
0 0.5747441520467835 0.6918174342105263 0.019919590643274854 0.07250548245614036
0 0.28335160818713445 0.6929824561403509 0.03728070175438596 0.07319078947368421
0 0.4525767543859649 0.6781798245614035 0.04678362573099415 0.04303728070175439
0 0.08787463450292399 0.6884018640350876 0.030519005847953216 0.060581140350877194
0 0.2638888888888889 0.6997669956140351 0.03819444444444445 0.08758223684210527
0 0.5090003654970761 0.7005208333333334 0.027320906432748537 0.06195175438596491
0 0.07063230994152046 0.7036732456140351 0.023026315789473683 0.05071271929824561
0 0.3999451754385965 0.7042900219298246 0.04532163742690058 0.04893092105263158
0 0.7129477339181287 0.7336211622807018 0.03938230994152047 0.08922697368421052
0 0.7085160818713451 0.7733004385964912 0.03929093567251462 0.03536184210526316
0 0.5970394736842105 0.7083333333333333 0.033808479532163746 0.02987938596491228
0 0.42370248538011696 0.7295093201754386 0.04057017543859649 0.09169407894736842
0 0.4609831871345029 0.7186129385964912 0.03983918128654971 0.03618421052631579
0 0.7314510233918129 0.7308114035087719 0.025219298245614034 0.06770833333333333
0 0.6837536549707602 0.7475328947368421 0.03070175438596491 0.09457236842105263
0 0.5567434210526315 0.7297149122807017 0.027595029239766082 0.0556469298245614
0 0.6523209064327485 0.733141447368421 0.033625730994152045 0.05866228070175439
0 0.4849232456140351 0.7345120614035088 0.04057017543859649 0.05646929824561404
0 0.7735745614035088 0.7554824561403508 0.023574561403508772 0.09841008771929824
0 0.4508406432748538 0.7373903508771931 0.0360014619883041 0.04139254385964912
0 0.7539290935672515 0.751233552631579 0.020833333333333332 0.06304824561403509
0 0.584155701754386 0.7438322368421053 0.04093567251461988 0.047149122807017545
0 0.8561312134502924 0.7585663377192982 0.03718932748538012 0.07524671052631579
0 0.6601790935672515 0.7669956140350878 0.024853801169590642 0.06990131578947369
0 0.033625730994152045 0.7788514254385965 0.041666666666666664 0.08758223684210527
0 0.9758315058479532 0.7893366228070176 0.02823464912280702 0.0800438596491228
0 0.7953216374269005 0.7791940789473685 0.03709795321637427 0.05701754385964912
0 0.5623172514619883 0.8232593201754387 0.044407894736842105 0.08018092105263158
0 0.7598684210526315 0.8259320175438596 0.02101608187134503 0.07428728070175439
0 0.28207236842105265 0.8521107456140351 0.024853801169590642 0.03728070175438596
0 0.2735745614035088 0.8882949561403509 0.01699561403508772 0.047149122807017545
0 0.22176535087719296 0.9616228070175439 0.02448830409356725 0.03755482456140351
0 0.6462902046783625 0.9869791666666667 0.02266081871345029 0.025219298245614034
0 0.2383954678362573 0.6959292763157895 0.04842836257309942 0.04180372807017544
0 0.3662737573099415 0.7392406798245614 0.03737207602339181 0.0878563596491228
0 0.8216831140350878 0.8031798245614035 0.047240497076023395 0.05975877192982456
0 0.928499634502924 0.6622121710526316 0.0424890350877193 0.08045504385964912
0 0.9049250730994152 0.5987527412280702 0.038651315789473686 0.04810855263157895
0 0.5897752192982456 0.6247944078947368 0.03170687134502924 0.06866776315789473
0 0.5770741959064328 0.553796600877193 0.019097222222222224 0.07634320175438597
0 0.5564126461988305 0.5165816885964912 0.039473684210526314 0.03275767543859649
0 0.5305811403508772 0.5204701206140351 0.020526315789473715 0.06199287280701757
0 0.5185032894736842 0.5246025219298245 0.03024488304093567 0.0546875
0 0.4020796783625731 0.5395394736842105 0.023731725146198854 0.060016447368421065
0 0.4352156432748538 0.5101425438596492 0.06286549707602339 0.030153508771929825
0 0.45632309941520466 0.5540707236842106 0.018092105263157895 0.05742872807017544
0 0.2645741959064328 0.23910361842105265 0.03883406432748538 0.039884868421052634
0 0.2888797514619883 0.0810718201754386 0.020376461988304093 0.04920504385964912
0 0.28627558479532167 0.11197916666666666 0.04331140350877193 0.035910087719298246
0 0.6008086622807018 0.08758223684210527 0.010279605263157895 0.015762061403508772
0 0.6290433114035088 0.1250685307017544 0.011010599415204679 0.017543859649122806
0 0.6364446271929824 0.11016310307017543 0.01183296783625731 0.03693804824561404
0 0.683358918128655 0.12964775219298247 0.02448830409356725 0.0644983552631579
0 0.6748538011695907 0.11150356359649123 0.026955409356725146 0.061411732456140344
0 0.7376644736842106 0.16837993421052633 0.03435672514619883 0.06510416666666667
0 0.7290095029239766 0.18545641447368422 0.03247807017543856 0.049180372807017536
0 0.6446454678362573 0.24342105263157893 0.023026315789473683 0.05975877192982456
0 0.6579861111111112 0.2392406798245614 0.019554093567251463 0.06620065789473684
0 0.7469389619883041 0.2709018640350877 0.025310672514619884 0.06866776315789473
0 0.7351516812865496 0.32983826754385964 0.02805190058479532 0.07415021929824561
0 0.7540213815789474 0.33264117324561404 0.021153143274853802 0.07119243421052633
0 0.1539546783625731 0.32600054824561403 0.019166666666666665 0.04125548245614035
0 0.14779788011695905 0.3684895833333333 0.02640716374269006 0.07003837719298246
0 0.0927905701754386 0.3540981359649123 0.022569444444444444 0.054413377192982455
0 0.07666301169590643 0.5385142543859649 0.02448830409356725 0.06359649122807018
0 0.9018421052631579 0.6899040570175439 0.051535087719298246 0.07428728070175439
0 0.6055683479532165 0.4306578947368421 0.04544225146198828 0.04109100877192985
0 0.5309859283625732 0.4684388706140351 0.035334429824561385 0.06360471491228076
0 0.47824378654970756 0.4792393092105264 0.03179824561403509 0.06325383771929824
0 0.22182657163742692 0.16467379385964911 0.02243238304093567 0.05078947368421054
0 0.24999451754385965 0.1703810307017544 0.04102704678362573 0.030153508771929825
0 0.48586622807017543 0.37583881578947365 0.02850877192982456 0.05359100877192982
0 0.5070358187134503 0.37465734649122806 0.03453947368421053 0.06181469298245614
0 0.46500365497076024 0.42070997807017546 0.028691520467836257 0.06236293859649123
0 0.2734831871345029 0.5663377192982456 0.031432748538011694 0.07839912280701754
0 0.2793311403508772 0.5500274122807017 0.033808479532163746 0.05235745614035088
0 0.8249104532163742 0.11557565789473685 0.02189692982456135 0.037351973684210525
0 0.8319097222222223 0.14649671052631577 0.02585891812865497 0.055372807017543844
0 0.77437408625731 0.6387527412280701 0.023528874269005847 0.03458333333333329
0 0.6704130116959065 0.5847724780701754 0.0402046783625731 0.053865131578947366
0 0.684829130116959 0.5966968201754387 0.021880482456140354 0.07305372807017543
