0 0.868329678362573 0.34690241228070173 0.013157894736842105 0.015350877192982455
0 0.7182017543859649 0.34460252192982455 0.008589181286549707 0.01020285087719299
0 0.7266081871345029 0.3637609649122807 0.012609649122807017 0.01617324561403509
0 0.7215826023391813 0.3699287280701754 0.005482456140350877 0.010964912280701754
0 0.7901133040935673 0.3656798245614035 0.00804093567251462 0.012335526315789474
0 0.27407711988304095 0.3745298793859649 0.025127923976608187 0.015781249999999983
0 0.7354714912280702 0.3807565789473684 0.008406432748538011 0.015625
0 0.780610380116959 0.3940515350877193 0.013523391812865496 0.0268640350877193
0 0.6726059941520468 0.4045915570175439 0.015350877192982455 0.026069078947368395
0 0.11003015350877193 0.4055646929824561 0.011909722222222214 0.010416666666666666
0 0.1304824561403509 0.4298245614035088 0.014437134502923976 0.011239035087719298
0 0.06932291666666666 0.4322478070175439 0.017238669590643272 0.012796052631578965
0 0.031524122807017545 0.4370449561403509 0.015350877192982455 0.014342105263157877
0 0.0062134502923976605 0.4399671052631579 0.012244152046783625 0.01617324561403509
0 0.016721491228070175 0.43928179824561403 0.010964912280701754 0.01206140350877193
0 0.7258013523391813 0.4506578947368421 0.012457967836257322 0.018914473684210526
0 0.9939692982456141 0.45052083333333337 0.011513157894736841 0.02138157894736842
0 0.11491867690058478 0.4481455592105263 0.011452850877192975 0.014618969298245594
0 0.045656980994152045 0.4510910087719298 0.012914839181286553 0.01210526315789476
0 0.1288377192982456 0.451891447368421 0.008589181286549707 0.01425438596491228
0 0.8168704312865497 0.4560649671052632 0.027991593567251474 0.018516995614035074
0 0.8305847953216374 0.46395285087719296 0.017010233918128642 0.022478070175438597
0 0.9764254385964912 0.4655975877192982 0.01699561403508772 0.021929824561403508
0 0.961577119883041 0.46984649122807015 0.023848684210526317 0.02275219298245614
0 0.9762426900584795 0.47436951754385964 0.01882309941520468 0.025767543859649123
0 0.9409722222222222 0.4694353070175439 0.02284356725146199 0.020833333333333332
0 0.9560489766081871 0.47423245614035087 0.020833333333333332 0.024396929824561403
0 0.9958881578947368 0.4697779605263158 0.007675438596491228 0.01631030701754386
0 0.9902229532163743 0.4758771929824562 0.009502923976608187 0.024945175438596492
0 0.9190423976608186 0.4758771929824562 0.02101608187134503 0.021107456140350877
0 0.9345760233918129 0.4912280701754386 0.015899122807017545 0.01343201754385965
0 0.9444444444444444 0.5080866228070176 0.024671052631578948 0.02412280701754386
0 0.9397843567251462 0.4772478070175439 0.02046783625730994 0.0200109649122807
0 0.9346673976608187 0.4794407894736842 0.023391812865497075 0.021655701754385966
0 0.9523940058479532 0.49643640350877194 0.021198830409356724 0.015625
0 0.9582419590643274 0.5112390350877193 0.019736842105263157 0.026589912280701754
0 0.8718932748538012 0.47889254385964913 0.025767543859649123 0.017269736842105265
0 0.8738121345029239 0.48862390350877194 0.014619883040935672 0.01918859649122807
0 0.9067982456140351 0.48793859649122806 0.01663011695906433 0.03042763157894737
0 0.7980171783625731 0.4915241228070175 0.02275219298245614 0.0348574561403509
0 0.7545687134502923 0.48725328947368424 0.011878654970760233 0.02412280701754386
0 0.9195906432748538 0.4886239035087719 0.018457602339181287 0.025767543859649123
0 0.8644919590643274 0.49029468201754384 0.021929824561403508 0.02407072368421051
0 0.3817616959064327 0.48492324561403505 0.018092105263157895 0.01069078947368421
0 0.3518786549707602 0.48564830043859647 0.014184941520467816 0.01318804824561407
0 0.3385489766081871 0.49853344298245617 0.015533625730994151 0.021924342105263162
0 0.3518859649122807 0.5064514802631579 0.014261695906432743 0.015879934210526334
0 0.33187134502923976 0.5204509320175439 0.011878654970760233 0.030759320175438608
0 0.33954678362573104 0.5201768092105263 0.013523391812865496 0.020890899122807026
0 0.35529788011695906 0.5151027960526315 0.010303362573099436 0.008906250000000003
0 0.9766081871345029 0.49102247807017546 0.01882309941520468 0.02042214912280702
0 0.9623538011695907 0.4921875 0.02320906432748538 0.022478070175438597
0 0.2827311769005848 0.4883497807017544 0.013744517543859656 0.01206140350877193
0 0.2041520467836257 0.4922916666666667 0.02677266081871345 0.018848684210526313
0 0.18976151315789475 0.49928316885964913 0.013477704678362573 0.020348135964912285
0 0.2504760599415205 0.49565652412280703 0.012465277777777785 0.02650493421052633
0 0.24069901315789474 0.4994298245614035 0.010455043859649129 0.024391447368421058
0 0.336078216374269 0.4951027960526316 0.01735380116959065 0.024470942982456136
0 0.680921052631579 0.49033031798245613 0.02284356725146199 0.014925986842105275
0 0.17479897660818713 0.48848684210526316 0.019005847953216373 0.01069078947368421
0 0.7729047880116959 0.49821820175438597 0.016387061403508787 0.02850877192982456
0 0.27338815789473686 0.49739583333333337 0.010774853801169597 0.025219298245614034
0 0.2561293859649123 0.493952850877193 0.010219298245614048 0.01175438596491231
0 0.2628527046783626 0.4984936951754386 0.01343201754385965 0.023363486842105204
0 0.2627421418128655 0.5176754385964912 0.017139985380116952 0.02101425438596487
0 0.24821820175438597 0.5186033442982456 0.01343201754385965 0.019536732456140345
0 0.26094937865497075 0.527139528508772 0.012275219298245627 0.020852521929824543
0 0.859375 0.4946546052631579 0.017909356725146198 0.019736842105263157
0 0.3219800804093567 0.49527138157894735 0.015213815789473685 0.02178728070175439
0 0.23069353070175438 0.4949766995614035 0.014566885964912287 0.017469846491228076
0 0.30608095760233917 0.49575109649122806 0.014574195906432748 0.01890899122807018
0 0.7828645833333333 0.49725877192982454 0.01218384502923978 0.019462719298245616
0 0.3872669956140351 0.49753289473684215 0.026544225146198832 0.017269736842105265
0 0.8512426900584795 0.5004111842105263 0.022112573099415205 0.023026315789473683
0 0.21134868421052633 0.4952891995614035 0.02046783625730994 0.011137609649122837
0 0.19563230994152048 0.5091680372807018 0.013888888888888888 0.024640899122807047
0 0.20040661549707603 0.5187774122807017 0.014300073099415205 0.023574561403508772
0 0.3687408625730994 0.5003741776315789 0.00849780701754386 0.021855811403508778
0 0.7029267178362573 0.49683114035087717 0.015319809941520454 0.014769736842105294
0 0.8388157894736842 0.4995888157894737 0.013706140350877192 0.019736842105263157
0 0.13084795321637427 0.5010964912280702 0.02138157894736842 0.017269736842105265
0 0.15487116228070175 0.5016598135964913 0.025173611111111112 0.02162554824561406
0 0.163468567251462 0.5025918311403509 0.019736842105263157 0.018615679824561426
0 0.2904751461988304 0.5013240131578948 0.009861111111111117 0.01900767543859647
0 0.6858406432748538 0.5056825657894737 0.013157894736842105 0.027834429824561392
0 0.2828188961988304 0.5032442434210527 0.015122441520467836 0.022645285087719333
0 0.3630985014619883 0.507859100877193 0.010736476608187134 0.029150219298245593
0 0.711204312865497 0.5063294956140351 0.007598684210526303 0.026091008771929842
0 0.17402229532163743 0.5023300438596491 0.017938596491228084 0.019550438596491273
0 0.1709667397660819 0.5174109100877192 0.01043494152046784 0.023675986842105295
0 0.37769554093567254 0.5033881578947368 0.011421783625730994 0.020827850877192987
0 0.654079861111111 0.5009895833333333 0.01493969298245614 0.01748355263157894
0 0.14532255116959064 0.5024602521929824 0.010736476608187134 0.019114583333333338
0 0.31775402046783624 0.5045545504385965 0.01069078947368421 0.020896381578947375
0 0.6753472222222222 0.5001370614035088 0.013157894736842105 0.011513157894736841
0 0.7267297149122807 0.5037513706140351 0.015776681286549694 0.01929002192982453
0 0.2215670687134503 0.5032469846491229 0.006913377192982443 0.020095942982456125
0 0.22454130116959067 0.5099547697368421 0.010668859649122828 0.02399945175438595
0 0.40542763157894735 0.503342927631579 0.011513157894736841 0.018155153508771935
0 0.43344115497076025 0.5045093201754386 0.00997441520467835 0.018064692982456165
0 0.4393347953216374 0.5060718201754386 0.009334795321637413 0.019868421052631584
0 0.7359283625730995 0.5071271929824561 0.011513157894736841 0.021655701754385966
0 0.4142909356725146 0.5057565789473685 0.007858187134502924 0.01836622807017544
0 0.6997825292397661 0.5013706140350878 0.014513888888888903 0.010142543859649123
0 0.4230171783625731 0.5085498903508772 0.011513157894736841 0.024731359649122816
0 0.7872350146198831 0.5112595942982456 0.01617324561403509 0.028275767543859673
0 0.2962280701754386 0.5099835526315789 0.013326023391812878 0.026787280701754394
0 0.21020650584795322 0.5048547149122807 0.01836622807017544 0.015312500000000034
0 0.20664290935672514 0.5101137609649122 0.016904239766081873 0.014180372807017548
0 0.2091895102339181 0.5184745065789474 0.014504751461988284 0.014936951754385967
0 0.21759594298245613 0.5248122258771929 0.016880482456140333 0.027404057017543868
0 0.25392909356725146 0.509046052631579 0.01023391812865497 0.021107456140350877
0 0.6981907894736842 0.5073149671052631 0.01985745614035085 0.01490405701754383
0 0.13611659356725148 0.5094133771929824 0.010599415204678362 0.021376096491228076
0 0.23421144005847955 0.5132360197368421 0.017048611111111105 0.027097039473684248
0 0.9269919590643275 0.5119243421052632 0.0222953216374269 0.020285087719298246
0 0.9379568713450293 0.5152138157894737 0.023391812865497075 0.02631578947368421
0 0.5988669590643275 0.5079495614035088 0.008223684210526315 0.011239035087719298
0 0.5950676169590643 0.5160115131578947 0.015091374269005834 0.016820175438596464
0 0.609016812865497 0.5196080043859649 0.015350877192982455 0.012916666666666637
0 0.6194490131578947 0.5287486293859649 0.012107090643274854 0.025424890350877194
0 0.6098355263157894 0.5280180921052632 0.010058479532163735 0.021239035087719304
0 0.5945988669590643 0.5252576754385965 0.012845394736842099 0.011162280701754394
0 0.6034128289473684 0.5333881578947369 0.010857090643274827 0.02176535087719301
0 0.6159767909356725 0.5437239583333333 0.016493055555555556 0.01370339912280702
0 0.6152686403508771 0.5603248355263157 0.014484649122807057 0.03107182017543851
0 0.607563048245614 0.5523026315789473 0.009837353801169577 0.017927631578947393
0 0.673999451754386 0.5101973684210527 0.02435124269005848 0.016304824561403513
0 0.6657300804093567 0.5154879385964912 0.012563961988304093 0.013157894736842105
0 0.17962627923976607 0.51578125 0.008192616959064335 0.025416666666666674
0 0.30160361842105265 0.510342653508772 0.009091739766081871 0.018223684210526322
0 0.8784722222222222 0.5164473684210527 0.026133040935672515 0.024945175438596492
0 0.8954678362573099 0.5163103070175439 0.019919590643274854 0.023026315789473683
0 0.6341529605263158 0.5191378837719298 0.013371710526315804 0.028845942982456144
0 0.1615798611111111 0.5177110745614035 0.009380482456140359 0.02436951754385961
0 0.31165478801169594 0.5156537828947368 0.012929459064327485 0.02144462719298246
0 0.323921783625731 0.517062774122807 0.017909356725146198 0.024262609649122805
0 0.40796326754385964 0.5196779057017544 0.012015716374269006 0.022321820175438614
0 0.4135827850877193 0.5282086074561404 0.014482821637426901 0.027738486842105278
0 0.3889345760233918 0.5238925438596491 0.015990497076023392 0.019923245614035107
0 0.4173062865497076 0.5393791118421053 0.01114766081871345 0.03280975877192984
0 0.396061769005848 0.5367735745614035 0.013066520467836257 0.011156798245614047
0 0.4089226973684211 0.550575657894737 0.01320358187134503 0.03508771929824561
0 0.40003654970760233 0.5477754934210526 0.012244152046783625 0.013840460526315792
0 0.38123629385964913 0.5565803179824561 0.024716739766081873 0.020485197368421058
0 0.3926123903508772 0.5568873355263158 0.008452119883040937 0.012606907894736844
0 0.4005391081871345 0.5607771381578947 0.012883771929824562 0.01437225877192978
0 0.3982090643274854 0.5657894736842106 0.01114766081871345 0.01069078947368421
0 0.583249269005848 0.5213829495614035 0.010248538011695894 0.02823739035087719
0 0.5228782894736842 0.5201000548245615 0.01180921052631577 0.025315241228070152
0 0.5298455774853801 0.516469298245614 0.012176535087719318 0.017231359649122778
0 0.8475420321637427 0.5175438596491229 0.01617324561403509 0.01781798245614035
0 0.15146016081871347 0.5186622807017545 0.011801900584795329 0.021239035087719304
0 0.14444718567251463 0.5180701754385965 0.007644371345029247 0.009089912280701776
0 0.13444170321637428 0.5277069627192982 0.015776681286549715 0.03041940789473685
0 0.1425511695906433 0.5278234649122807 0.017741228070175447 0.013157894736842105
0 0.1577421418128655 0.539671052631579 0.011938961988304101 0.02521381578947369
0 0.17528691520467835 0.5384224232456141 0.011787280701754386 0.023423793859649135
0 0.1425813230994152 0.5364076206140351 0.019782529239766082 0.014251644736842107
0 0.1823108552631579 0.544876644736842 0.02058296783625733 0.018327850877193016
0 0.1513230994152047 0.5531085526315789 0.011527777777777786 0.026184210526315786
0 0.16106268274853802 0.5562842653508772 0.00944261695906432 0.023670504385964887
0 0.15255665204678365 0.5871559758771929 0.013629385964912288 0.04413103070175445
0 0.1850328947368421 0.5190789473684211 0.008771929824561403 0.020778508771929813
0 0.18353252923976607 0.5351672149122807 0.01139254385964913 0.021595394736842098
0 0.27150950292397663 0.5520531798245615 0.008114035087719315 0.02916666666666669
0 0.37662189327485385 0.5177946820175439 0.01758954678362573 0.016000548245614005
0 0.44927174707602335 0.525407072368421 0.016478435672514634 0.0297066885964912
0 0.44132218567251463 0.5234375 0.011178728070175451 0.025767543859649123
0 0.4400584795321637 0.5437225877192983 0.010051169590643274 0.01644736842105263
0 0.4436906067251462 0.5561938048245615 0.01183296783625731 0.029882127192982454
0 0.6447752192982455 0.5202850877192982 0.01195540935672516 0.02055921052631579
0 0.7287097953216374 0.5183662280701754 0.021198830409356724 0.016721491228070175
0 0.28481359649122806 0.5212637061403508 0.010570175438596518 0.024407894736842094
0 0.7038559941520468 0.5194627192982456 0.02266081871345029 0.017269736842105265
0 0.9294435307017543 0.5242872807017543 0.02573647660818712 0.026918859649122818
0 0.9131030701754387 0.5422149122807018 0.025584795321637425 0.026589912280701754
0 0.944078947368421 0.5442708333333334 0.0133406432748538 0.030153508771929825
0 0.9308296783625731 0.5441337719298246 0.016812865497076022 0.018914473684210526
0 0.5137746710526315 0.5187787828947368 0.015670687134502925 0.014805372807017542
0 0.4317735745614035 0.519514802631579 0.013218201754385952 0.01518092105263161
0 0.6778490497076023 0.5207415021929824 0.015237573099415225 0.018182565789473665
0 0.9190423976608187 0.5235745614035088 0.021747076023391813 0.022203947368421052
0 0.539656432748538 0.5224958881578948 0.015029239766081831 0.017853618421052663
0 0.831140350877193 0.5232538377192982 0.01663011695906433 0.020104166666666645
0 0.5063395467836258 0.5255907346491228 0.02346125730994154 0.023840460526315797
0 0.34911823830409355 0.5263815789473684 0.011741593567251463 0.02536184210526315
0 0.4586677631578947 0.5254015899122807 0.019462719298245616 0.01873081140350875
0 0.29621619152046785 0.5250808662280703 0.022911184210526295 0.020545504385964926
0 0.29486476608187134 0.5414514802631579 0.009137426900584795 0.030858004385964893
0 0.10620979532163742 0.5271984649122807 0.019817251461988292 0.022253289473684167
0 0.10082419590643275 0.5358854166666667 0.011330409356725146 0.020608552631578965
0 0.09507858187134502 0.5490364583333333 0.011779970760233915 0.021592653508771924
0 0.3625502558479532 0.5245065789473685 0.015579312865497076 0.014199561403508759
0 0.3681697733918129 0.5351644736842105 0.008908991228070175 0.02259868421052633
0 0.5447733918128654 0.524717653508772 0.0222953216374269 0.014353070175438569
0 0.55796966374269 0.5266282894736842 0.010127923976608201 0.019385964912280708
0 0.5702357456140351 0.524813596491228 0.016355994152046784 0.013974780701754392
0 0.7819809941520468 0.5311129385964912 0.023940058479532164 0.02412280701754386
0 0.2238669590643275 0.530390625 0.018457602339181287 0.023856907894736896
0 0.22018548976608188 0.5455043859649124 0.023093932748537993 0.025285087719298185
0 0.20906798245614036 0.544125548245614 0.01919590643274853 0.015641447368421036
0 0.22474597953216371 0.5489816337719299 0.015906432748538004 0.019898574561403485
0 0.19973684210526316 0.5588966557017544 0.018442982456140365 0.014969846491228043
0 0.21782529239766082 0.558453947368421 0.008567251461988324 0.010893640350877257
0 0.20759137426900584 0.5691145833333334 0.010438596491228051 0.0255646929824562
0 0.19110197368421053 0.565578399122807 0.009214181286549722 0.014950657894736832
0 0.212125365497076 0.5729015899122807 0.013753654970760273 0.025463267543859615
0 0.19694627192982456 0.5762993421052631 0.013684210526315809 0.024265350877192976
0 0.19080500730994154 0.5777192982456141 0.006913377192982443 0.01150219298245615
0 0.19041301169590644 0.5941474780701754 0.019667397660818715 0.015997807017543896
0 0.7320906432748537 0.5313870614035088 0.014437134502923976 0.021929824561403508
0 0.9159356725146198 0.5309758771929824 0.020650584795321638 0.022203947368421052
0 0.08017269736842106 0.530141173245614 0.013112207602339181 0.021132127192982433
0 0.08931012426900585 0.5342365679824562 0.012198464912280712 0.024388706140350883
0 0.3781524122807018 0.5338541666666666 0.013249269005847953 0.02412280701754386
0 0.3753654970760234 0.5420504385964912 0.012975146198830409 0.01759868421052633
0 0.424890350877193 0.5327316337719298 0.008863304093567252 0.026367872807017557
0 0.4325347222222222 0.537109375 0.012701023391812866 0.028774671052631526
0 0.4680263157894737 0.5328604714912281 0.015913742690058467 0.02543037280701754
0 0.477312682748538 0.5328426535087719 0.015312499999999993 0.02416118421052634
0 0.6579020467836257 0.5286376096491228 0.023589181286549694 0.01646381578947367
0 0.19279605263157895 0.5288555372807018 0.00931286549707603 0.021510416666666674
0 0.20205866228070177 0.5327905701754386 0.020148026315789474 0.02010964912280699
0 0.30911915204678364 0.5332140899122807 0.013157894736842105 0.026537828947368405
0 0.30337719298245613 0.5433196271929824 0.010416666666666666 0.030444078947368405
0 0.7243238304093567 0.534265350877193 0.013523391812865496 0.02549342105263158
0 0.4860544590643275 0.5364226973684211 0.012861842105263178 0.029473684210526374
0 0.23648026315789475 0.5364583333333333 0.009327485380116952 0.030559210526315793
0 0.6771408991228071 0.5333333333333333 0.019029605263157914 0.020553728070175442
0 0.3401864035087719 0.5345353618421053 0.009868421052631578 0.022212171052631572
0 0.3605098684210526 0.5366091008771929 0.011407163742690072 0.015619517543859655
0 0.3548519736842105 0.5428262061403508 0.019462719298245616 0.01549890350877192
0 0.3708881578947369 0.5506496710526316 0.017178362573099414 0.013009868421052641
0 0.4580171783625731 0.533500548245614 0.016882309941520488 0.023908991228070182
0 0.5247286184210527 0.534061129385965 0.01564875730994154 0.02206414473684211
0 0.5425584795321639 0.5353618421052632 0.01023391812865497 0.013980263157894737
0 0.5315698099415205 0.5338884320175439 0.009228801169590644 0.011992872807017545
0 0.5357163742690059 0.5400699013157895 0.010621345029239747 0.017173793859649147
0 0.5170869883040935 0.5407072368421053 0.0062134502923976605 0.010964912280701754
0 0.524579678362573 0.5466735197368421 0.01206140350877193 0.016318530701754378
0 0.5157657163742689 0.5551493969298245 0.009586988304093574 0.020364583333333325
0 0.5321527777777778 0.5519627192982456 0.0077448830409356925 0.01280153508771931
0 0.5394627192982456 0.5549821820175439 0.014780701754385984 0.018226425438596556
0 0.5355564692982456 0.5669051535087719 0.01117141812865499 0.017308114035087686
0 0.6956706871345029 0.5328947368421053 0.014177631578947355 0.016721491228070175
0 0.7028664108187135 0.5334429824561404 0.01483369883040937 0.01836622807017544
0 0.24413651315789472 0.5384813596491228 0.007827119883040922 0.026748903508771973
0 0.629173062865497 0.5363103070175439 0.01209247076023393 0.0186184210526316
0 0.6264163011695907 0.5523903508771929 0.014985380116959063 0.018432017543859588
0 0.5665277777777779 0.5334443530701755 0.01262426900584794 0.011241776315789471
0 0.32058662280701755 0.5380989583333334 0.00941154970760234 0.02001918859649122
0 0.3268914473684211 0.5371737938596491 0.015259502923976608 0.02735197368421052
0 0.49492872807017546 0.5373985745614035 0.016721491228070175 0.021419956140350905
0 0.5019764254385966 0.5412417763157895 0.011445540935672535 0.0225548245614035
0 0.49430098684210527 0.5445024671052632 0.005550073099415184 0.014251644736842107
0 0.06070266812865497 0.5392886513157895 0.015593932748538009 0.02805646929824559
0 0.2510699926900585 0.5420682565789474 0.011094663742690065 0.028527960526315774
0 0.2570888157894737 0.5467160087719298 0.01780336257309943 0.02901315789473682
0 0.24598684210526317 0.5625808662280702 0.008969298245614021 0.01633497807017548
0 0.5485544590643275 0.5409443530701754 0.01103435672514622 0.024745065789473678
0 0.6944444444444444 0.5486567982456141 0.019919590643274854 0.03892543859649123
0 0.7151864035087719 0.5387883771929824 0.015350877192982455 0.020285087719298246
0 0.766812865497076 0.540844298245614 0.020650584795321638 0.022203947368421052
0 0.11922423245614035 0.5352330043859649 0.007637061403508765 0.014216008771929859
0 0.8986202485380117 0.5385142543859649 0.014163011695906433 0.015899122807017545
0 0.8945540935672515 0.5446820175438596 0.023940058479532164 0.021107456140350877
0 0.9058845029239766 0.5586622807017544 0.014437134502923976 0.01069078947368421
0 0.9274488304093568 0.5643050986842105 0.01882309941520468 0.020879934210526335
0 0.9145193713450293 0.5579769736842105 0.0066703216374269 0.007675438596491228
0 0.9216922514619883 0.5731907894736843 0.01644736842105263 0.026041666666666668
0 0.5108625730994152 0.5393845942982456 0.008384502923976628 0.019640899122807042
0 0.5725584795321638 0.5376260964912281 0.010065789473684196 0.017127192982456144
0 0.5954093567251462 0.5381058114035088 0.018092105263157895 0.0158936403508772
0 0.5983379020467836 0.5505852521929825 0.012205774853801163 0.024366776315789502
0 0.8089364035087719 0.543174342105263 0.017909356725146198 0.019736842105263157
0 0.8778170687134503 0.5460526315789475 0.018974780701754373 0.026041666666666668
0 0.2891154970760234 0.5453673245614035 0.011527777777777765 0.023574561403508772
0 0.6419042397660819 0.542077850877193 0.01644736842105263 0.01644736842105263
0 0.6473483187134503 0.550904605263158 0.013812134502923963 0.0198464912280702
0 0.11388249269005848 0.5442516447368421 0.009014985380116967 0.02315789473684211
0 0.7605381944444445 0.5455043859649122 0.02077302631578949 0.02275219298245614
0 0.06680921052631579 0.5501329495614036 0.016904239766081873 0.032201206140350824
0 0.8227339181286549 0.5459155701754386 0.015899122807017545 0.020833333333333332
0 0.5820842470760234 0.5488610197368421 0.015228435672514607 0.025627741228070114
0 0.5903773757309941 0.5446833881578947 0.013569078947368422 0.020008223684210527
0 0.33374086257309943 0.5507798793859648 0.012540204678362553 0.03168585526315787
0 0.4508406432748538 0.549890350877193 0.010051169590643274 0.024396929824561403
0 0.5600328947368421 0.5425137061403509 0.015259502923976608 0.013930921052631561
0 0.8633040935672515 0.5478344298245613 0.011878654970760233 0.020833333333333332
0 0.10502010233918128 0.551827028508772 0.009777046783625731 0.028889802631579038
0 0.28140625 0.5479098135964912 0.011825657894736849 0.021779057017543874
0 0.27625091374269006 0.5656524122807018 0.010652412280701748 0.0268640350877193
0 0.2825484283625731 0.5656359649122806 0.013821271929824581 0.015827850877192986
0 0.3142050438596491 0.5467050438596492 0.01206140350877193 0.03449561403508776
0 0.9646381578947368 0.5466008771929824 0.02266081871345029 0.016721491228070175
0 0.07593932748538011 0.5498231907894736 0.014634502923976606 0.02500822368421047
0 0.08172605994152046 0.5497546600877193 0.01640168128654971 0.018429276315789417
0 0.47488760964912285 0.5477672697368422 0.009548611111111112 0.02226699561403503
0 0.47907529239766083 0.5574287280701755 0.008406432748538011 0.01918859649122807
0 0.7843567251461988 0.5486567982456141 0.01699561403508772 0.01918859649122807
0 0.4665762061403509 0.5480742872807017 0.008916301169590636 0.016927083333333332
0 0.8008040935672515 0.5522203947368421 0.010051169590643274 0.024671052631578948
0 0.809484649122807 0.5577028508771931 0.009137426900584795 0.01918859649122807
0 0.8557200292397661 0.5549616228070176 0.016812865497076022 0.03070175438596491
0 0.13633771929824562 0.5502727521929824 0.009334795321637434 0.017486293859649112
0 0.45799798976608186 0.5489665570175438 0.009000365497076024 0.01678728070175439
0 0.2641017909356725 0.553859649122807 0.00974597953216373 0.029254385964912352
0 0.707328216374269 0.5529057017543859 0.009137426900584795 0.021107456140350877
0 0.8919042397660819 0.5546463815789474 0.014985380116959063 0.025301535087719287
0 0.14319170321637426 0.5510348135964912 0.007081505847953216 0.015276864035087724
0 0.6866776315789473 0.5512609649122807 0.014985380116959063 0.015076754385964912
0 0.6774561403508772 0.5585252192982456 0.02355994152046785 0.01699561403508772
0 0.5644490131578948 0.5523464912280701 0.024702119883040947 0.020032894736842086
0 0.5636650219298246 0.5631853070175439 0.0190515350877193 0.01918859649122807
0 0.19017726608187135 0.5504865679824562 0.019470029239766096 0.016099232456140356
0 0.7554824561403508 0.5563322368421053 0.019919590643274854 0.023574561403508772
0 0.7202119883040935 0.5527686403508771 0.0133406432748538 0.014802631578947368
0 0.7165414839181287 0.5659717653508772 0.011178728070175451 0.023484100877193003
0 0.8451169590643274 0.5549506578947369 0.014985380116959063 0.019736842105263157
0 0.7406798245614035 0.5575657894736842 0.01516812865497076 0.023300438596491228
0 0.42620705409356724 0.5566063596491228 0.011650219298245614 0.020833333333333332
0 0.23746984649122807 0.5592091557017544 0.014749634502923983 0.02500822368421053
0 0.4878362573099415 0.5606071820175439 0.008110380116959083 0.02499725877192984
0 0.6321198830409357 0.5592639802631579 0.015182748538011683 0.023774671052631584
0 0.8767361111111112 0.5575657894736843 0.01644736842105263 0.018914473684210526
0 0.3172514619883041 0.5576617324561404 0.017361111111111112 0.020367324561403496
0 0.43481176900584795 0.563984375 0.010522660818713437 0.02791392543859647
0 0.6636586257309942 0.5608552631578947 0.009122807017543873 0.022203947368421052
0 0.7864583333333334 0.5615405701754386 0.014985380116959063 0.02412280701754386
0 0.7856359649122807 0.5749725877192983 0.018092105263157895 0.025219298245614034
0 0.5019188596491229 0.5561951754385964 0.010599415204678362 0.011787280701754386
0 0.5059466374269006 0.5737157346491228 0.011619152046783612 0.029925986842105283
0 0.49579678362573104 0.5782209429824561 0.009685672514619883 0.028591008771929875
0 0.5003654970760234 0.590734649122807 0.008589181286549707 0.030975877192982455
0 0.4954322002923977 0.6031592653508772 0.01274671052631579 0.02619243421052624
0 0.5785626827485381 0.5623053728070175 0.010484283625730974 0.027160087719298225
0 0.6564245248538011 0.5638240131578947 0.013112207602339181 0.027044956140350837
0 0.646343201754386 0.5691036184210526 0.008877923976608174 0.02160635964912279
0 0.6594636330409357 0.579858826754386 0.015016447368421067 0.01525493421052634
0 0.6489400584795322 0.5810690789473685 0.010416666666666666 0.012192982456140356
0 0.6471811038011697 0.5943928179824561 0.011558845029239767 0.02199287280701755
0 0.22655062134502923 0.5592406798245615 0.019058845029239758 0.019939692982456143
0 0.2548574561403509 0.5624561403508771 0.01023391812865497 0.0237061403508772
0 0.2619389619883041 0.5759416118421052 0.02183845029239766 0.02167489035087724
0 0.2639345760233918 0.5792214912280702 0.01251827485380117 0.009046052631578948
0 0.3588724415204678 0.5656880482456141 0.019279970760233918 0.019808114035087778
0 0.7266995614035088 0.5609923245614035 0.012426900584795321 0.020285087719298246
0 0.7223135964912281 0.582922149122807 0.008771929824561403 0.025767543859649123
0 0.41564601608187135 0.5637143640350877 0.013126827485380103 0.03183662280701757
0 0.7738486842105263 0.5572916666666666 0.009868421052631578 0.011787280701754386
0 0.7958698830409356 0.5620888157894737 0.007858187134502924 0.021929824561403508
0 0.09365862573099415 0.5604043311403508 0.017543859649122806 0.01884046052631573
0 0.08233918128654971 0.5630811403508772 0.008428362573099417 0.02213815789473684
0 0.30330866228070175 0.5627110745614036 0.012472587719298246 0.022077850877192974
0 0.4936504020467836 0.5641817434210527 0.01137609649122807 0.026274671052631555
0 0.17337171052631578 0.5631578947368422 0.01761330409356725 0.02362938596491229
0 0.47002923976608185 0.5616776315789473 0.01918859649122807 0.01781798245614035
0 0.5119206871345029 0.5686650219298245 0.011779970760233925 0.0325657894736842
0 0.5270358187134503 0.565672971491228 0.013410087719298266 0.02699287280701755
0 0.8361659356725146 0.5640076754385964 0.015350877192982455 0.022478070175438597
0 0.8241045321637427 0.5682565789473684 0.01827485380116959 0.029331140350877194
0 0.8375365497076024 0.5833333333333334 0.01827485380116959 0.018914473684210526
0 0.3252010233918129 0.5582510964912281 0.005847953216374269 0.008223684210526315
0 0.3229166666666667 0.5678453947368421 0.01516812865497076 0.018092105263157895
0 0.33182565789473684 0.5672971491228069 0.01160453216374269 0.013157894736842105
0 0.7526498538011696 0.5671600877192983 0.013888888888888888 0.026589912280701754
0 0.11672697368421052 0.5606304824561403 0.018753654970760234 0.011885964912280736
0 0.1129312865497076 0.5695559210526315 0.02136695906432748 0.01796052631578947
0 0.5938788377192983 0.5615364583333333 0.015213815789473685 0.01726699561403509
0 0.13413011695906432 0.5633607456140352 0.019173976608187128 0.014057017543859704
0 0.11725968567251462 0.5766310307017544 0.017962353801169582 0.022450657894736867
0 0.12779788011695906 0.5805783991228071 0.026597222222222237 0.015339912280701765
0 0.1317690058479532 0.6013555372807018 0.012138157894736835 0.03586348684210525
0 0.11778508771929826 0.6148341557017544 0.019941520467836257 0.018911732456140293
0 0.8730811403508772 0.5663377192982456 0.015716374269005847 0.02055921052631579
0 0.8548976608187134 0.5712513706140351 0.015533625730994151 0.024986293859649147
0 0.8722587719298246 0.5800438596491229 0.014802631578947368 0.03262061403508772
0 0.8695175438596492 0.5844298245614035 0.017361111111111112 0.028782894736842105
0 0.8837719298245614 0.5881304824561404 0.01114766081871345 0.03234649122807018
0 0.452828033625731 0.5686992872807018 0.013660453216374269 0.02844572368421052
0 0.1778527046783626 0.5671792763157895 0.01899122807017545 0.022604166666666738
0 0.2928965643274854 0.5669736842105263 0.011900584795321618 0.020690789473684214
0 0.6386302997076023 0.5670326206140351 0.010264985380116972 0.022458881578947387
0 0.14497989766081873 0.5718832236842106 0.01160453216374269 0.030849780701754377
0 0.380391081871345 0.5686677631578947 0.021564327485380116 0.02138157894736842
0 0.5552247807017544 0.5690241228070175 0.01669956140350879 0.02209429824561401
0 0.5428088450292398 0.5747532894736841 0.013066520467836257 0.03394736842105261
0 0.07381487573099416 0.5661869517543859 0.011101973684210526 0.015871710526315815
0 0.6938048245614035 0.5652412280701754 0.014619883040935672 0.012883771929824562
0 0.7058662280701755 0.5740131578947368 0.009868421052631578 0.023848684210526317
0 0.6840277777777777 0.5663692434210527 0.012244152046783625 0.008983004385964907
0 0.6915204678362573 0.5712719298245613 0.00932017543859649 0.011787280701754386
0 0.6883223684210525 0.5795572916666666 0.02046783625730994 0.019860197368421
0 0.6983735380116959 0.5774396929824561 0.007675438596491228 0.01206140350877193
0 0.772203947368421 0.5677083333333334 0.01425438596491228 0.016721491228070175
0 0.4600009137426901 0.5751069078947368 0.012198464912280702 0.03152960526315789
0 0.46655701754385964 0.5796875 0.01069078947368421 0.026206140350877167
0 0.47039473684210525 0.6015625 0.010782163742690058 0.022478070175438597
0 0.4647295321637427 0.6059155701754386 0.012609649122807017 0.027894736842105323
0 0.6020805921052632 0.5718626644736843 0.013857821637426887 0.02338541666666665
0 0.6095431286549708 0.5810211074561403 0.009228801169590644 0.018637609649122748
0 0.5821107456140351 0.5744586074561403 0.012130847953216395 0.026932565789473683
0 0.5909630847953217 0.5720518092105263 0.009685672514619883 0.023089364035087726
0 0.7384868421052632 0.5685307017543859 0.010051169590643274 0.01343201754385965
0 0.8889802631578947 0.5737637061403509 0.012426900584795321 0.02873355263157893
0 0.9065241228070176 0.5708388157894736 0.02046783625730994 0.017949561403508778
0 0.8961376096491228 0.5888157894736842 0.013583698830409344 0.03536184210526316
0 0.5221390716374269 0.577405427631579 0.01117141812865499 0.029355811403508812
0 0.620218384502924 0.5758031798245614 0.013035453216374256 0.025235745614035073
0 0.8120431286549707 0.5711348684210527 0.008771929824561403 0.015899122807017545
0 0.020573830409356723 0.5748999451754385 0.01617324561403509 0.02575932017543854
0 0.3656798245614035 0.5748040021929824 0.019371345029239765 0.02281524122807018
0 0.09444901315789474 0.571640625 0.021774488304093564 0.013083881578947373
0 0.802905701754386 0.5766173245614035 0.011330409356725146 0.022478070175438597
0 0.8027229532163743 0.5960800438596492 0.01608187134502924 0.024671052631578948
0 0.8456688596491228 0.573327850877193 0.005847953216374269 0.01425438596491228
0 0.8561769005847953 0.5858004385964912 0.01918859649122807 0.01617324561403509
0 0.1333077485380117 0.5742105263157895 0.014239766081871337 0.014375000000000015
0 0.3087381213450292 0.5804276315789474 0.012761330409356711 0.02911184210526311
0 0.42184393274853804 0.5765953947368421 0.009777046783625731 0.021425438596491188
0 0.5717589546783625 0.5769147478070175 0.014406067251461974 0.021718750000000005
0 0.5662079678362573 0.5865734649122807 0.009791666666666653 0.028212719298245634
0 0.44218293128654973 0.5730496162280702 0.008086622807017545 0.013714364035087774
0 0.42995431286549707 0.579577850877193 0.008483187134502938 0.028070175438596516
0 0.4355811403508772 0.59046875 0.008771929824561403 0.02989583333333332
0 0.6751114766081872 0.5796998355263158 0.015182748538011683 0.026356907894736867
0 0.8195358187134503 0.5749725877192983 0.007675438596491228 0.01425438596491228
0 0.22955500730994152 0.5757305372807018 0.02078764619883041 0.0211924342105263
0 0.2146500365497076 0.5807223135964913 0.013225511695906413 0.021746162280701736
0 0.22595760233918127 0.5907730263157894 0.016469298245614016 0.025608552631578966
0 0.198624817251462 0.5939925986842106 0.019965277777777776 0.016784539473684214
0 0.23972953216374268 0.5982730263157894 0.01206505847953216 0.02349232456140346
0 0.21084612573099415 0.6023985745614034 0.015990497076023392 0.040449561403508756
0 0.22548885233918128 0.6088171600877194 0.019599780701754384 0.02363760964912281
0 0.1807986111111111 0.6112856359649123 0.025767543859649102 0.028432017543859593
0 0.1895248538011696 0.6189364035087719 0.012975146198830388 0.029210526315789458
0 0.18661641081871344 0.6421052631578947 0.015593932748537999 0.03507675438596492
0 0.24337902046783624 0.5755208333333334 0.017810672514619888 0.014802631578947368
0 0.40328855994152046 0.5758305921052631 0.014482821637426901 0.017516447368421076
0 0.3963048245614035 0.5760375548245614 0.014163011695906433 0.020485197368421058
0 0.3856295687134503 0.5832319078947369 0.018883406432748526 0.019665570175438535
0 0.37600511695906436 0.6144462719298246 0.019981725146198857 0.046052631578947366
0 0.37991136695906436 0.581515899122807 0.024168494152046784 0.025422149122806957
0 0.17888797514619884 0.5758374451754386 0.019142909356725146 0.015265899122807033
0 0.7130847953216375 0.5814144736842105 0.008589181286549707 0.024396929824561403
0 0.7155519005847952 0.5967653508771931 0.012792397660818713 0.011239035087719298
0 0.7471673976608187 0.5793585526315789 0.009868421052631578 0.019736842105263157
0 0.7701023391812866 0.5774396929824561 0.01699561403508772 0.015899122807017545
0 0.4752147295321637 0.5848410087719298 0.010279605263157895 0.030153508771929825
0 0.48595120614035087 0.5852521929824561 0.012198464912280702 0.03042763157894737
0 0.6280994152046784 0.58046875 0.012960526315789487 0.023569078947368427
0 0.28246070906432746 0.5776137609649123 0.020849780701754413 0.01607730263157897
0 0.7309027777777778 0.580592105263158 0.010599415204678362 0.019462719298245616
0 0.29435124269005847 0.5839131030701754 0.019301900584795303 0.02281524122807018
0 0.2839802631578947 0.6047094298245614 0.022456140350877212 0.03131030701754393
0 0.3514482821637427 0.5842941337719298 0.015031067251461989 0.025764802631578886
0 0.3378106725146199 0.5891186951754386 0.02266081871345029 0.025435855263157885
0 0.548092105263158 0.58609375 0.012331871345029242 0.029002192982456064
0 0.5593631213450292 0.5878234649122808 0.011087353801169604 0.024172149122806973
0 0.5929961622807017 0.5872313596491228 0.012472587719298246 0.02890350877192984
0 0.32574926900584794 0.581687225877193 0.017909356725146198 0.019525767543859655
0 0.7649853801169592 0.5852521929824561 0.011513157894736841 0.021655701754385966
0 0.0730921052631579 0.5831784539473684 0.02091008771929825 0.01852247807017536
0 0.31649762426900585 0.5840021929824561 0.010370979532163743 0.024155701754385934
0 0.322733918128655 0.6052631578947368 0.01516812865497076 0.02275219298245614
0 0.3327394005847953 0.5872368421052632 0.02284356725146199 0.02665021929824556
0 0.6678015350877193 0.5889761513157895 0.013417397660818727 0.029558662280701736
0 0.08426626461988304 0.5899835526315789 0.015312500000000003 0.029621710526315775
0 0.5328490497076023 0.5892118969298246 0.012883771929824562 0.029087171052631613
0 0.5215643274853802 0.5973135964912281 0.01918859649122807 0.026041666666666668
0 0.5168165204678363 0.6022299890350877 0.014261695906432743 0.028374451754386024
0 0.7393092105263157 0.5900493421052632 0.011695906432748537 0.02850877192982456
0 0.4417872807017544 0.5902330043859649 0.012412280701754399 0.030334429824561363
0 0.43888614766081874 0.6173327850877193 0.014285453216374283 0.02821820175438598
0 0.4307529239766082 0.6279701206140351 0.015533625730994151 0.03816063596491229
0 0.912904788011696 0.5860978618421052 0.021167763157894724 0.023802083333333314
0 0.09344572368421053 0.5908333333333333 0.01183296783625732 0.029769736842105238
0 0.10224415204678362 0.5937308114035088 0.013516081871345035 0.033163377192982464
0 0.3626571637426901 0.5883004385964913 0.015913742690058467 0.025005482456140295
0 0.4177101608187134 0.5857524671052632 0.013812134502923963 0.01630756578947375
0 0.4286750730994152 0.5996271929824561 0.009945175438596505 0.028157894736842173
0 0.6105244883040936 0.5953330592105264 0.02167032163742689 0.034690241228070226
0 0.18217744883040934 0.5914405153508773 0.014756944444444444 0.02737116228070173
0 0.29965369152046784 0.5889816337719298 0.009731359649122808 0.02351699561403508
0 0.3028371710526316 0.6092516447368421 0.01411732456140351 0.0313103070175438
0 0.28764619883040937 0.6131154057017544 0.024305555555555556 0.024202302631578937
0 0.2940195540935672 0.621344572368421 0.010370979532163743 0.030967653508771998
0 0.6375566520467836 0.5866077302631579 0.009945175438596505 0.02168585526315793
0 0.6432447002923977 0.6122108004385965 0.01300621345029241 0.03390625000000001
0 0.022172880116959066 0.5957277960526316 0.023940058479532164 0.03562774122807012
0 0.7838084795321638 0.5863486842105263 0.010051169590643274 0.01343201754385965
0 0.17352704678362574 0.5971038925438596 0.016827485380116965 0.03528234649122808
0 0.26589912280701755 0.5952261513157895 0.01471125730994152 0.033029057017543925
0 0.8090277777777778 0.5875822368421052 0.00712719298245614 0.014802631578947368
0 0.7569444444444445 0.5940241228070176 0.010416666666666666 0.026589912280701754
0 0.27726790935672513 0.5923149671052632 0.016553362573099403 0.022075109649122862
0 0.2768448464912281 0.5955222039473684 0.01819261695906436 0.02195449561403513
0 0.8174342105263158 0.5897752192982456 0.01114766081871345 0.015899122807017545
0 0.584890350877193 0.596170504385965 0.012982456140350871 0.0313541666666667
0 0.6890533625730993 0.5992324561403509 0.01206140350877193 0.033717105263157895
0 0.453156067251462 0.5916365131578948 0.012883771929824562 0.019851973684210548
0 0.5752549342105263 0.5962897478070175 0.009380482456140338 0.029470942982456075
0 0.009487390350877194 0.5916570723684211 0.01915752923976608 0.0192626096491228
0 0.25561220760233916 0.5934991776315789 0.022021198830409358 0.020452302631578857
0 0.2552467105263158 0.6009320175438596 0.017086988304093567 0.013667763157894771
0 0.39443256578947367 0.5957223135964913 0.024183114035087706 0.023955592105263122
0 0.6558086622807018 0.5973355263157895 0.015107821637426914 0.029287280701754424
0 0.6612070540935672 0.6073834978070175 0.013569078947368422 0.01631853070175444
0 0.6544682017543859 0.6234882127192983 0.013706140350877192 0.03331962719298251
0 0.413468567251462 0.5962171052631579 0.013157894736842105 0.023300438596491228
0 0.7016630116959065 0.5988212719298245 0.01827485380116959 0.029605263157894735
0 0.707609649122807 0.6120134320175439 0.009334795321637413 0.027480811403508772
0 0.7751279239766082 0.5975877192982456 0.01023391812865497 0.026041666666666668
0 0.8574561403508771 0.598547149122807 0.022112573099415205 0.0268640350877193
0 0.3119974415204679 0.5990775767543859 0.00941154970760234 0.029092653508771958
0 0.1414967105263158 0.6033730811403509 0.013044590643274854 0.035797697368421096
0 0.6328892543859649 0.5949547697368421 0.008589181286549707 0.016504934210526324
0 0.6272085160818713 0.601984649122807 0.012275219298245627 0.02863486842105264
0 0.6351425438596491 0.613952850877193 0.008406432748538011 0.025076754385964916
0 0.6209795321637428 0.627467105263158 0.011513157894736841 0.033717105263157895
0 0.5079422514619883 0.6140076754385966 0.0098830409356725 0.05350877192982451
0 0.5044161184210526 0.618344298245614 0.0089857456140351 0.024939692982456144
0 0.5204148391812865 0.6412650767543859 0.018351608187134515 0.03170778508771932
0 0.6028874269005847 0.6027905701754387 0.012244152046783625 0.03098684210526315
0 0.5973135964912281 0.6141995614035087 0.013888888888888888 0.03558114035087724
0 0.7516520467836257 0.6016995614035088 0.01262426900584794 0.026041666666666668
0 0.22050895467836257 0.599624451754386 0.01137609649122807 0.02416118421052628
0 0.21546052631578946 0.6195860745614035 0.008954678362573099 0.016036184210526317
0 0.4187828947368421 0.5954399671052631 0.011878654970760233 0.018275767543859667
0 0.7944078947368421 0.5982730263157895 0.011513157894736841 0.01864035087719298
0 0.5488550804093567 0.6022149122807017 0.014925073099415218 0.03229166666666672
0 0.5365113304093567 0.6247724780701754 0.017284356725146187 0.02668311403508776
0 0.7873720760233918 0.6033442982456141 0.014619883040935672 0.026589912280701754
0 0.4026937134502924 0.6017297149122807 0.010979532163742678 0.025553728070175384
0 0.1608561769005848 0.6041611842105263 0.011558845029239767 0.028294956140350946
0 0.5368731725146199 0.6022546600877192 0.015511695906432768 0.02298519736842103
0 0.6771747076023392 0.5988212719298245 0.010599415204678362 0.012609649122807017
0 0.686312134502924 0.6073807565789474 0.011513157894736841 0.02728892543859654
0 0.6738852339181286 0.6078673245614036 0.004751461988304093 0.010416666666666666
0 0.6821619152046784 0.6269407894736841 0.012532894736842092 0.04996710526315783
0 0.691641995614035 0.636063596491228 0.016142178362573086 0.033366228070175384
0 0.36843658625730996 0.608516995614035 0.010264985380116972 0.03378837719298251
0 0.3614080774853801 0.6144928728070176 0.013386330409356726 0.035350877192982466
0 0.7257858187134504 0.6062911184210527 0.010599415204678362 0.02700109649122807
0 0.3486842105263158 0.6053549890350877 0.01663011695906433 0.02403234649122809
0 0.3381387061403509 0.6079838267543859 0.02398574561403509 0.024525767543859593
0 0.48298154239766083 0.6068119517543861 0.012381213450292397 0.029523026315789423
0 0.4786869517543859 0.6154577850877193 0.013843201754385965 0.02724232456140354
0 0.8516081871345029 0.6049890350877193 0.026498538011695907 0.023300438596491228
0 0.8471308479532164 0.606359649122807 0.025584795321637425 0.018914473684210526
0 0.8566337719298246 0.6234923245614035 0.024853801169590642 0.015350877192982455
0 0.45346034356725146 0.6083388157894737 0.017147295321637415 0.03242872807017536
0 0.768092105263158 0.6119791666666666 0.01114766081871345 0.0356359649122807
0 0.7786001461988303 0.615405701754386 0.012426900584795321 0.033717105263157895
0 0.8168859649122807 0.6104714912280702 0.013706140350877192 0.031524122807017545
0 0.7360197368421053 0.6055372807017544 0.010599415204678362 0.02055921052631579
0 0.825657894736842 0.610608552631579 0.012975146198830409 0.03125
0 0.8760051169590642 0.6069078947368421 0.019736842105263157 0.02275219298245614
0 0.19910453216374271 0.6125274122807017 0.010599415204678362 0.03289473684210526
0 0.8366228070175439 0.6133497807017544 0.01699561403508772 0.03179824561403509
0 0.006334978070175438 0.6144078947368421 0.012852704678362572 0.03297149122807023
0 0.5619937865497076 0.606186951754386 0.02329312865497077 0.01591557017543858
0 0.3875484283625731 0.6149054276315788 0.020162646198830396 0.032771381578947295
0 0.4124332967836257 0.6162088815789474 0.011818347953216388 0.03295504385964907
0 0.6159923245614035 0.6137362938596492 0.011772660818713464 0.027335526315789418
0 0.7161915204678363 0.6132127192982456 0.010416666666666666 0.02275219298245614
0 0.7243996710526316 0.6380222039473685 0.013309576023391799 0.043308662280701696
0 0.2697788742690058 0.6120435855263158 0.020018274853801164 0.020474232456140367
0 0.576937134502924 0.6209813596491228 0.025767543859649123 0.03171052631578943
0 0.22625822368421053 0.6217516447368421 0.027472587719298232 0.039742324561403516
0 0.48876096491228066 0.6255482456140351 0.014619883040935672 0.0424890350877193
0 0.4937408625730994 0.628326480263158 0.01471125730994152 0.023774671052631584
0 0.4955226608187135 0.6400767543859649 0.01644736842105263 0.01849780701754374
0 0.7460553728070175 0.6179399671052632 0.01056834795321636 0.02918585526315784
0 0.2517324561403509 0.6116639254385965 0.01908991228070176 0.013075657894736793
0 0.8108552631578947 0.6200657894736842 0.019554093567251463 0.029331140350877194
0 0.4205957602339181 0.6144462719298246 0.005847953216374269 0.01699561403508772
0 0.23988029970760236 0.6159046052631578 0.006441885964912281 0.015800438596491193
0 0.5879057017543861 0.6216008771929825 0.021282894736842112 0.028547149122806984
0 0.8044590643274855 0.6243146929824561 0.01918859649122807 0.03289473684210526
0 0.7645285087719298 0.6266447368421052 0.014985380116959063 0.036458333333333336
0 0.7571418128654971 0.6305126096491228 0.014802631578947368 0.03309210526315784
0 0.6730628654970761 0.6276041666666666 0.01114766081871345 0.03728070175438596
0 0.6652960526315789 0.6304769736842105 0.012426900584795321 0.04085526315789473
0 0.39089912280701755 0.6218105811403509 0.022112573099415205 0.026389802631578942
0 0.7342680921052631 0.6203728070175439 0.016233552631578933 0.025142543859649067
0 0.7306131213450292 0.6338034539473684 0.01148209064327484 0.026104714912280707
0 0.5270851608187135 0.6168297697368421 0.008665935672514634 0.01425164473684217
0 0.5335882675438597 0.6185074013157894 0.011650219298245614 0.013769188596491233
0 0.3132538377192982 0.6318379934210527 0.02288925438596491 0.04309484649122808
0 0.301687682748538 0.6324890350877194 0.020985014619883027 0.036085526315789436
0 0.443249269005848 0.6226233552631579 0.014269005847953204 0.023865131578947353
0 0.5501078216374269 0.6235183662280702 0.020946637426900564 0.024257127192982522
0 0.6975657894736842 0.6259608004385966 0.012152777777777778 0.029602521929824502
0 0.782437865497076 0.6259594298245614 0.012792397660818713 0.02631578947368421
0 0.5223866959064327 0.6307716557017544 0.01952485380116962 0.03642817982456137
0 0.2541684941520468 0.6236060855263158 0.02423611111111109 0.020057565789473705
0 0.34253198099415205 0.6295655153508771 0.022600511695906447 0.03288651315789468
0 0.39665570175438597 0.6311677631578948 0.01864035087719298 0.03289473684210526
0 0.40831323099415207 0.6306757127192983 0.010676169590643289 0.029416118421052618
0 0.42019188596491225 0.6518009868421053 0.020391081871345015 0.04288925438596492
0 0.4738669590643275 0.6254111842105263 0.012609649122807017 0.02138157894736842
0 0.5610727339181287 0.6308388157894737 0.011948099415204699 0.03396381578947371
0 0.460359100877193 0.6318667763157895 0.014862938596491215 0.03264802631578945
0 0.6295687134502924 0.635078125 0.01343201754385965 0.038368969298245556
0 0.3567635233918129 0.6323862390350877 0.017437865497076037 0.03094572368421049
0 0.6089948830409356 0.6323711622807018 0.012975146198830409 0.03432565789473679
0 0.32112755847953217 0.6329111842105263 0.018380847953216362 0.029802631578947313
0 0.5722587719298246 0.6295326206140351 0.016988304093567257 0.026208881578947404
0 0.7119800804093567 0.6335635964912281 0.012381213450292397 0.03713267543859638
0 0.7039318347953216 0.6371984649122807 0.008923611111111097 0.03344298245614035
0 0.789656432748538 0.6330866228070176 0.018457602339181287 0.03070175438596491
0 0.45017086988304095 0.6363199013157895 0.014406067251461974 0.03607182017543863
0 0.2694782529239766 0.6377302631578947 0.019402412280701768 0.0366995614035088
0 0.05875365497076023 0.634594298245614 0.014985380116959063 0.02987938596491228
0 0.2813112207602339 0.6294750548245615 0.015656067251462003 0.022837171052631566
0 0.0381030701754386 0.628671875 0.027046783625730993 0.015293311403508762
0 0.03070175438596491 0.6422724780701754 0.01918859649122807 0.021112938596491222
0 0.08168859649122807 0.6334978070175439 0.024305555555555556 0.023300438596491228
0 0.24889985380116958 0.6329262609649123 0.018084795321637433 0.02201480263157893
0 0.4266109283625731 0.6398026315789473 0.017147295321637415 0.033168859649122806
0 0.6434502923976608 0.6392694627192982 0.016615497076023406 0.03583059210526317
0 0.3978810307017544 0.6407223135964912 0.01585343567251462 0.03516721491228069
0 0.338671418128655 0.6342242324561403 0.021915204678362585 0.02484649122807014
0 0.06478435672514621 0.6414473684210527 0.017543859649122806 0.03262061403508772
0 0.2399451754385965 0.6421326754385964 0.018084795321637433 0.030153508771929825
0 0.7387454312865498 0.6444613486842105 0.013492324561403495 0.03591282894736848
0 0.04769736842105263 0.6438856907894737 0.014071637426900584 0.032129934210526324
0 0.16558479532163745 0.6470381030701754 0.01663011695906433 0.038643092105263226
0 0.46878837719298244 0.6459004934210527 0.012898391812865484 0.036587171052631526
0 0.46003929093567253 0.6477521929824562 0.01285270467836256 0.027138157894736843
0 0.6516054459064328 0.6382524671052632 0.017878289473684198 0.023659539473684196
0 0.7612618786549707 0.6480084978070175 0.03294042397660819 0.03368146929824559
0 0.7467023026315789 0.650249451754386 0.006441885964912281 0.015016447368421108
0 0.43969298245614036 0.6459484649122806 0.00932017543859649 0.028464912280701794
0 0.5435051169590643 0.6405523574561404 0.023230994152046765 0.019673793859649118
0 0.4764939692982456 0.6464172149122807 0.013477704678362573 0.03529057017543854
0 0.5173538011695906 0.6506441885964912 0.0213669590643275 0.03350328947368415
0 0.17446363304093568 0.6482031250000001 0.009563230994152055 0.028500548245614106
0 0.498188048245614 0.6543311403508771 0.01921966374269007 0.02823464912280702
0 0.038651315789473686 0.649298245614035 0.007309941520467836 0.020756578947368366
0 0.07351059941520469 0.6600877192982456 0.022021198830409358 0.03481359649122807
0 0.06405336257309942 0.6637883771929824 0.017543859649122806 0.03508771929824561
0 0.0826937134502924 0.6691337719298245 0.02046783625730994 0.021655701754385966
0 0.41528051900584795 0.6595888157894737 0.02043676900584794 0.03197368421052628
0 0.4800886330409357 0.6614542214912281 0.02078764619883041 0.030282346491228015
0 0.6427266081871346 0.6602823464912281 0.017361111111111112 0.027845394736842086
0 0.4536887792397661 0.6649671052631579 0.020498903508771944 0.02779605263157897
0 0.21536915204678364 0.6816063596491228 0.02412280701754386 0.013706140350877192
0 0.20211988304093567 0.6954413377192983 0.024305555555555556 0.026606359649122793
0 0.21125 0.7032620614035088 0.021396198830409344 0.027960526315789474
0 0.21134868421052633 0.7199835526315789 0.023757309941520467 0.03618421052631579
0 0.22400402046783627 0.7200150767543859 0.023757309941520467 0.037217653508771924
0 0.03436494883040935 0.5697286184210527 0.020148026315789474 0.0280921052631579
0 0.03774579678362573 0.5627741228070176 0.01822916666666667 0.025005482456140357
0 0.1141529605263158 0.5924972587719298 0.020718201754385965 0.015482456140350882
0 0.11270285087719299 0.6009923245614035 0.01882309941520468 0.019046052631578953
0 0.12246436403508772 0.5970641447368421 0.019691154970760235 0.025487938596491233
0 0.10739583333333333 0.5147012061403509 0.027595029239766082 0.020690789473684152
0 0.11584795321637426 0.5199684758771931 0.01160453216374269 0.01705866228070176
0 0.12493969298245614 0.5210718201754386 0.013614766081871345 0.0263103070175438
0 0.12656798245614034 0.5425726425438596 0.011787280701754386 0.01856633771929825
0 0.12419225146198831 0.5485348135964913 0.01471125730994152 0.021855811403508778
0 0.15275036549707605 0.539313322368421 0.0059466374269005785 0.013944627192982426
0 0.16131304824561404 0.5753741776315789 0.007264254385964912 0.017266995614035153
0 0.16414565058479533 0.584154331140351 0.012472587719298246 0.02281524122807018
0 0.16755391081871343 0.5486800986842106 0.011262792397660818 0.02887883771929828
0 0.16840643274853803 0.5347313596491229 0.015328947368421051 0.01890899122807018
0 0.2405500730994152 0.5871093749999999 0.02275219298245614 0.01452576754385959
0 0.27085983187134505 0.5198149671052631 0.01208516081871347 0.02367050438596495
0 0.27377284356725146 0.523969298245614 0.016036184210526317 0.023179824561403495
0 0.2755564692982456 0.5338993969298246 0.016138523391812855 0.013686951754385982
0 0.3545970394736842 0.4939322916666667 0.019851973684210548 0.015233004385964958
0 0.34360928362573095 0.5054536732456141 0.014506578947368442 0.011373355263157896
0 0.35135690789473684 0.5527768640350877 0.023072002923976608 0.017127192982456144
0 0.34713084795321636 0.5650068530701754 0.023574561403508772 0.020074013157894803
0 0.393937317251462 0.5161896929824562 0.01274671052631579 0.021376096491228076
0 0.4007903874269006 0.5234854714912281 0.008908991228070175 0.025282346491228076
0 0.3876781798245614 0.5376000548245614 0.013751827485380117 0.02199287280701755
0 0.5638331505847953 0.5110759320175439 0.014300073099415205 0.015139802631578953
0 0.5691785453216375 0.5137486293859649 0.017498172514619884 0.020211074561403513
0 0.6675950292397661 0.5393804824561403 0.026133040935672515 0.013634868421052633
0 0.6661330409356725 0.545546875 0.025584795321637425 0.017743969298245617
