0 0.792875 0.4961666666666667 0.03125 0.029
0 0.159625 0.5975 0.02075 0.03766666666666667
0 0.580125 0.5193333333333333 0.01225 0.04
0 0.205375 0.46066666666666667 0.01375 0.05
0 0.6623749999999999 0.6465000000000001 0.01175 0.025666666666666667
0 0.26349999999999996 0.5656666666666667 0.0195 0.034666666666666665
0 0.55525 0.6608333333333334 0.016 0.034333333333333334
0 0.419625 0.5166666666666667 0.02375 0.03133333333333333
0 0.792875 0.5365000000000001 0.02475 0.03766666666666667
0 0.733 0.52 0.0275 0.027333333333333334
0 0.462375 0.6786666666666666 0.02325 0.034666666666666665
0 0.412125 0.7491666666666666 0.02575 0.033
0 0.6975 0.7333333333333334 0.018 0.034
0 0.408125 0.48 0.03225 0.022
0 0.76925 0.608 0.0205 0.03266666666666666
0 0.482625 0.5948333333333333 0.01575 0.029
0 0.737625 0.5926666666666667 0.01925 0.04133333333333333
0 0.32975 0.6295 0.013 0.044333333333333336
0 0.814875 0.5133333333333333 0.01825 0.043333333333333335
0 0.8953749999999999 0.5458333333333333 0.01975 0.037
0 0.237625 0.6171666666666666 0.03125 0.029
0 0.6895 0.7661666666666667 0.0225 0.029666666666666668
0 0.46925 0.5730000000000001 0.02 0.035333333333333335
0 0.449625 0.7938333333333334 0.02225 0.035666666666666666
0 0.548875 0.5936666666666667 0.02775 0.03266666666666666
0 0.306 0.6255000000000001 0.014 0.033666666666666664
0 0.21562499999999998 0.5728333333333333 0.01425 0.036333333333333336
0 0.67775 0.5325 0.0185 0.036333333333333336
0 0.81175 0.6200000000000001 0.0185 0.035333333333333335
0 0.485625 0.8089999999999999 0.01925 0.03266666666666666
0 0.587125 0.6365 0.01375 0.04033333333333333
0 0.628375 0.6111666666666666 0.02325 0.04033333333333333
0 0.56025 0.6086666666666667 0.0165 0.03933333333333333
0 0.54775 0.817 0.023 0.04733333333333333
0 0.169375 0.47 0.01375 0.030666666666666665
0 0.43475 0.4816666666666667 0.02 0.037333333333333336
0 0.46775 0.4721666666666667 0.018 0.03233333333333333
0 0.30174999999999996 0.49 0.0205 0.038
0 0.91125 0.5061666666666667 0.0225 0.037
0 0.80575 0.6068333333333333 0.02 0.033666666666666664
0 0.431875 0.7576666666666667 0.02525 0.016
0 0.6244999999999999 0.5071666666666667 0.017 0.03766666666666667
0 0.190625 0.4696666666666667 0.01575 0.036
0 0.902 0.49683333333333335 0.0255 0.028333333333333332
0 0.232625 0.5598333333333333 0.02425 0.030333333333333334
0 0.7451249999999999 0.6538333333333333 0.02575 0.027
0 0.51525 0.4646666666666667 0.0195 0.037333333333333336
0 0.577875 0.6886666666666666 0.02475 0.024
0 0.4205 0.6308333333333332 0.0205 0.035
0 0.704375 0.5236666666666667 0.01375 0.042
0 0.417375 0.5758333333333334 0.01425 0.035666666666666666
0 0.9181250000000001 0.522 0.01825 0.03666666666666667
0 0.27849999999999997 0.5888333333333333 0.0235 0.035
0 0.40975 0.5996666666666667 0.013 0.038
0 0.15775 0.5648333333333334 0.014 0.04566666666666667
0 0.6664225 0.4995 0.032345000000000027 0.034333333333333334
0 0.76125 0.6363333333333333 0.0155 0.042666666666666665
0 0.360875 0.5814999999999999 0.02075 0.035
0 0.36412500000000003 0.486 0.01275 0.034
0 0.5005000000000001 0.4791666666666667 0.0185 0.04033333333333333
0 0.20225 0.5673333333333332 0.0145 0.04133333333333333
0 0.5805 0.4796666666666667 0.0325 0.018
0 0.39725 0.5918333333333333 0.014 0.041666666666666664
0 0.22775 0.474 0.014 0.043333333333333335
0 0.666125 0.5803333333333334 0.01975 0.06066666666666667
0 0.255625 0.48733333333333334 0.02075 0.036
0 0.711 0.6315000000000001 0.0125 0.03966666666666667
0 0.426875 0.5585 0.02825 0.028333333333333332
0 0.253875 0.45966666666666667 0.01725 0.03333333333333333
0 0.7498750000000001 0.6186666666666667 0.01625 0.04
0 0.6531250000000001 0.7170000000000001 0.01225 0.04533333333333334
0 0.46125 0.6081666666666667 0.014 0.043666666666666666
0 0.18137499999999998 0.4686666666666667 0.01275 0.035333333333333335
0 0.5605 0.6930000000000001 0.024 0.037333333333333336
0 0.60425 0.5463333333333333 0.015 0.036
0 0.34575 0.4928333333333333 0.0145 0.035666666666666666
0 0.749 0.593 0.0155 0.034666666666666665
0 0.8326250000000001 0.5218333333333333 0.01425 0.037
0 0.3775 0.6106666666666667 0.0145 0.04066666666666666
0 0.736375 0.6288333333333332 0.01825 0.045
0 0.20325000000000001 0.608 0.0155 0.04066666666666666
0 0.476125 0.5838333333333333 0.01525 0.041666666666666664
0 0.546875 0.7911666666666667 0.01925 0.034333333333333334
0 0.380375 0.5811666666666666 0.02375 0.033
0 0.33487500000000003 0.5716666666666667 0.01775 0.038
0 0.58175 0.5856666666666667 0.015 0.048
0 0.29127125 0.46425 0.023957499999999982 0.0385
0 0.56125 0.7425 0.018 0.03833333333333333
0 0.6225 0.7243333333333333 0.0215 0.03666666666666667
0 0.269875 0.5775 0.01725 0.035666666666666666
0 0.784125 0.6343333333333334 0.02375 0.035333333333333335
0 0.704875 0.7403333333333333 0.02075 0.03266666666666666
0 0.40950000000000003 0.5096666666666666 0.023 0.014666666666666666
0 0.442375 0.6186666666666667 0.02075 0.018
0 0.6980000000000001 0.6156666666666667 0.0135 0.04
0 0.38725 0.491 0.013 0.035333333333333335
0 0.600125 0.6236666666666666 0.01375 0.043333333333333335
0 0.323875 0.5678333333333333 0.01875 0.039
0 0.544125 0.5676666666666667 0.01675 0.03266666666666666
0 0.5913750000000001 0.5419999999999999 0.01225 0.03866666666666667
0 0.443375 0.6068333333333333 0.02275 0.02033333333333333
0 0.32525 0.598 0.0225 0.024
0 0.658875 0.7893333333333333 0.01925 0.046
0 0.28175 0.5596666666666668 0.015 0.043333333333333335
0 0.4595 0.7641666666666667 0.02 0.018333333333333333
0 0.5111249999999999 0.6663333333333333 0.01975 0.04066666666666666
0 0.44475000000000003 0.5756666666666667 0.016 0.042
0 0.570875 0.7696666666666667 0.02025 0.03133333333333333
0 0.339625 0.6208333333333333 0.01575 0.04566666666666667
0 0.61475 0.7418333333333333 0.0205 0.017666666666666667
0 0.5680000000000001 0.512 0.0135 0.042
0 0.5707500000000001 0.7165 0.0175 0.036333333333333336
0 0.48324999999999996 0.7185 0.0155 0.04633333333333333
0 0.43624999999999997 0.7906666666666667 0.0265 0.017333333333333333
0 0.698 0.4845 0.0165 0.042333333333333334
0 0.5421250000000001 0.7566666666666667 0.02475 0.03133333333333333
0 0.622375 0.6991666666666667 0.01775 0.042333333333333334
0 0.5225000000000001 0.5950000000000001 0.0115 0.037333333333333336
0 0.18475000000000003 0.6105 0.027 0.023666666666666666
0 0.41775 0.49666666666666665 0.033 0.015333333333333332
0 0.57175 0.7375 0.018 0.03233333333333333
0 0.6806249999999999 0.7511666666666666 0.01975 0.03766666666666667
0 0.6485 0.7463333333333333 0.0225 0.034666666666666665
0 0.3065 0.5996666666666667 0.022 0.022
0 0.610125 0.5253333333333333 0.01425 0.018
0 0.44075000000000003 0.7486666666666667 0.033 0.028
0 0.488375 0.5038333333333334 0.01375 0.047
0 0.47962499999999997 0.4933333333333333 0.01625 0.03866666666666667
0 0.46037500000000003 0.7351666666666667 0.02475 0.019666666666666666
0 0.6647500000000001 0.7561666666666667 0.0155 0.027666666666666666
0 0.574125 0.6325 0.01375 0.029
0 0.48175 0.6766666666666666 0.019 0.046
0 0.6357499999999999 0.6981666666666666 0.013 0.045
0 0.6917500000000001 0.5206666666666667 0.0155 0.042666666666666665
0 0.18262499999999998 0.5763333333333334 0.01425 0.044
0 0.293 0.6061666666666666 0.02 0.03833333333333333
0 0.349375 0.5715 0.01625 0.025
0 0.604875 0.7286666666666667 0.02925 0.023333333333333334
0 0.5155 0.7945 0.018 0.041666666666666664
0 0.15275 0.5596666666666666 0.0025 0.034666666666666665
0 0.653625 0.6233333333333333 0.01525 0.04933333333333333
0 0.5605 0.7881666666666667 0.0125 0.04633333333333333
0 0.5836250000000001 0.7176666666666667 0.01475 0.042
0 0.45475 0.5765 0.014 0.04633333333333333
0 0.796125 0.5188333333333333 0.02275 0.025
0 0.190625 0.5805 0.01225 0.049
0 0.34025 0.5874999999999999 0.013 0.029
0 0.21594999999999998 0.46849999999999997 0.01225 0.033666666666666664
0 0.2408275 0.4665 0.017 0.041
0 0.14507 0.5626666666666666 0.014 0.043333333333333335
0 0.1703225 0.5721666666666667 0.0115 0.05633333333333333
0 0.214825 0.603 0.02 0.044
0 0.22745125 0.581 0.013752499999999997 0.04466666666666667
0 0.2385775 0.5811666666666666 0.0115 0.045
0 0.24982875 0.6073333333333334 0.0230025 0.038
0 0.25007749999999995 0.5885 0.0165 0.03233333333333333
0 0.26495374999999993 0.6096666666666667 0.0157525 0.032
0 0.278705 0.6231666666666666 0.01825 0.037
0 0.2528525 0.5519999999999999 0.01812500000000003 0.03866666666666667
0 0.29404 0.5635 0.0125 0.03766666666666667
0 0.30972875000000005 0.5616666666666666 0.0233775 0.042333333333333334
0 0.31266625000000003 0.5705 0.024502499999999997 0.04033333333333333
0 0.296915 0.5868333333333333 0.0095 0.016
0 0.3177275 0.623 0.016625 0.039
0 0.34898000000000007 0.6074166666666666 0.012125 0.049166666666666664
0 0.35998125000000003 0.6105833333333333 0.011877499999999997 0.049166666666666664
0 0.3698575 0.597 0.011625 0.059
0 0.39248375 0.603 0.017877499999999998 0.053
0 0.24316374999999998 0.491 0.0187525 0.038
0 0.26391624999999996 0.4484166666666667 0.018502500000000026 0.0445
0 0.27472875 0.44 0.025127499999999997 0.025333333333333333
0 0.28323 0.45575 0.014875 0.035166666666666666
0 0.27079125 0.47333333333333333 0.012502499999999998 0.04633333333333333
0 0.27772875 0.49433333333333335 0.013627499999999997 0.044
0 0.288605 0.49225 0.009625 0.035833333333333335
0 0.29860625 0.4751666666666667 0.018377499999999998 0.036333333333333336
0 0.3158575 0.48066666666666663 0.014875 0.03666666666666667
0 0.328295 0.48524999999999996 0.015 0.041833333333333333
0 0.33654625 0.484 0.009252499999999999 0.027333333333333334
0 0.35573125 0.5008333333333334 0.020127499999999996 0.043666666666666666
0 0.374045 0.4810833333333333 0.01475 0.04783333333333333
0 0.45223874999999997 0.4974166666666667 0.018127499999999998 0.036833333333333336
0 0.46542750000000005 0.5075833333333333 0.01275 0.041166666666666664
0 0.42292375 0.5911666666666666 0.013752499999999997 0.051
0 0.4326125 0.5894166666666667 0.010875 0.041833333333333333
0 0.43467500000000003 0.6244999999999999 0.02275 0.03233333333333333
0 0.4693025 0.6214999999999999 0.0135 0.045
0 0.48030375 0.6264166666666666 0.014752499999999998 0.0385
0 0.49818 0.5948333333333333 0.0175 0.04033333333333333
0 0.49186625 0.62075 0.014627499999999998 0.04683333333333333
0 0.504805 0.6215833333333333 0.014749999999999944 0.03883333333333333
0 0.512305 0.6036666666666667 0.014499999999999943 0.036
0 0.5126175 0.5691666666666666 0.01612499999999994 0.047
0 0.51793125 0.5591666666666666 0.0187525 0.035
0 0.5354325 0.5652499999999999 0.017 0.04516666666666667
0 0.496305 0.5176666666666667 0.008 0.025333333333333333
0 0.5064299999999999 0.5179166666666667 0.015249999999999942 0.036833333333333336
0 0.51561875 0.49424999999999997 0.014627499999999998 0.0445
0 0.5271187500000001 0.48983333333333334 0.012377500000000055 0.05733333333333333
0 0.5386825000000001 0.5096666666666666 0.016 0.04
0 0.5350575000000001 0.4855 0.01275 0.029
0 0.54787125 0.49183333333333334 0.01712749999999994 0.056666666666666664
0 0.5546212500000001 0.48000000000000004 0.015377499999999942 0.04
0 0.56062125 0.50725 0.02112749999999994 0.03716666666666667
0 0.55480875 0.5625833333333333 0.02325249999999994 0.03816666666666667
0 0.531495 0.6076666666666666 0.013625 0.04733333333333333
0 0.5414950000000001 0.6285833333333333 0.011875 0.044833333333333336
0 0.5278062499999999 0.6328333333333332 0.016752500000000056 0.033
0 0.55230875 0.6249166666666667 0.013002499999999941 0.0415
0 0.5661849999999999 0.6453333333333333 0.017 0.034666666666666665
0 0.52693125 0.6575833333333333 0.017252500000000056 0.04816666666666667
0 0.5131187500000001 0.6348333333333334 0.0188775 0.042
0 0.57136875 0.5974166666666666 0.015127500000000054 0.04083333333333333
0 0.590495 0.6045 0.013875 0.04666666666666667
0 0.60430875 0.5926666666666667 0.01575249999999994 0.05433333333333333
0 0.61012125 0.6291666666666667 0.014877499999999941 0.03866666666666667
0 0.61180875 0.5862499999999999 0.018002499999999942 0.04883333333333333
0 0.6320612499999999 0.6383333333333333 0.03350250000000005 0.017666666666666667
0 0.6268112499999999 0.6518333333333333 0.03275250000000005 0.021
0 0.63856125 0.6168333333333333 0.014752500000000054 0.036333333333333336
0 0.6501250000000001 0.61175 0.015125 0.0435
0 0.66631375 0.6185833333333334 0.012002500000000055 0.041833333333333333
0 0.6785650000000001 0.62475 0.01425 0.0485
0 0.67881375 0.5826666666666667 0.017502500000000056 0.044
0 0.6861900000000001 0.615 0.0135 0.049666666666666665
0 0.69887875 0.6289166666666667 0.01962749999999994 0.049833333333333334
0 0.72313 0.6398333333333334 0.015875 0.04466666666666667
0 0.7291300000000001 0.6169166666666667 0.010375 0.0215
0 0.715255 0.5996666666666666 0.019625 0.04733333333333333
0 0.7191275 0.5917083333333334 0.017814999999999942 0.03308333333333333
0 0.58934125 0.50475 0.018002499999999942 0.04616666666666667
0 0.5974975 0.49562500000000004 0.01256499999999994 0.041916666666666665
0 0.60756125 0.4985833333333333 0.0196875 0.044333333333333336
0 0.6123425 0.5037916666666666 0.019875 0.030416666666666668
0 0.6336262500000001 0.521625 0.0136875 0.040916666666666664
0 0.6447200000000001 0.522125 0.0135 0.044083333333333335
0 0.65334625 0.5189583333333333 0.02350249999999994 0.04775
0 0.6580024999999999 0.5099583333333334 0.02468999999999994 0.03841666666666667
0 0.6820325 0.4952083333333333 0.0215 0.04041666666666666
0 0.88251625 0.5485 0.021752500000000053 0.043
0 0.90776875 0.5435 0.02025249999999994 0.03766666666666667
0 0.7738775000000001 0.6343333333333333 0.015625 0.04033333333333333
0 0.78875375 0.6221666666666666 0.02512749999999994 0.03833333333333333
0 0.81750625 0.6275833333333334 0.020627500000000056 0.0395
0 0.82081875 0.52325 0.016502500000000055 0.0495
0 0.4106225 0.71575 0.015625 0.0415
0 0.41818500000000003 0.7176666666666667 0.01875 0.042333333333333334
0 0.43106124999999995 0.7118333333333333 0.0157525 0.047
0 0.44468749999999996 0.7035833333333333 0.0155 0.0455
0 0.441375 0.7330833333333333 0.014125 0.014833333333333334
0 0.45481375 0.6965833333333333 0.0190025 0.03983333333333333
0 0.45662625 0.7158333333333334 0.025377499999999997 0.035333333333333335
0 0.476065 0.7236666666666667 0.021 0.043333333333333335
0 0.47131375 0.7494166666666667 0.0305025 0.017166666666666667
0 0.49487875 0.73325 0.016127499999999996 0.04016666666666667
0 0.49519125 0.69125 0.021252499999999997 0.04583333333333333
0 0.5094425 0.73175 0.02175 0.03183333333333333
0 0.5136299999999999 0.7248333333333333 0.024125 0.036333333333333336
0 0.520005 0.70875 0.015125 0.051833333333333335
0 0.5323187500000001 0.7132499999999999 0.014502500000000055 0.0505
0 0.5403825000000001 0.7255 0.013625 0.043333333333333335
0 0.5435700000000001 0.6969166666666666 0.018 0.049166666666666664
0 0.55657125 0.7083333333333334 0.015252499999999941 0.035666666666666666
0 0.5494450000000001 0.7409166666666667 0.01325 0.0415
0 0.47125375 0.7758333333333334 0.024377499999999996 0.042
0 0.47625375 0.78625 0.014127499999999998 0.043833333333333335
0 0.48544125 0.78025 0.015002499999999998 0.0475
0 0.4976925 0.7796666666666667 0.01425 0.049666666666666665
0 0.5041924999999999 0.7685833333333334 0.015 0.05216666666666667
0 0.5230687500000001 0.7548333333333334 0.027752500000000055 0.028
0 0.5021925 0.809 0.01925 0.042333333333333334
0 0.52675625 0.77 0.03287750000000005 0.022333333333333334
0 0.5297575000000001 0.7903333333333333 0.019125 0.034666666666666665
0 0.5754487500000001 0.792 0.015252500000000054 0.04133333333333333
0 0.58488625 0.7964166666666667 0.010877500000000054 0.03816666666666667
0 0.5946375 0.798 0.014375 0.035333333333333335
0 0.58688625 0.7510833333333334 0.015627500000000055 0.0515
0 0.5990750000000001 0.77825 0.02225 0.0335
0 0.6007 0.7624166666666666 0.0185 0.04416666666666667
0 0.6077 0.764 0.01175 0.04766666666666667
0 0.6157637499999999 0.7650833333333333 0.011627499999999942 0.034833333333333334
0 0.5972000000000001 0.703 0.0145 0.053
0 0.6281399999999999 0.7744166666666666 0.017375 0.0505
0 0.6389524999999999 0.774 0.021 0.04766666666666667
0 0.64307875 0.7558333333333334 0.020502500000000055 0.04066666666666666
0 0.607325 0.6924166666666667 0.01775 0.05316666666666667
0 0.6405150000000001 0.70975 0.017125 0.0485
0 0.6646425 0.7344166666666667 0.013375 0.0195
0 0.6692675 0.7313333333333333 0.022875 0.037
0 0.6785187500000001 0.7113333333333334 0.02462749999999994 0.05366666666666667
0 0.6671425 0.7121666666666667 0.022625 0.03
0 0.68858 0.7059166666666666 0.019 0.035833333333333335
0 0.43876374999999995 0.774 0.0311275 0.02266666666666667
0 0.2438225 0.3695833333333333 0.01625 0.0455
0 0.25276 0.33349999999999996 0.017625 0.041666666666666664
0 0.52331125 0.286 0.013002500000000054 0.034666666666666665
