0 0.82 0.22866666666666668 0.037 0.03266666666666666
0 0.21175 0.18883333333333335 0.0295 0.04766666666666667
0 0.150625 0.737 0.02675 0.034666666666666665
0 0.196625 0.28683333333333333 0.02375 0.045
0 0.253125 0.7541666666666667 0.02975 0.03833333333333333
0 0.730125 0.12766666666666668 0.02975 0.03266666666666666
0 0.619625 0.2743333333333333 0.02925 0.027333333333333334
0 0.5706249999999999 0.19983333333333334 0.02575 0.03233333333333333
0 0.477 0.13883333333333334 0.0225 0.029
0 0.6154999999999999 0.31833333333333336 0.0245 0.05
0 0.614625 0.12683333333333333 0.02375 0.025
0 0.5145 0.13583333333333333 0.018 0.026333333333333334
0 0.704375 0.11216666666666666 0.02325 0.026333333333333334
0 0.940875 0.2771666666666667 0.02575 0.042333333333333334
0 0.510375 0.3065 0.03775 0.043
0 0.261 0.257 0.0225 0.048
0 0.5509999999999999 0.18716666666666665 0.0205 0.049
0 0.28300000000000003 0.431 0.033 0.029333333333333333
0 0.563125 0.12383333333333332 0.02575 0.028333333333333332
0 0.674625 0.1805 0.03025 0.027666666666666666
0 0.073 0.4673333333333334 0.0265 0.052
0 0.651875 0.17883333333333334 0.01675 0.036333333333333336
0 0.189 0.25033333333333335 0.0225 0.044
0 0.52125 0.14533333333333334 0.019 0.028
0 0.461125 0.4895 0.03225 0.044333333333333336
0 0.039125 0.31216666666666665 0.02525 0.027666666666666666
0 0.48025 0.157 0.0265 0.028
0 0.58327125 0.5253833333333333 0.048542500000000016 0.04723333333333335
0 0.0465 0.475 0.024 0.04733333333333333
0 0.36712500000000003 0.1975 0.02275 0.049666666666666665
0 0.331125 0.26233333333333336 0.02575 0.052
0 0.934125 0.19233333333333333 0.02375 0.028666666666666667
0 0.555625 0.256 0.03025 0.044
0 0.7006249999999999 0.16566666666666668 0.02175 0.05466666666666667
0 0.317375 0.5013333333333333 0.02725 0.04
0 0.600125 0.15733333333333335 0.02075 0.04666666666666667
0 0.5456249999999999 0.23316666666666666 0.02575 0.04033333333333333
0 0.103875 0.54 0.02725 0.026
0 0.64675 0.14400000000000002 0.014 0.03266666666666666
0 0.113 0.38816666666666666 0.0325 0.030333333333333334
0 0.39137500000000003 0.6056666666666667 0.02475 0.05
0 0.22449999999999998 0.3883333333333333 0.0335 0.02666666666666667
0 0.0325 0.544 0.0245 0.034
0 0.61075 0.37316666666666665 0.0215 0.058333333333333334
0 0.714 0.10083333333333333 0.019 0.024333333333333332
0 0.373875 0.15466666666666667 0.01975 0.026
0 0.6543749999999999 0.3775 0.03425 0.033
0 0.5365 0.17633333333333331 0.024 0.029333333333333333
0 0.81275 0.191 0.021 0.043333333333333335
0 0.305125 0.19983333333333334 0.03225 0.019
0 0.502125 0.16949999999999998 0.01975 0.035
0 0.243625 0.35083333333333333 0.01875 0.05566666666666667
0 0.835125 0.4671666666666667 0.02925 0.037
0 0.722875 0.15766666666666668 0.02225 0.050666666666666665
0 0.574875 0.31166666666666665 0.02275 0.048666666666666664
0 0.15062499999999998 0.24616666666666664 0.01925 0.043
0 0.27637500000000004 0.215 0.02675 0.03133333333333333
0 0.049624999999999996 0.7481666666666666 0.02775 0.035666666666666666
0 0.167125 0.2373333333333333 0.02075 0.021333333333333333
0 0.6204999999999999 0.1726666666666667 0.0225 0.048666666666666664
0 0.106625 0.21416666666666667 0.02425 0.035
0 0.431125 0.441 0.02725 0.05266666666666667
0 0.702875 0.13 0.02475 0.03266666666666666
0 0.914125 0.33416666666666667 0.02975 0.039
0 0.5936250000000001 0.24516666666666667 0.02225 0.053
0 0.246375 0.2405 0.02825 0.04033333333333333
0 0.5556249999999999 0.3031666666666667 0.02175 0.061
0 0.420625 0.7531666666666667 0.02675 0.059
0 0.239375 0.5984999999999999 0.03475 0.039
0 0.536 0.15383333333333332 0.024 0.02033333333333333
0 0.89375 0.1715 0.0235 0.03966666666666667
0 0.23808 0.842295 0.026340000000000002 0.06392333333333333
0 0.01275 0.32283333333333336 0.0255 0.031
0 0.93975 0.24033333333333332 0.0285 0.06066666666666667
0 0.657625 0.2821666666666667 0.02325 0.05633333333333333
0 0.633375 0.13383333333333333 0.01475 0.037
0 0.242 0.488 0.0395 0.034666666666666665
0 0.2255 0.2786666666666667 0.0205 0.034
0 0.106125 0.245 0.01825 0.032
0 0.08875 0.35383333333333333 0.031 0.037
0 0.7909999999999999 0.36566666666666664 0.031 0.034666666666666665
0 0.4195 0.179 0.02 0.05333333333333334
0 0.9349999999999999 0.41133333333333333 0.025 0.046
0 0.063875 0.6913333333333334 0.03575 0.048666666666666664
0 0.57225 0.7621666666666667 0.0295 0.047
0 0.0265 0.34983333333333333 0.0305 0.039
0 0.229375 0.5535 0.02875 0.05366666666666667
0 0.9538749999999999 0.17733333333333332 0.01975 0.03133333333333333
0 0.507875 0.3505 0.03925 0.025666666666666667
0 0.128125 0.07733333333333334 0.01725 0.026
0 0.32825 0.43083333333333335 0.023 0.057666666666666665
0 0.8545 0.40166666666666667 0.0325 0.03866666666666667
0 0.138375 0.3253333333333333 0.01675 0.03933333333333333
0 0.34212499999999996 0.5218333333333333 0.03575 0.037
0 0.041249999999999995 0.43316666666666664 0.0385 0.027666666666666666
0 0.833375 0.12183333333333334 0.02125 0.030333333333333334
0 0.0295 0.7181666666666667 0.033 0.033666666666666664
0 0.426625 0.3396666666666667 0.02525 0.056666666666666664
0 0.27849999999999997 0.24 0.0235 0.058
0 0.4625 0.13383333333333333 0.018 0.029
0 0.857625 0.3756666666666667 0.03625 0.044
0 0.26137499999999997 0.28983333333333333 0.01825 0.024333333333333332
0 0.283875 0.18066666666666667 0.02525 0.03133333333333333
0 0.72525 0.2545 0.0205 0.049666666666666665
0 0.52625 0.271 0.0235 0.05733333333333333
0 0.09275000000000001 0.23716666666666666 0.014 0.022333333333333334
0 0.3835 0.204 0.0215 0.038
0 0.195 0.1915 0.0175 0.035
0 0.0135 0.5276666666666667 0.0265 0.025333333333333333
0 0.77125 0.15316666666666665 0.035 0.024333333333333332
0 0.17800000000000002 0.7424999999999999 0.025 0.055
0 0.59175 0.18883333333333335 0.0165 0.023
0 0.58175 0.16033333333333336 0.017 0.04466666666666667
0 0.8866250000000001 0.404 0.02625 0.058
0 0.421125 0.14916666666666667 0.02875 0.019666666666666666
0 0.921375 0.16116666666666668 0.03525 0.035666666666666666
0 0.428 0.48583333333333334 0.0285 0.035666666666666666
0 0.016875 0.5066666666666667 0.03325 0.03133333333333333
0 0.492375 0.23333333333333334 0.01425 0.023333333333333334
0 0.26175 0.1835 0.021 0.041666666666666664
0 0.8151525 0.3380266666666667 0.033 0.059946666666666676
0 0.457875 0.3265 0.02525 0.060333333333333336
0 0.91375 0.5531666666666666 0.025 0.063
0 0.90975 0.413 0.0265 0.043333333333333335
0 0.362625 0.15916666666666665 0.02325 0.018333333333333333
0 0.461875 0.178 0.01725 0.032
0 0.6138750000000001 0.497 0.02425 0.03333333333333333
0 0.06475 0.41433333333333333 0.032 0.036
0 0.442875 0.35416666666666663 0.02125 0.05366666666666667
0 0.326875 0.5436666666666667 0.02575 0.03133333333333333
0 0.35325 0.17916666666666667 0.012 0.03766666666666667
0 0.24100000000000002 0.27899999999999997 0.0185 0.025333333333333333
0 0.05875 0.26616666666666666 0.0235 0.057
0 0.39937500000000004 0.7294999999999999 0.02575 0.059
0 0.78175 0.2733333333333333 0.023 0.04133333333333333
0 0.3075 0.186 0.04 0.020666666666666667
0 0.532 0.5621666666666667 0.022 0.06766666666666667
0 0.583375 0.21366666666666667 0.03475 0.02
0 0.7915000000000001 0.14383333333333334 0.0355 0.03166666666666667
0 0.913625 0.1725 0.01825 0.028333333333333332
0 0.8547499999999999 0.19183333333333333 0.021 0.047
0 0.173125 0.222 0.03475 0.023333333333333334
0 0.208375 0.2455 0.02075 0.041666666666666664
0 0.07775 0.2435 0.014 0.017
0 0.985 0.10066666666666667 0.023 0.021333333333333333
0 0.930875 0.32766666666666666 0.02375 0.048666666666666664
0 0.0123675 0.29019833333333334 0.0185 0.03632333333333334
0 0.03361625 0.2779516666666667 0.0372475 0.06281666666666669
0 0.08555249999999999 0.29053333333333337 0.039125 0.021660000000000006
0 0.0727825 0.27390333333333333 0.02675 0.046820000000000014
0 0.08821999999999999 0.2604916666666667 0.017375 0.04432333333333334
0 0.1027825 0.27707000000000004 0.0165 0.03449333333333334
0 0.12415749999999999 0.21816833333333333 0.02325 0.03832333333333334
0 0.1329075 0.24841166666666667 0.01875 0.03982333333333334
0 0.1171575 0.26274 0.02225 0.054486666666666676
0 0.14609375 0.29281500000000005 0.046372500000000004 0.06431666666666665
0 0.108345 0.31431000000000003 0.022375 0.04465333333333331
0 0.0725325 0.31514333333333333 0.0275 0.040986666666666643
0 0.060782499999999996 0.347385 0.026 0.041156666666666716
0 0.1177825 0.34913333333333335 0.03 0.05032000000000005
0 0.08671999999999999 0.3149766666666667 0.032625 0.04298666666666664
0 0.12872 0.294815 0.031125 0.05698333333333331
0 0.15728124999999998 0.310895 0.029747500000000003 0.04515666666666664
0 0.17959250000000002 0.2907333333333333 0.029125 0.06681333333333331
0 0.17228000000000002 0.25007666666666667 0.0185 0.02749333333333334
0 0.15521875 0.35155000000000003 0.029122500000000003 0.05782000000000005
0 0.05122 0.3353033333333333 0.018875 0.050653333333333384
0 0.0160325 0.3736433333333333 0.021 0.06801333333333336
0 0.070015 0.38994500000000004 0.03575 0.05140333333333334
0 0.0948275 0.39136166666666666 0.019 0.05190333333333334
0 0.08015749999999999 0.4409633333333333 0.028 0.0569866666666666
0 0.13003 0.36415000000000003 0.02875 0.045653333333333344
0 0.155655 0.384645 0.0435 0.040656666666666674
0 0.12884375 0.40497333333333335 0.038122500000000004 0.017326666666666674
0 0.12815500000000002 0.43263333333333337 0.027 0.04265333333333335
0 0.10171875 0.4516266666666667 0.028372500000000002 0.0479866666666666
0 0.17609499999999997 0.34281500000000004 0.017875 0.04532333333333334
0 0.19271875 0.35148 0.0276225 0.05598666666666668
0 0.21628 0.27558333333333335 0.02575 0.04848666666666668
0 0.2294675 0.29932666666666663 0.042875 0.03132666666666667
0 0.20803 0.32123666666666667 0.02025 0.02249333333333334
0 0.22777999999999998 0.342565 0.01925 0.06581666666666668
0 0.2103425 0.3584783333333334 0.021375 0.057983333333333345
0 0.17971875 0.38955333333333336 0.026372500000000004 0.06581333333333335
0 0.15401 0.21054499999999998 0.031625 0.029156666666666674
0 0.15688499999999997 0.17955333333333331 0.023875 0.028159999999999987
0 0.16726 0.18196833333333334 0.033125 0.03265666666666666
0 0.17926 0.19088333333333332 0.020625 0.030160000000000006
0 0.18194749999999998 0.20921166666666666 0.02275 0.013496666666666669
0 0.20363499999999998 0.22012666666666666 0.020625 0.023660000000000007
0 0.22050999999999998 0.2172933333333333 0.021875 0.046653333333333345
0 0.2468225 0.20746166666666666 0.019 0.042323333333333345
0 0.25319749999999996 0.15855833333333333 0.04925 0.03848999999999999
0 0.2309475 0.22679 0.02575 0.053986666666666676
0 0.29451 0.235955 0.020875 0.04532333333333334
0 0.30976 0.23459333333333332 0.030875 0.05015333333333335
0 0.3265725 0.20085333333333336 0.023 0.018326666666666633
0 0.34363499999999997 0.20835166666666669 0.027875 0.06098333333333331
0 0.325135 0.2220133333333333 0.019625 0.030326666666666672
0 0.3525725 0.24950666666666665 0.016 0.05198666666666668
0 0.36925874999999997 0.25842166666666666 0.022622500000000004 0.06481666666666668
0 0.38519625 0.230345 0.025747500000000003 0.04365666666666668
0 0.40388250000000003 0.21593166666666666 0.030375 0.060816666666666644
0 0.39082124999999995 0.15953000000000003 0.029497500000000003 0.05032000000000001
0 0.313885 0.25819000000000003 0.042625 0.049319999999999975
0 0.2831975 0.2853483333333333 0.0325 0.05764999999999998
0 0.24575999999999998 0.30826000000000003 0.040875 0.02949333333333334
0 0.31151 0.29218 0.042375 0.02499333333333334
0 0.34532124999999997 0.28659833333333334 0.025247500000000003 0.06548333333333331
0 0.34963374999999997 0.31884 0.025872500000000003 0.06931333333333335
0 0.2881975 0.31992333333333334 0.03 0.053820000000000014
0 0.30476000000000003 0.33725166666666667 0.048625 0.03715666666666668
0 0.265885 0.336835 0.028125 0.059316666666666684
0 0.370135 0.315025 0.023375 0.06264999999999998
0 0.337385 0.34968166666666667 0.032625 0.061983333333333314
0 0.3260725 0.38133999999999996 0.022 0.061986666666666676
0 0.31276 0.36426 0.018125 0.05082000000000001
0 0.25751 0.36017999999999994 0.017875 0.05298666666666668
0 0.26850999999999997 0.38833833333333334 0.027125 0.047656666666666674
0 0.29788499999999996 0.383005 0.038125 0.06431666666666669
0 0.2788225 0.404835 0.03775 0.03932333333333334
0 0.3073225 0.416165 0.02 0.057650000000000014
0 0.38976 0.25951833333333335 0.026375 0.06298333333333331
0 0.394885 0.28051333333333334 0.019625 0.03998666666666668
0 0.41657249999999996 0.2651 0.0285 0.06847999999999999
0 0.44226 0.22927666666666666 0.030375 0.049486666666666644
0 0.43238499999999996 0.27918 0.037125 0.05865333333333334
0 0.44213375 0.28976166666666664 0.0501225 0.05748333333333335
0 0.415885 0.13610833333333333 0.032375 0.03865666666666667
0 0.33882249999999997 0.11478 0.0325 0.039986666666666656
0 0.43526 0.169515 0.022375 0.042156666666666655
0 0.4403225 0.19092666666666666 0.031 0.07198
0 0.49207 0.18767833333333334 0.023 0.05948333333333333
0 0.47644625 0.18651166666666666 0.016747500000000002 0.03382333333333332
0 0.46513374999999996 0.20767166666666667 0.0348725 0.03949000000000001
0 0.5147575000000001 0.20675666666666667 0.027875000000000056 0.05232000000000001
0 0.52682 0.19592500000000002 0.030000000000000058 0.05631666666666666
0 0.5421950000000001 0.13802333333333333 0.03725 0.023160000000000007
0 0.5344450000000001 0.11261333333333333 0.0245 0.02499333333333332
0 0.4623 0.2378033333333333 0.024125 0.047653333333333346
0 0.480675 0.25138333333333335 0.022375 0.05915333333333334
0 0.47811250000000005 0.3118666666666667 0.02375 0.06547999999999998
0 0.5039049999999999 0.322975 0.0385 0.030156666666666637
0 0.5369674999999999 0.30773 0.017375 0.05398666666666664
0 0.57540375 0.251465 0.02724750000000006 0.059650000000000016
0 0.5077575 0.2588533333333333 0.028875000000000057 0.057319999999999975
0 0.49975749999999997 0.24385666666666667 0.015125 0.031326666666666635
0 0.40282250000000003 0.33175166666666667 0.024 0.06681666666666668
0 0.38675999999999994 0.32566833333333334 0.018125 0.06731666666666668
0 0.3734675 0.37357333333333337 0.033625 0.07381333333333336
0 0.35878 0.3953166666666667 0.037 0.07498000000000002
0 0.395405 0.3899016666666667 0.02 0.06515000000000001
0 0.41615499999999994 0.39781666666666665 0.0225 0.07464666666666668
0 0.4325925 0.39506833333333335 0.027875 0.060150000000000016
0 0.4538425 0.3754883333333333 0.017875 0.033990000000000006
0 0.46328 0.38907 0.03275 0.07914666666666668
0 0.47078 0.415145 0.04375 0.08931000000000001
0 0.50153 0.3988166666666667 0.0275 0.06998000000000001
0 0.48421749999999997 0.35091333333333335 0.029125 0.028826666666666674
0 0.52028 0.39615 0.02475 0.07331333333333336
0 0.548905 0.35807666666666665 0.0475 0.030160000000000006
0 0.5688412500000001 0.34574666666666665 0.03762250000000006 0.024160000000000004
0 0.5410299999999999 0.378905 0.04225 0.03782333333333334
0 0.38027999999999995 0.44655500000000004 0.04675 0.06148333333333335
0 0.39127999999999996 0.46054999999999996 0.04325 0.0691466666666666
0 0.40127999999999997 0.489125 0.03375 0.06731666666666661
0 0.3570925 0.4976233333333333 0.055125 0.044319999999999936
0 0.37240499999999993 0.52238 0.04275 0.05415333333333327
0 0.41253 0.54829 0.04 0.059319999999999935
0 0.419405 0.5256283333333333 0.02875 0.08064333333333328
0 0.5660499999999999 0.17397833333333332 0.018375 0.05348333333333333
0 0.6059875 0.2070533333333333 0.0215 0.046653333333333345
0 0.6324249999999999 0.22388166666666667 0.038125 0.05531666666666668
0 0.6546749999999999 0.22188333333333335 0.026875 0.05232000000000001
0 0.6691125 0.21138666666666667 0.02875 0.05232000000000001
0 0.6916125 0.214885 0.02425 0.05498333333333335
0 0.7111124999999999 0.213885 0.02325 0.06098333333333335
0 0.7339249999999999 0.20980166666666666 0.037125 0.059816666666666685
0 0.75005 0.19005833333333333 0.050375 0.030656666666666638
0 0.669175 0.15298333333333333 0.038375 0.04648666666666664
0 0.6824874999999999 0.14398666666666668 0.0285 0.053820000000000014
0 0.6133 0.15765 0.012625 0.02749333333333336
0 0.5878625 0.12832333333333334 0.02225 0.026826666666666655
0 0.574425 0.113745 0.025875 0.01599666666666667
0 0.5989249999999999 0.10608000000000001 0.022125 0.03199333333333334
0 0.7487999999999999 0.15281666666666666 0.019375 0.04848666666666664
0 0.7584874999999999 0.12049166666666666 0.03825 0.041823333333333323
0 0.7349875 0.15848333333333334 0.0095 0.03182666666666669
0 0.6349049999999999 0.18406 0.031 0.05065333333333333
0 0.6244675 0.25387333333333334 0.042875 0.046320000000000014
0 0.6309674999999999 0.247125 0.031375 0.03849000000000001
0 0.6767799999999999 0.26337333333333335 0.023 0.07564666666666668
0 0.69509125 0.2684533333333333 0.03162250000000006 0.07248000000000002
0 0.7071525000000001 0.2763683333333333 0.02475 0.06331666666666669
0 0.771715 0.21954999999999997 0.032125 0.05832000000000001
0 0.7476525 0.21688333333333332 0.0195 0.03232666666666667
0 0.7850075000000001 0.112635 0.030875 0.03998999999999999
0 0.8041950000000001 0.11405000000000001 0.03075 0.046819999999999994
0 0.8166325 0.14121 0.028625 0.046820000000000014
0 0.8411325000000001 0.15554 0.025375 0.054486666666666676
0 0.7785075 0.17478333333333335 0.047375 0.028326666666666674
0 0.8232575000000001 0.18103166666666667 0.029125 0.03982333333333334
0 0.7942575000000001 0.209025 0.020375 0.04715666666666664
0 0.804945 0.221855 0.01875 0.037156666666666636
0 0.8422575000000001 0.22102333333333335 0.033875 0.049153333333333306
0 0.8473825 0.206525 0.027125 0.044489999999999974
0 0.87069375 0.2054433333333333 0.026247499999999944 0.048986666666666644
0 0.8639025 0.15354 0.0245 0.05548666666666668
0 0.8777775000000001 0.16195333333333334 0.01875 0.05132000000000001
0 0.8800275 0.219105 0.039 0.04098999999999997
0 0.893715 0.20361 0.023375 0.03366000000000001
0 0.9140900000000001 0.20511000000000001 0.025875 0.05165333333333331
0 0.9025275 0.11754166666666667 0.0305 0.040156666666666674
0 0.909715 0.14403500000000002 0.040875 0.014163333333333337
0 0.9292775 0.12528999999999998 0.04375 0.045653333333333344
0 0.916965 0.10254666666666666 0.030125 0.022160000000000006
0 0.94459 0.12062666666666666 0.029125 0.04998666666666668
0 0.96059 0.12545666666666666 0.028125 0.046653333333333345
0 0.974215 0.13062333333333334 0.040125 0.05765333333333335
0 0.9757775 0.11137833333333333 0.049 0.04249000000000001
0 0.9371525 0.15878166666666668 0.02025 0.033990000000000006
0 0.9612775 0.16969499999999998 0.045 0.05981666666666664
0 0.9740275 0.1659466666666667 0.052 0.05298666666666668
0 0.958215 0.222375 0.035375 0.06331666666666669
0 0.9811925 0.20597500000000002 0.03525 0.0418233333333333
0 0.9910675 0.21405666666666665 0.01825 0.022326666666666672
0 0.9839424999999999 0.2363 0.03175 0.02249333333333334
0 0.98163 0.25138 0.037625 0.022993333333333338
0 0.9757549999999999 0.29020166666666664 0.034625 0.06665000000000001
0 0.91975625 0.2529633333333333 0.033372499999999944 0.05115333333333334
0 0.97209 0.31244666666666665 0.049625 0.06547999999999998
0 0.9636525 0.33785666666666664 0.052 0.07464666666666665
0 0.90659 0.30353166666666664 0.046125 0.03599000000000001
0 0.9873175 0.37623500000000004 0.0265 0.06231666666666668
0 0.9745050000000001 0.3998116666666667 0.032375 0.05748333333333335
0 0.9451925 0.392815 0.0335 0.06148333333333335
0 0.918965 0.4584916666666667 0.044375 0.06331666666666669
0 0.955715 0.4839016666666667 0.067875 0.042156666666666676
0 0.85892375 0.45415833333333333 0.05687250000000006 0.05731666666666668
0 0.9369700000000001 0.5201783333333333 0.078 0.041656666666666675
0 0.977845 0.5296766666666666 0.03775 0.03466
0 0.979345 0.5660000000000001 0.03925 0.05665333333333335
0 0.940845 0.568335 0.03875 0.06331666666666669
0 0.87534625 0.486855 0.057747500000000056 0.05698333333333335
0 0.90247125 0.5798316666666666 0.042997500000000057 0.06231666666666668
0 0.9083462499999999 0.6349816666666668 0.05474750000000006 0.06865000000000002
0 0.98272 0.65881 0.039 0.07364666666666668
0 0.8840125000000001 0.25191833333333336 0.02325 0.03832333333333334
0 0.9057625 0.25874833333333336 0.03875 0.05998333333333335
0 0.8567625 0.2535816666666667 0.04225 0.03765666666666668
0 0.8776950000000001 0.3245283333333333 0.02075 0.06598333333333331
0 0.9070687500000001 0.35094 0.049497499999999944 0.05481999999999997
0 0.90881875 0.38268166666666664 0.04849749999999994 0.03599000000000001
0 0.8615075000000001 0.34552333333333335 0.042875 0.07864666666666664
0 0.8781950000000001 0.2813733333333333 0.03925 0.02899333333333334
0 0.8553825 0.3002033333333333 0.044625 0.05065333333333335
0 0.832945 0.24743833333333334 0.03025 0.0226633333333333
0 0.8300075000000001 0.26835 0.020375 0.02349333333333334
0 0.811695 0.2661 0.02025 0.04331999999999998
0 0.7971325 0.26993333333333336 0.025375 0.04565333333333331
0 0.7688825 0.27909833333333334 0.033625 0.061983333333333314
0 0.7426325 0.26293500000000003 0.032625 0.06631666666666665
0 0.7623200000000001 0.29867499999999997 0.04525 0.058483333333333345
0 0.835445 0.28984499999999996 0.04625 0.03982333333333334
0 0.7503200000000001 0.313775 0.0505 0.03765666666666664
0 0.7393825 0.35126500000000005 0.072125 0.053316666666666644
0 0.7304450000000001 0.3639283333333333 0.05675 0.03099000000000001
0 0.78107 0.34426666666666667 0.0315 0.04998666666666664
0 0.805695 0.31077499999999997 0.04575 0.036989999999999974
0 0.82782 0.3678433333333333 0.0245 0.07348000000000002
0 0.711445 0.311635 0.03575 0.06415000000000005
0 0.667195 0.34271166666666664 0.05975 0.04598999999999997
0 0.7028200000000001 0.3763683333333333 0.0435 0.0653166666666666
0 0.7389450000000001 0.3832 0.044 0.028660000000000005
0 0.78557 0.38983666666666666 0.037 0.04848666666666668
0 0.8146950000000001 0.4078333333333333 0.0365 0.07148000000000002
0 0.7845075 0.423245 0.044125 0.060650000000000016
0 0.7470075 0.4053333333333333 0.051125 0.053820000000000014
0 0.7716325 0.4392416666666667 0.044875 0.06131666666666668
0 0.8751525 0.4477116666666667 0.05175 0.06614999999999994
0 0.801965 0.4522933333333333 0.031875 0.0676466666666666
0 0.8337775000000001 0.47912 0.07125 0.07197999999999995
0 0.6388125 0.303625 0.026125 0.048156666666666674
0 0.5949374999999999 0.288545 0.043875 0.03999000000000001
0 0.59275 0.329785 0.02575 0.05614999999999998
0 0.62975 0.35494499999999995 0.0335 0.05714999999999998
0 0.70016625 0.40859833333333334 0.06449749999999994 0.06615000000000001
0 0.6360825 0.40829166666666666 0.055 0.039323333333333266
0 0.662395 0.4344516666666667 0.042625 0.07997666666666661
0 0.6962075 0.42870166666666665 0.05575 0.03782333333333334
0 0.687145 0.4501983333333333 0.066125 0.041490000000000006
0 0.5885225000000001 0.3777166666666667 0.023625 0.05015333333333335
0 0.5660225000000001 0.3870483333333334 0.032375 0.04249000000000001
0 0.5342100000000001 0.3379766666666667 0.03425 0.01832666666666667
0 0.59225 0.40715333333333337 0.0195 0.01549333333333334
0 0.5840000000000001 0.425815 0.0615 0.04082333333333334
0 0.539125 0.41190333333333334 0.01975 0.04865333333333335
0 0.560625 0.4125683333333333 0.04475 0.052650000000000016
0 0.6140625 0.44089500000000004 0.024875 0.035323333333333345
0 0.623125 0.4464766666666667 0.04875 0.04982000000000001
0 0.48698 0.4456716666666667 0.055625 0.040656666666666674
0 0.52848 0.44317166666666663 0.033375 0.024330000000000004
0 0.5437299999999999 0.46366666666666667 0.054625 0.027326666666666673
0 0.5939175 0.47283166666666665 0.053 0.03599000000000001
0 0.5421050000000001 0.48649333333333333 0.062875 0.030993333333333338
0 0.5744175 0.5003233333333333 0.0535 0.03266000000000001
0 0.4965425 0.46608166666666667 0.04275 0.03849000000000001
0 0.68360375 0.46610999999999997 0.06762249999999995 0.04065333333333335
0 0.6319175 0.4719416666666666 0.0275 0.02899000000000001
0 0.64198 0.49460333333333334 0.058625 0.046320000000000014
0 0.50593875 0.49660166666666666 0.0238725 0.07165000000000002
0 0.4842525 0.5243433333333333 0.03575 0.0998066666666667
0 0.46562749999999997 0.5119033333333334 0.03975 0.04282000000000001
0 0.45244 0.5365633333333334 0.045625 0.05115333333333334
0 0.51375125 0.5522250000000001 0.025997500000000003 0.06081666666666668
0 0.5218762499999999 0.5084883333333333 0.039497500000000005 0.034656666666666676
0 0.5428125 0.5270666666666667 0.019625 0.04348666666666668
0 0.5570625 0.553975 0.029625 0.06831666666666668
0 0.60348 0.55517 0.052625 0.07248000000000002
0 0.6366675 0.524595 0.062 0.03699000000000001
0 0.6312925 0.5658333333333334 0.058 0.07481333333333336
0 0.65273 0.561835 0.042375 0.05281666666666668
0 0.68716625 0.535925 0.06049749999999995 0.06331666666666669
0 0.6932287500000001 0.5149316666666667 0.048622499999999944 0.06498333333333335
0 0.49116750000000003 0.5761916666666667 0.03 0.06731666666666668
0 0.5052300000000001 0.6041016666666666 0.051375 0.042156666666666676
0 0.5312300000000001 0.6130150000000001 0.027875 0.060316666666666685
0 0.5637300000000001 0.58069 0.046375 0.05332000000000001
0 0.57448 0.60935 0.063875 0.04165333333333335
0 0.5835425 0.6259283333333333 0.06625 0.058150000000000014
0 0.73427 0.49586833333333336 0.049875 0.05898333333333327
0 0.7088949999999999 0.5076149999999999 0.052625 0.05715000000000001
0 0.7380825 0.46671 0.04625 0.045986666666666606
0 0.7620825 0.45637833333333333 0.055 0.05464999999999994
0 0.8082075 0.53422 0.04325 0.054153333333333345
0 0.7838325 0.5330533333333334 0.034 0.07381333333333336
0 0.7638324999999999 0.5526300000000001 0.0345 0.07764666666666661
0 0.8549574999999999 0.5428000000000001 0.0525 0.07764666666666661
0 0.83827 0.5722083333333333 0.060875 0.06748333333333327
0 0.798395 0.5947866666666667 0.039375 0.06531333333333328
0 0.833685 0.6346649999999999 0.045125 0.05598333333333335
0 0.8689974999999999 0.6599916666666666 0.037 0.08797666666666669
0 0.74 0.55152 0.04 0.07164666666666668
0 0.76687375 0.6182516666666666 0.05624749999999994 0.06548333333333335
0 0.8271224999999999 0.6713216666666667 0.06025 0.08297666666666662
0 0.69572875 0.5801299999999999 0.048622499999999944 0.05665333333333327
0 0.7266649999999999 0.6045416666666668 0.05175 0.08280999999999994
0 0.70379125 0.6262033333333333 0.06324749999999994 0.05215333333333327
0 0.66404125 0.6383666666666667 0.033497499999999944 0.07347999999999995
0 0.70591625 0.6514449999999999 0.06149749999999995 0.05731666666666668
0 0.6392300000000001 0.6297833333333333 0.029125 0.0806466666666666
0 0.61948 0.6302016666666667 0.023125 0.08780999999999994
0 0.758165 0.6842699999999999 0.024 0.09097333333333336
0 0.792915 0.665275 0.05075 0.04565666666666668
0 0.7775825000000001 0.726425 0.0275 0.0879766666666666
0 0.8127074999999999 0.7327566666666666 0.057 0.10764000000000003
0 0.8122075 0.707265 0.04125 0.06465000000000001
0 0.73677 0.720595 0.054875 0.060983333333333424
0 0.7320825 0.68627 0.0325 0.07498000000000009
0 0.72824875 0.762475 0.03149749999999994 0.07098333333333343
0 0.7476849999999999 0.819375 0.049625 0.06414999999999994
0 0.87787125 0.7628433333333333 0.058247500000000056 0.10397333333333321
0 0.21775125 0.42263833333333334 0.045997500000000004 0.060650000000000016
0 0.234625 0.420055 0.04375 0.051150000000000015
0 0.2515 0.4056416666666667 0.0275 0.06465000000000001
0 0.27925 0.4592116666666667 0.034 0.06214999999999994
0 0.34852 0.4378283333333333 0.026375 0.07181666666666668
0 0.33052 0.46657166666666666 0.022875 0.03765666666666668
0 0.30977125 0.46715333333333336 0.0356225 0.04448666666666668
0 0.28870875 0.5174733333333333 0.0347475 0.05715333333333335
0 0.31162500000000004 0.550125 0.027164999999999963 0.08046333333333329
0 0.2851475 0.56665 0.028625 0.07714666666666668
0 0.3604575 0.558485 0.059 0.034823333333333345
0 0.38201999999999997 0.5703983333333333 0.050125 0.040656666666666674
0 0.345645 0.5853933333333333 0.058375 0.04932000000000001
0 0.42589499999999997 0.5916416666666667 0.054125 0.04482333333333334
0 0.32327124999999995 0.604055 0.031622500000000005 0.04365666666666668
0 0.34428125 0.6500800000000001 0.03510249999999997 0.08672000000000003
0 0.31816750000000005 0.6392866666666667 0.038375 0.058986666666666604
0 0.0196875 0.4566733333333333 0.033375 0.04865333333333335
0 0.04625 0.5159900000000001 0.03075 0.046653333333333345
0 0.065125 0.49499666666666664 0.0275 0.05665333333333335
0 0.086125 0.5024116666666667 0.01875 0.03982333333333334
0 0.1026875 0.49366333333333334 0.020375 0.05832000000000001
0 0.0360625 0.391885 0.030875 0.06181666666666668
0 0.14850000000000002 0.438135 0.0245 0.03899000000000001
0 0.15237499999999998 0.40980833333333333 0.031 0.041656666666666675
0 0.16237500000000002 0.43496833333333335 0.027 0.06131666666666668
0 0.18725 0.411725 0.03075 0.06481666666666668
0 0.1776875 0.4527983333333333 0.048875 0.05831666666666661
0 0.2058125 0.46846166666666667 0.034125 0.06631666666666661
0 0.2449375 0.45804666666666666 0.046375 0.031160000000000007
0 0.226875 0.5028683333333333 0.06475 0.03849000000000001
0 0.121375 0.47754166666666664 0.022 0.05714999999999994
0 0.145 0.5106433333333333 0.02925 0.07814666666666668
0 0.16624999999999998 0.49598166666666665 0.01775 0.03982333333333334
0 0.1766875 0.5100600000000001 0.020375 0.052653333333333344
0 0.199125 0.5429683333333333 0.044 0.058150000000000014
0 0.21337499999999998 0.5337216666666668 0.0365 0.04099000000000001
0 0.25487499999999996 0.5590466666666667 0.03325 0.07531333333333327
0 0.245875 0.5487166666666666 0.03325 0.06797999999999994
0 0.16237500000000002 0.54108 0.0275 0.05715333333333335
0 0.1380625 0.5534933333333333 0.029375 0.05998666666666668
0 0.1634375 0.5844033333333334 0.046625 0.05248666666666668
0 0.198125 0.56799 0.0415 0.04298666666666668
0 0.12 0.5295016666666666 0.02375 0.06331666666666669
0 0.073875 0.532415 0.05925 0.03949000000000001
0 0.011063749999999999 0.5666833333333333 0.022872499999999997 0.05648666666666668
0 0.02262625 0.5982599999999999 0.0427475 0.07198000000000002
0 0.06593750000000001 0.5566866666666667 0.048625 0.04315333333333334
0 0.0825 0.5689333333333333 0.04125 0.040320000000000016
0 0.107375 0.575765 0.0505 0.04665666666666667
0 0.1234375 0.59501 0.047375 0.03349333333333334
0 0.0846875 0.604425 0.044625 0.03865666666666667
0 0.0415 0.588595 0.04225 0.03632333333333334
0 0.051750000000000004 0.6175033333333334 0.04975 0.04882000000000001
0 0.2928325 0.61631 0.04025 0.053986666666666676
0 0.24158249999999998 0.6418033333333333 0.06149999999999997 0.06964666666666669
0 0.21514500000000003 0.6069783333333333 0.049125 0.04399000000000001
0 0.1952075 0.6208916666666666 0.0405 0.048156666666666674
0 0.21627000000000002 0.6518833333333334 0.041125 0.047820000000000015
0 0.1592075 0.6280566666666667 0.041 0.03549333333333334
0 0.18945750000000003 0.6498016666666667 0.028 0.03499000000000001
0 0.15802000000000002 0.6528016666666666 0.042375 0.03832333333333334
0 0.12195875 0.63897 0.043497500000000015 0.03366000000000001
0 0.0318975 0.6337766666666667 0.027875 0.027160000000000007
0 0.0671475 0.6396083333333333 0.04587499999999999 0.03749000000000001
0 0.0812725 0.6491899999999999 0.04537499999999999 0.04832000000000001
0 0.12195875 0.6246133333333334 0.03799750000000002 0.03349333333333334
0 0.03446 0.6653516666666667 0.051 0.03699000000000001
0 0.0350225 0.689095 0.049875 0.033490000000000006
0 0.10814625 0.670685 0.05362250000000002 0.03732333333333334
0 0.16058250000000002 0.6730183333333334 0.05525 0.03732333333333334
0 0.17308250000000003 0.6884283333333333 0.04525 0.03782333333333334
0 0.09377125 0.70026 0.0421225 0.042486666666666756
0 0.13877 0.7141733333333334 0.05112500000000002 0.03166000000000001
0 0.10752125000000001 0.7363333333333334 0.06312250000000001 0.05098666666666668
0 0.13364499999999999 0.694095 0.03662500000000001 0.035156666666666676
0 0.1868325 0.7203383333333334 0.04675 0.032323333333333266
0 0.20770750000000002 0.6924283333333333 0.05275 0.04049000000000001
0 0.07696 0.7300300000000001 0.04324999999999999 0.045153333333333344
0 0.03471 0.738695 0.0455 0.04282333333333342
0 0.0073974999999999996 0.7127016666666667 0.015125 0.037490000000000086
0 0.0775 0.7706033333333333 0.06475 0.04798666666666668
0 0.0701875 0.7985116666666667 0.032375 0.07081666666666676
0 0.0985 0.8014283333333334 0.04025 0.032323333333333266
0 0.1195 0.7703516666666667 0.02675 0.036823333333333264
0 0.144625 0.76727 0.0475 0.04932000000000001
0 0.028938750000000003 0.7762683333333333 0.046872500000000004 0.037323333333333264
0 0.29020749999999995 0.6864316666666667 0.066 0.06315000000000001
0 0.3083325 0.672185 0.04625 0.06665000000000008
0 0.23089500000000002 0.7301683333333333 0.032625 0.06464999999999994
0 0.29208249999999997 0.7305016666666666 0.05975 0.04298999999999993
0 0.35589499999999996 0.7218383333333332 0.062125 0.05864999999999994
0 0.32876999999999995 0.728335 0.023125 0.037323333333333264
0 0.29493625 0.7729066666666665 0.055622500000000005 0.05615333333333335
0 0.3293725 0.7736566666666667 0.03125 0.05732000000000001
0 0.348435 0.7730733333333333 0.031625 0.08014666666666669
0 0.3677475 0.794735 0.02325 0.08181000000000009
0 0.386435 0.7889866666666666 0.031875 0.08298000000000001
0 0.41387250000000003 0.7959 0.028 0.07714666666666668
0 0.39237249999999996 0.76266 0.0225 0.04298666666666668
0 0.3624575 0.6515783333333334 0.035 0.08097666666666661
0 0.40514374999999997 0.6484133333333334 0.0608725 0.05098666666666668
0 0.42676749999999997 0.6225016666666667 0.058875 0.043156666666666677
0 0.46420500000000003 0.6593266666666667 0.02275 0.053153333333333344
0 0.44583 0.5727666666666666 0.02725 0.046653333333333345
0 0.2679125 0.7032183333333334 0.03900000000000003 0.0376566666666666
0 0.2456625 0.7087166666666667 0.03150000000000003 0.07397999999999995
0 0.37078750000000005 0.7013866666666667 0.03825 0.0499866666666666
0 0.3790375 0.6748916666666667 0.04725 0.06631666666666668
0 0.6383675 0.7149366666666667 0.02975 0.0973066666666667
0 0.49306 0.6480583333333334 0.04312499999999994 0.06281666666666669
0 0.5184975000000001 0.64756 0.06499999999999995 0.046820000000000014
0 0.5751212499999999 0.6644716666666667 0.07274750000000006 0.03165666666666667
0 0.44543499999999997 0.6818833333333333 0.029125 0.0801466666666666
0 0.49012249999999996 0.6909649999999999 0.05299999999999994 0.057983333333333276
0 0.53956 0.6993783333333334 0.049125 0.058483333333333345
0 0.46974750000000004 0.58888 0.023 0.05065333333333327
0 0.46331 0.6298699999999999 0.046875 0.030326666666666672
0 0.45912250000000004 0.5996266666666666 0.01675 0.030826666666666596
0 0.42489374999999996 0.6937966666666666 0.032622500000000006 0.07798000000000002
0 0.4675175 0.7198733333333334 0.036625 0.07314666666666668
0 0.513205 0.7140416666666667 0.04175000000000006 0.06248333333333327
0 0.5302049999999999 0.7451166666666665 0.053750000000000055 0.040320000000000016
0 0.4913925 0.7532816666666666 0.032375 0.08264333333333328
0 0.45032999999999995 0.7721083333333334 0.0525 0.0626500000000001
0 0.45506 0.7921316666666667 0.052875 0.06548333333333327
0 0.490435 0.8187916666666667 0.049124999999999946 0.07847666666666676
0 0.524185 0.805045 0.04262499999999994 0.09597666666666661
0 0.496185 0.8324550000000001 0.046874999999999944 0.06981666666666676
0 0.5501849999999999 0.7982966666666667 0.033625 0.09247333333333335
0 0.5777475 0.704225 0.0515 0.057650000000000014
0 0.6128724999999999 0.71639 0.029 0.0993066666666667
0 0.5807475 0.7293850000000001 0.048 0.05998333333333342
0 0.65580875 0.7006433333333334 0.02762250000000006 0.09313999999999995
0 0.680745 0.697645 0.026 0.08381000000000002
0 0.66905875 0.7428816666666667 0.034872500000000056 0.08564333333333343
0 0.7001825 0.7258866666666667 0.029875 0.11030666666666661
0 0.59947625 0.7869816666666667 0.06562250000000006 0.04432333333333326
0 0.6722250000000001 0.8090583333333333 0.076125 0.061483333333333424
0 0.5996625 0.8337183333333333 0.0595 0.053816666666666756
0 0.5423100000000001 0.8785116666666667 0.06362499999999995 0.07065000000000009
0 0.03985125 0.81758 0.0416225 0.057653333333333195
0 0.03129 0.8776466666666667 0.057 0.07648000000000002
0 0.0927875 0.81983 0.02 0.03416
0 0.12116249999999999 0.8184133333333334 0.02475 0.06198666666666653
0 0.1491 0.8783966666666666 0.032625 0.08064666666666669
0 0.20366 0.7596200000000001 0.032 0.052653333333333344
0 0.22790999999999997 0.7592866666666667 0.042 0.07264666666666668
0 0.26828375 0.788945 0.05024750000000003 0.04532333333333342
0 0.27178375 0.8157733333333334 0.04324750000000003 0.05032000000000001
0 0.29290750000000004 0.8492633333333334 0.033 0.07531333333333336
0 0.31365750000000003 0.8259350000000001 0.0575 0.061983333333333425
0 0.34828250000000005 0.8765883333333333 0.05125 0.06864999999999993
0 0.26640875 0.8767550000000001 0.04299750000000003 0.09164333333333329
0 0.16851750000000001 0.7858916666666667 0.055125 0.038823333333333265
0 0.1895175 0.8024683333333333 0.060375 0.03432333333333327
0 0.1690175 0.8206316666666666 0.071375 0.057983333333333276
0 0.218705 0.8317950000000001 0.03025 0.06598333333333342
0 0.08653875 0.86187 0.05774749999999999 0.04882000000000001
0 0.12585 0.8718666666666668 0.022625 0.07481333333333336
0 0.14059999999999997 0.8425416666666666 0.029875 0.0538166666666666
0 0.16547499999999998 0.8854466666666666 0.026875 0.08298000000000001
0 0.18866249999999998 0.8567883333333333 0.047 0.07165000000000009
0 0.19747499999999998 0.8876133333333333 0.041375 0.07131333333333335
0 0.21216249999999998 0.8981100000000001 0.0365 0.07164666666666668
0 0.24185 0.8777816666666667 0.03787500000000003 0.08830999999999994
0 0.192225 0.9470983333333334 0.069375 0.04365666666666675
0 0.44311500000000004 0.8490033333333333 0.04725 0.039986666666666525
