0 0.35187500000000005 0.3661666666666667 0.02875 0.041
0 0.536125 0.6698333333333334 0.02775 0.03966666666666667
0 0.21737499999999998 0.4021666666666667 0.02675 0.047
0 0.500125 0.6381666666666667 0.02175 0.055
0 0.6013750000000001 0.7065 0.02625 0.05566666666666667
0 0.63025 0.7161666666666667 0.0425 0.029666666666666668
0 0.626375 0.6858333333333333 0.02675 0.063
0 0.57075 0.24883333333333335 0.021 0.052333333333333336
0 0.47737500000000005 0.6436666666666667 0.02375 0.054
0 0.677375 0.38066666666666665 0.02125 0.07333333333333333
0 0.614125 0.6526666666666666 0.02825 0.050666666666666665
0 0.5523750000000001 0.6246666666666667 0.02425 0.048666666666666664
0 0.418565 0.23783333333333334 0.029129999999999996 0.055
0 0.59725 0.35083333333333333 0.021 0.04033333333333333
0 0.260125 0.30016666666666664 0.02475 0.05366666666666667
0 0.46799999999999997 0.37966666666666665 0.0235 0.050666666666666665
0 0.196375 0.3998333333333334 0.02275 0.055
0 0.34249999999999997 0.4378333333333333 0.0225 0.04766666666666667
0 0.556 0.393 0.022 0.056
0 0.587125 0.41683333333333333 0.04125 0.029
0 0.540375 0.2788333333333334 0.01925 0.055
0 0.3415 0.6401666666666667 0.029 0.045
0 0.5313749999999999 0.5984999999999999 0.03425 0.047
0 0.6187499999999999 0.42266666666666663 0.029 0.05266666666666667
0 0.23875000000000002 0.378 0.0255 0.058666666666666666
0 0.16125 0.29750000000000004 0.025 0.035
0 0.49025 0.28700000000000003 0.029 0.04
0 0.74525 0.38733333333333336 0.021 0.058
0 0.47050000000000003 0.9688333333333333 0.022 0.025
0 0.315125 0.46016666666666667 0.04225 0.035666666666666666
0 0.401875 0.39916666666666667 0.02125 0.06766666666666667
0 0.32899999999999996 0.406 0.0225 0.06
0 0.37937499999999996 0.6978333333333333 0.04475 0.03233333333333333
0 0.63713125 0.255 0.03976250000000005 0.03133333333333333
0 0.457875 0.635 0.01825 0.043333333333333335
0 0.3125 0.289 0.032 0.04533333333333334
0 0.178 0.3858333333333333 0.03 0.03833333333333333
0 0.37562500000000004 0.6495 0.02375 0.057
0 0.514625 0.4528333333333333 0.02925 0.065
0 0.6617500000000001 0.3943333333333333 0.022 0.06666666666666667
0 0.623 0.31516666666666665 0.026 0.03233333333333333
0 0.281125 0.3551666666666667 0.02225 0.03833333333333333
0 0.45299999999999996 0.7243333333333333 0.0185 0.04466666666666667
0 0.22475 0.29 0.0255 0.037333333333333336
0 0.5746249999999999 0.7021666666666666 0.02325 0.059
0 0.428 0.3401666666666666 0.0225 0.03166666666666667
0 0.5291250000000001 0.33916666666666667 0.03075 0.024333333333333332
0 0.456625 0.5828333333333334 0.02275 0.057666666666666665
0 0.34325 0.7266666666666666 0.0305 0.05733333333333333
0 0.44325 0.6955 0.0165 0.067
0 0.61675 0.3441666666666666 0.026 0.03166666666666667
0 0.50925 0.28783333333333333 0.0195 0.04633333333333333
0 0.14850000000000002 0.36616666666666664 0.0245 0.059
0 0.615375 0.2733333333333333 0.02375 0.04733333333333333
0 0.47687500000000005 0.5936666666666667 0.02375 0.06066666666666667
0 0.40675 0.33849999999999997 0.02 0.051666666666666666
0 0.708125 0.321 0.04275 0.03333333333333333
0 0.44069125 0.23766666666666666 0.040382499999999995 0.052
0 0.5207499999999999 0.6531666666666667 0.017 0.023
0 0.36725 0.4166666666666667 0.033 0.04933333333333333
0 0.307625 0.3343333333333333 0.03025 0.029333333333333333
0 0.63875 0.30116666666666664 0.022 0.030333333333333334
0 0.30824999999999997 0.35233333333333333 0.0305 0.028
0 0.493 0.6998333333333334 0.0215 0.05566666666666667
0 0.38400999999999996 0.7264999999999999 0.040480000000000016 0.041
0 0.563875 0.2058333333333333 0.02775 0.043
0 0.380125 0.32166666666666666 0.02125 0.023333333333333334
0 0.4735 0.6779999999999999 0.0275 0.05533333333333333
0 0.688875 0.2961666666666667 0.02175 0.050333333333333334
0 0.642875 0.39183333333333337 0.02375 0.065
0 0.47187500000000004 0.715 0.02775 0.06133333333333333
0 0.427625 0.4295 0.02525 0.042333333333333334
0 0.55425 0.30283333333333334 0.0155 0.028333333333333332
0 0.26175 0.328 0.029 0.05266666666666667
0 0.31575000000000003 0.26016666666666666 0.035 0.03233333333333333
0 0.35650000000000004 0.6711666666666667 0.028 0.04633333333333333
0 0.35337500000000005 0.32333333333333336 0.02675 0.05333333333333334
0 0.129875 0.3671666666666667 0.01775 0.05433333333333333
0 0.39575 0.6028333333333333 0.0315 0.030333333333333334
0 0.5355 0.23633333333333334 0.0305 0.03133333333333333
0 0.414 0.30983333333333335 0.0305 0.026333333333333334
0 0.5325 0.32033333333333336 0.035 0.02266666666666667
0 0.440875 0.31633333333333336 0.03275 0.03133333333333333
0 0.454625 0.6765 0.01675 0.030333333333333334
0 0.5874999999999999 0.25016666666666665 0.023 0.04033333333333333
0 0.20975000000000002 0.29250000000000004 0.018 0.049
0 0.168125 0.3298333333333333 0.04325 0.027666666666666666
0 0.260875 0.3701666666666667 0.02175 0.06433333333333334
0 0.5506249999999999 0.6801666666666667 0.01975 0.051666666666666666
0 0.389625 0.36883333333333335 0.01925 0.055
0 0.230875 0.3435 0.01875 0.05433333333333333
0 0.28150000000000003 0.4135 0.025 0.051666666666666666
0 0.48887499999999995 0.3383333333333333 0.03875 0.026
0 0.3005 0.4033333333333333 0.021 0.076
0 0.4425 0.6225 0.0195 0.04766666666666667
0 0.2 0.32666666666666666 0.0155 0.072
0 0.64481875 0.2781666666666666 0.035137500000000044 0.03166666666666667
0 0.5703750000000001 0.31483333333333335 0.02075 0.04633333333333333
0 0.5865 0.6576666666666666 0.0235 0.05533333333333333
0 0.424375 0.6295 0.02475 0.057
0 0.28850000000000003 0.44516666666666665 0.023 0.05433333333333333
0 0.310375 0.432 0.02275 0.04933333333333333
0 0.18238625 0.2976666666666667 0.018252499999999998 0.044
0 0.15650874999999997 0.347 0.029502499999999997 0.028666666666666667
0 0.18193874999999998 0.3436666666666667 0.029127499999999997 0.0305
0 0.21669375000000002 0.35483333333333333 0.021127499999999997 0.079
0 0.28601125 0.3061666666666667 0.0235025 0.05533333333333333
0 0.30213874999999996 0.30024999999999996 0.029502499999999997 0.052833333333333336
0 0.28063625 0.32316666666666666 0.022502499999999998 0.038
0 0.24338374999999998 0.31825000000000003 0.020502499999999996 0.06216666666666667
0 0.35844624999999997 0.27008333333333334 0.0231275 0.05683333333333333
0 0.3371325 0.2793333333333333 0.0225 0.05733333333333333
0 0.34038375000000004 0.32375 0.0340025 0.0565
0 0.37332249999999995 0.28825 0.022125 0.06483333333333334
0 0.39357374999999994 0.2805 0.028377499999999996 0.06166666666666667
0 0.3730725 0.35508333333333336 0.022875 0.06816666666666667
0 0.39576125 0.31199999999999994 0.020252499999999996 0.061
0 0.32825875 0.37625000000000003 0.039252499999999996 0.06316666666666666
0 0.35607374999999997 0.395 0.031377499999999996 0.05
0 0.41189125 0.43983333333333335 0.031752499999999996 0.058333333333333334
0 0.41875875 0.38866666666666666 0.020252499999999996 0.05433333333333333
0 0.42994625 0.37866666666666665 0.030377499999999998 0.07566666666666666
0 0.44907375 0.40441666666666665 0.022127499999999998 0.060833333333333336
0 0.4449475 0.35291666666666666 0.021875 0.05416666666666667
0 0.46457375 0.3433333333333333 0.029627499999999998 0.05533333333333333
0 0.48395125 0.38425 0.0371275 0.07816666666666666
0 0.50257625 0.39875 0.026127499999999998 0.051833333333333335
0 0.40576874999999996 0.5021666666666667 0.0530025 0.039
0 0.45132625 0.29958333333333337 0.0446275 0.034833333333333334
0 0.49045375 0.30641666666666667 0.043127500000000055 0.041166666666666664
0 0.4465125 0.27808333333333335 0.050754999999999995 0.025166666666666667
0 0.45332625 0.2574166666666667 0.0336275 0.030166666666666668
0 0.49645375 0.25958333333333333 0.04537750000000006 0.026166666666666668
0 0.48807875 0.24208333333333334 0.0421275 0.050833333333333335
0 0.5237250000000001 0.28525 0.021815000000000053 0.066
0 0.55395125 0.26183333333333336 0.02312749999999994 0.067
0 0.5777024999999999 0.29666666666666663 0.022625 0.07
0 0.59414125 0.28874999999999995 0.026252500000000054 0.05383333333333333
0 0.6012675000000001 0.29516666666666663 0.02025 0.06566666666666666
0 0.5865137500000001 0.3709166666666667 0.026002499999999942 0.0725
0 0.5696387500000001 0.3734166666666667 0.03100249999999994 0.06416666666666666
0 0.53826125 0.3696666666666667 0.028002500000000055 0.068
0 0.51263375 0.37224999999999997 0.029252499999999997 0.07883333333333334
0 0.5196337499999999 0.3725833333333333 0.0272525 0.05616666666666666
0 0.61581875 0.30791666666666667 0.013502500000000054 0.027833333333333335
0 0.6713250000000001 0.2748333333333333 0.025875 0.06233333333333333
0 0.6746375 0.32241666666666663 0.02325 0.05383333333333333
0 0.65738875 0.3260833333333333 0.03975249999999994 0.04083333333333333
0 0.6475124999999999 0.34558333333333335 0.04100499999999999 0.035833333333333335
0 0.60950625 0.3824166666666667 0.036752500000000056 0.04733333333333333
0 0.6261625 0.37583333333333335 0.028565000000000056 0.05733333333333333
0 0.7075125 0.34625 0.044004999999999996 0.0355
0 0.69757375 0.3844166666666667 0.03337750000000005 0.0625
0 0.71495125 0.37374999999999997 0.03237749999999994 0.06783333333333333
0 0.7258262500000001 0.39908333333333335 0.02137749999999994 0.0645
0 0.4022725 0.6238333333333334 0.045505 0.035666666666666666
0 0.38602125 0.6619999999999999 0.046502499999999995 0.05733333333333333
0 0.4040225 0.6858333333333334 0.03 0.06966666666666667
0 0.41702374999999997 0.7286666666666666 0.0375025 0.05333333333333334
0 0.42214874999999996 0.6956666666666667 0.026252499999999998 0.06466666666666666
0 0.43015 0.6825 0.01825 0.052333333333333336
0 0.44113125 0.6519999999999999 0.029377499999999997 0.027166666666666665
0 0.49276125 0.6629166666666667 0.0230025 0.06183333333333333
0 0.5140750000000001 0.6914166666666667 0.023125000000000055 0.06783333333333333
0 0.52888875 0.70575 0.02675249999999994 0.05583333333333333
0 0.558015 0.7105833333333333 0.02075 0.059833333333333336
0 0.575325 0.7351666666666666 0.03938 0.044
0 0.5672625 0.6505833333333333 0.0205 0.06516666666666666
0 0.52238875 0.6170833333333333 0.0335025 0.059833333333333336
0 0.51401375 0.6224999999999999 0.0337525 0.058666666666666666
0 0.49877625 0.838 0.029002500000000056 0.06266666666666666
0 0.49202375 0.9431666666666667 0.0335025 0.04566666666666667
0 0.17745375000000002 0.37072166666666667 0.045247499999999975 0.03765666666666668
0 0.28039 0.3948816666666667 0.043625 0.06264999999999994
0 0.55399375 0.32799666666666666 0.022247499999999944 0.025660000000000006
