0 0.22743055555555555 0.15158991228070176 0.019371345029239765 0.032072368421052634
0 0.24013157894736842 0.16776315789473684 0.02320906432748538 0.033717105263157895
0 0.25721856725146197 0.18119517543859648 0.01864035087719298 0.04468201754385965
0 0.26708698830409355 0.18311403508771928 0.019005847953216373 0.04577850877192982
0 0.24433479532163743 0.17941337719298245 0.02138157894736842 0.03673245614035088
0 0.3076571637426901 0.18242872807017543 0.02412280701754386 0.03453947368421053
0 0.2802448830409357 0.18832236842105265 0.013523391812865496 0.04194078947368421
0 0.2899305555555556 0.19544956140350878 0.013523391812865496 0.05071271929824561
0 0.30135233918128657 0.19353070175438597 0.016264619883040937 0.03919956140350877
0 0.26882309941520466 0.21217105263157893 0.018092105263157895 0.04413377192982456
0 0.2383954678362573 0.2090186403508772 0.03545321637426901 0.022478070175438597
0 0.5906432748538012 0.2227247807017544 0.015533625730994151 0.04276315789473684
0 0.61421783625731 0.23793859649122806 0.03490497076023392 0.02055921052631579
0 0.3812591374269006 0.21559758771929824 0.03444809941520468 0.023574561403508772
0 0.24798976608187134 0.2221765350877193 0.031615497076023395 0.029605263157894735
0 0.4844663742690058 0.22998903508771928 0.02942251461988304 0.03481359649122807
0 0.32428728070175433 0.23492324561403508 0.021564327485380116 0.038651315789473686
0 0.5086805555555556 0.23135964912280702 0.015716374269005847 0.02768640350877193
0 0.5148026315789473 0.24533991228070176 0.016264619883040937 0.04084429824561404
0 0.3421966374269006 0.23752741228070176 0.019005847953216373 0.03728070175438596
0 0.5665204678362573 0.24383223684210525 0.011513157894736841 0.044956140350877194
0 0.5539108187134503 0.2471217105263158 0.014802631578947368 0.047149122807017545
0 0.5855263157894738 0.2382127192982456 0.01918859649122807 0.024945175438596492
0 0.4995431286549708 0.2501370614035088 0.016812865497076022 0.04824561403508772
0 0.48985745614035087 0.24986293859649122 0.019736842105263157 0.03618421052631579
0 0.4784356725146199 0.26247258771929827 0.0268640350877193 0.03179824561403509
0 0.5262244152046784 0.2563048245614035 0.019371345029239765 0.055098684210526314
0 0.36120248538011696 0.24931469298245615 0.024853801169590642 0.03399122807017544
0 0.42598684210526316 0.2552083333333333 0.02540204678362573 0.0424890350877193
0 0.38751827485380114 0.25616776315789475 0.01864035087719298 0.04331140350877193
0 0.535453216374269 0.26466557017543857 0.014437134502923976 0.05263157894736842
0 0.5843384502923976 0.2598684210526316 0.023757309941520467 0.0424890350877193
0 0.544407894736842 0.2660361842105263 0.011878654970760233 0.048793859649122806
0 0.5551900584795322 0.2783717105263158 0.0268640350877193 0.03289473684210526
0 0.6350511695906432 0.25685307017543857 0.030519005847953216 0.029331140350877194
0 0.6058114035087718 0.2552083333333333 0.0356359649122807 0.021655701754385966
0 0.4083059210526316 0.26726973684210525 0.0200109649122807 0.04084429824561404
0 0.6042580409356726 0.2811129385964912 0.01864035087719298 0.046052631578947366
0 0.5105080409356725 0.28303179824561403 0.01425438596491228 0.04550438596491228
0 0.6387061403508771 0.27247807017543857 0.028326023391812866 0.023300438596491228
0 0.4600237573099415 0.2824150219298246 0.029513888888888888 0.04399671052631579
0 0.5664290935672515 0.27905701754385964 0.021564327485380116 0.032072368421052634
0 0.5864400584795322 0.29221491228070173 0.01699561403508772 0.05016447368421053
0 0.6156798245614036 0.2898163377192982 0.017726608187134504 0.04180372807017544
0 0.5994152046783625 0.3175712719298246 0.028326023391812866 0.03673245614035088
0 0.6066337719298246 0.33114035087719296 0.01608187134502924 0.04303728070175439
0 0.625639619883041 0.2939967105263158 0.017178362573099414 0.048793859649122806
0 0.5749269005847953 0.2994791666666667 0.014437134502923976 0.04276315789473684
0 0.42865953947368424 0.29906798245614036 0.02124451754385965 0.03974780701754386
0 0.03983918128654971 0.30153508771929827 0.01699561403508772 0.04303728070175439
0 0.0581140350877193 0.3000274122807018 0.02284356725146199 0.03179824561403509
0 0.5153965643274854 0.30448190789473684 0.03079312865497076 0.04838267543859649
0 0.45074926900584794 0.3056811951754386 0.01864035087719298 0.04749177631578947
0 0.6431834795321637 0.29454495614035087 0.02887426900584795 0.023574561403508772
0 0.08255665204678363 0.30215186403508776 0.03298611111111111 0.03248355263157895
0 0.5305190058479532 0.3116776315789474 0.03307748538011696 0.04029605263157895
0 0.5427631578947368 0.31359649122807015 0.0268640350877193 0.0381030701754386
0 0.558296783625731 0.3104440789473684 0.022478070175438597 0.03837719298245614
0 0.1154970760233918 0.3157894736842105 0.02320906432748538 0.04632675438596491
0 0.1611842105263158 0.3159265350877193 0.015533625730994151 0.04331140350877193
0 0.3939601608187135 0.3227110745614035 0.020376461988304093 0.04865679824561404
0 0.14811769005847952 0.3178453947368421 0.012792397660818713 0.03453947368421053
0 0.05162646198830409 0.31866776315789475 0.01827485380116959 0.027412280701754384
0 0.06853070175438597 0.3244243421052631 0.020285087719298246 0.03728070175438596
0 0.2701023391812865 0.32579495614035087 0.017726608187134504 0.03837719298245614
0 0.3230080409356725 0.3216831140350877 0.014985380116959063 0.029605263157894735
0 0.638249269005848 0.3225054824561403 0.025950292397660817 0.029605263157894735
0 0.617827119883041 0.33614309210526316 0.018914473684210526 0.0546875
0 0.11750730994152046 0.3397752192982456 0.024305555555555556 0.05043859649122807
0 0.34996345029239767 0.3355263157894737 0.016264619883040937 0.03481359649122807
0 0.5548245614035088 0.334703947368421 0.031980994152046784 0.033717105263157895
0 0.25301535087719296 0.3416940789473684 0.01608187134502924 0.04331140350877193
0 0.29523026315789475 0.34402412280701755 0.01608187134502924 0.04797149122807018
0 0.28389985380116955 0.3619791666666667 0.014619883040935672 0.04824561403508772
0 0.5717288011695907 0.33813048245614036 0.025219298245614034 0.03289473684210526
0 0.07319078947368421 0.348889802631579 0.02046783625730994 0.052220394736842105
0 0.1769919590643275 0.3455317982456141 0.013888888888888888 0.044956140350877194
0 0.09740497076023392 0.3460800438596491 0.014071637426900584 0.044956140350877194
0 0.7239583333333334 0.35334429824561403 0.01827485380116959 0.05838815789473684
0 0.7329130116959064 0.35567434210526316 0.015350877192982455 0.0356359649122807
0 0.004934210526315789 0.3395010964912281 0.009685672514619883 0.025219298245614034
0 0.36138523391812866 0.3507401315789474 0.015716374269005847 0.04824561403508772
0 0.19060672514619884 0.3511513157894737 0.015899122807017545 0.04632675438596491
0 0.4371345029239766 0.3519736842105263 0.01663011695906433 0.04797149122807018
0 0.03600146198830409 0.35320723684210525 0.013706140350877192 0.047697368421052634
0 0.5938413742690059 0.35128837719298245 0.020833333333333332 0.04276315789473684
0 0.12582236842105263 0.35252192982456143 0.02010233918128655 0.04468201754385965
0 0.04989035087719298 0.3554002192982456 0.019919590643274854 0.049342105263157895
0 0.1629203216374269 0.3519736842105263 0.01425438596491228 0.04194078947368421
0 0.32684576023391815 0.35334429824561403 0.019005847953216373 0.04413377192982456
0 0.41689510233918126 0.3475877192982456 0.018183479532163743 0.032072368421052634
0 0.45285087719298245 0.35252192982456143 0.01516812865497076 0.04084429824561404
0 0.5358187134502924 0.3514254385964912 0.030153508771929825 0.03919956140350877
0 0.37527412280701755 0.3544407894736842 0.02046783625730994 0.0424890350877193
0 0.00886330409356725 0.3582785087719298 0.014985380116959063 0.04961622807017544
0 0.002101608187134503 0.3696546052631579 0.0043859649122807015 0.03289473684210526
0 0.6390716374269005 0.34786184210526316 0.031980994152046784 0.028782894736842105
0 0.20531798245614036 0.36266447368421056 0.015716374269005847 0.05619517543859649
0 0.21747076023391815 0.37335526315789475 0.022112573099415205 0.0512609649122807
0 0.6588998538011696 0.3502604166666667 0.03874269005847953 0.03248355263157895
0 0.38779239766081874 0.35567434210526316 0.0133406432748538 0.03618421052631579
0 0.13687865497076024 0.3582785087719298 0.030153508771929825 0.038651315789473686
0 0.028417397660818716 0.3628015350877193 0.01425438596491228 0.04550438596491228
0 0.47752192982456143 0.36588541666666663 0.02503654970760234 0.04893092105263158
0 0.01726973684210526 0.3573190789473684 0.010964912280701754 0.029605263157894735
0 0.02101608187134503 0.38884320175438597 0.019919590643274854 0.03782894736842105
0 0.007492690058479532 0.39747807017543857 0.013706140350877192 0.029331140350877194
0 0.017178362573099414 0.42790570175438597 0.013706140350877192 0.04797149122807018
0 0.028508771929824563 0.4222861842105263 0.012975146198830409 0.03618421052631579
0 0.26288377192982454 0.3658168859649123 0.019005847953216373 0.046600877192982455
0 0.40040204678362573 0.37349232456140347 0.015533625730994151 0.049342105263157895
0 0.30975877192982454 0.37129934210526316 0.014437134502923976 0.043859649122807015
0 0.054733187134502925 0.3730811403508772 0.01425438596491228 0.04303728070175439
0 0.06549250730994152 0.3799342105263158 0.02124451754385965 0.03262061403508772
0 0.5317068713450293 0.38116776315789475 0.0222953216374269 0.046600877192982455
0 0.24570540935672514 0.3836348684210526 0.015350877192982455 0.049890350877192985
0 0.06706871345029239 0.43338815789473684 0.01663011695906433 0.03919956140350877
0 0.05317982456140351 0.43229166666666663 0.01918859649122807 0.026041666666666668
0 0.2949561403508772 0.3818530701754386 0.015533625730994151 0.04358552631578947
0 0.2242324561403509 0.38418311403508776 0.026133040935672515 0.044956140350877194
0 0.22322733918128654 0.41433662280701755 0.019005847953216373 0.052083333333333336
0 0.16739766081871343 0.3826754385964912 0.01882309941520468 0.04139254385964912
0 0.15405701754385967 0.3832236842105263 0.012609649122807017 0.04029605263157895
0 0.3496893274853801 0.3887061403508772 0.016812865497076022 0.05071271929824561
0 0.4883954678362573 0.37280701754385964 0.023391812865497075 0.018914473684210526
0 0.43434758771929827 0.38802083333333337 0.023117690058479533 0.04824561403508772
0 0.5000913742690059 0.3824013157894737 0.024853801169590642 0.03700657894736842
0 0.19453581871345027 0.3896655701754386 0.014985380116959063 0.047149122807017545
0 0.3821271929824562 0.3917214912280702 0.024671052631578948 0.03974780701754386
0 0.37161915204678364 0.3840460526315789 0.028143274853801168 0.021655701754385966
0 0.3271198830409357 0.39665570175438597 0.02503654970760234 0.04577850877192982
0 0.5180007309941521 0.3951480263157895 0.011695906432748537 0.0400219298245614
0 0.12618786549707603 0.3984375 0.01608187134502924 0.042214912280701754
0 0.10672514619883042 0.40995065789473684 0.017726608187134504 0.05098684210526316
0 0.11412646198830409 0.4133771929824561 0.012426900584795321 0.04742324561403509
0 0.1413559941520468 0.4113212719298246 0.01827485380116959 0.04057017543859649
0 0.12810672514619884 0.42160087719298245 0.018092105263157895 0.04797149122807018
0 0.10946637426900585 0.4505208333333333 0.01663011695906433 0.05098684210526316
0 0.13075657894736842 0.45216557017543857 0.01608187134502924 0.04276315789473684
0 0.1162280701754386 0.4686129385964912 0.014802631578947368 0.04824561403508772
0 0.1274671052631579 0.49643640350877194 0.015350877192982455 0.04797149122807018
0 0.2660818713450292 0.4007675438596491 0.017726608187134504 0.04523026315789474
0 0.47925804093567254 0.39624451754385964 0.02412280701754386 0.03618421052631579
0 0.5724597953216375 0.40391995614035087 0.017543859649122806 0.05098684210526316
0 0.4431652046783626 0.40405701754385964 0.02503654970760234 0.04906798245614035
0 0.4207785087719298 0.4096765350877193 0.025950292397660817 0.044956140350877194
0 0.3988486842105263 0.40076754385964913 0.019005847953216373 0.0381030701754386
0 0.24150219298245615 0.40625 0.021929824561403508 0.036458333333333336
0 0.4605263157894737 0.4100877192982456 0.015533625730994151 0.04029605263157895
0 0.45632309941520466 0.42831688596491224 0.01918859649122807 0.048793859649122806
0 0.5052997076023392 0.41625548245614036 0.017361111111111112 0.052083333333333336
0 0.29258040935672514 0.41954495614035087 0.026498538011695907 0.049342105263157895
0 0.31990131578947373 0.41639254385964913 0.021198830409356724 0.04632675438596491
0 0.31067251461988304 0.4321546052631579 0.017361111111111112 0.042214912280701754
0 0.06112938596491228 0.40254934210526316 0.027412280701754384 0.018092105263157895
0 0.5560124269005847 0.4141995614035088 0.013888888888888888 0.04029605263157895
0 0.18055555555555555 0.4144736842105263 0.026498538011695907 0.0381030701754386
0 0.2775950292397661 0.4155701754385965 0.015533625730994151 0.03974780701754386
0 0.39071637426900585 0.4136513157894737 0.01918859649122807 0.034265350877192985
0 0.5401133040935672 0.42749451754385964 0.02046783625730994 0.054276315789473686
0 0.5845211988304094 0.4206414473684211 0.017543859649122806 0.04057017543859649
0 0.20550073099415206 0.4251644736842105 0.023391812865497075 0.04742324561403509
0 0.36394371345029236 0.4211896929824562 0.01425438596491228 0.04057017543859649
0 0.6203399122807017 0.4273574561403509 0.015350877192982455 0.04851973684210526
0 0.1652046783625731 0.4232456140350877 0.01516812865497076 0.0381030701754386
0 0.4763340643274854 0.42489035087719296 0.019371345029239765 0.0424890350877193
0 0.49141081871345027 0.4332510964912281 0.015533625730994151 0.052083333333333336
0 0.770376461988304 0.4287280701754386 0.02850877192982456 0.03974780701754386
0 0.7687317251461988 0.4688870614035088 0.02010233918128655 0.05043859649122807
0 0.005573830409356725 0.4324287280701754 0.010964912280701754 0.044956140350877194
0 0.7106176900584795 0.4384251644736842 0.02284356725146199 0.05694901315789474
0 0.6054459064327485 0.4368146929824561 0.015899122807017545 0.05043859649122807
0 0.6611842105263157 0.43516995614035087 0.019554093567251463 0.046600877192982455
0 0.34895833333333337 0.430921052631579 0.025219298245614034 0.036458333333333336
0 0.5134320175438596 0.4352384868421053 0.031432748538011694 0.04481907894736842
0 0.5226608187134503 0.4680646929824561 0.017361111111111112 0.042214912280701754
0 0.5374634502923977 0.4708059210526316 0.010051169590643274 0.03453947368421053
0 0.5331688596491229 0.49575109649122806 0.0266812865497076 0.02850877192982456
0 0.7988852339181287 0.4427083333333333 0.01827485380116959 0.05400219298245614
0 0.5877192982456141 0.4351699561403509 0.023574561403508772 0.03673245614035088
0 0.5830592105263158 0.46121162280701755 0.031432748538011694 0.03070175438596491
0 0.09703947368421052 0.43715734649122806 0.014802631578947368 0.03632127192982456
0 0.40140716374269003 0.4340734649122807 0.029239766081871343 0.03179824561403509
0 0.4153874269005848 0.44353070175438597 0.01918859649122807 0.03536184210526316
0 0.4006761695906433 0.4440789473684211 0.028143274853801168 0.030975877192982455
0 0.381578947368421 0.47245065789473684 0.018457602339181287 0.03125
0 0.643640350877193 0.4432565789473684 0.01516812865497076 0.04851973684210526
0 0.14501096491228072 0.44353070175438597 0.02046783625730994 0.046875
0 0.24040570175438594 0.42941337719298245 0.02850877192982456 0.017543859649122806
0 0.17973318713450293 0.43516995614035087 0.03326023391812866 0.0268640350877193
0 0.04422514619883041 0.4362664473684211 0.01663011695906433 0.0268640350877193
0 0.256578947368421 0.4468201754385965 0.019554093567251463 0.04523026315789474
0 0.2650767543859649 0.4609375 0.028143274853801168 0.0268640350877193
0 0.24022295321637427 0.49821820175438597 0.02046783625730994 0.051535087719298246
0 0.2590460526315789 0.4836896929824562 0.02266081871345029 0.02138157894736842
0 0.2261513157894737 0.4995888157894737 0.01608187134502924 0.05263157894736842
0 0.2871893274853801 0.49492872807017546 0.02046783625730994 0.04331140350877193
0 0.2653965643274854 0.4965734649122807 0.022569444444444444 0.039473684210526314
0 0.7306286549707602 0.4459978070175438 0.023574561403508772 0.03755482456140351
0 0.27110745614035087 0.4381853070175439 0.013888888888888888 0.01918859649122807
0 0.6325612207602339 0.45422149122807015 0.018229166666666668 0.05016447368421053
0 0.854577850877193 0.45148026315789475 0.03225511695906433 0.0424890350877193
0 0.6748903508771931 0.4547697368421053 0.01882309941520468 0.04851973684210526
0 0.55171783625731 0.4601151315789474 0.022112573099415205 0.04824561403508772
0 0.690515350877193 0.4609375 0.015350877192982455 0.05592105263157895
0 0.5675255847953217 0.453125 0.01608187134502924 0.038651315789473686
0 0.7511421783625731 0.4594298245614035 0.018914473684210526 0.0512609649122807
0 0.8149671052631579 0.4564144736842105 0.027777777777777776 0.04303728070175439
0 0.1813779239766082 0.4575109649122807 0.0222953216374269 0.04303728070175439
0 0.1941703216374269 0.45682565789473684 0.02850877192982456 0.0356359649122807
0 0.23565423976608185 0.44640899122807015 0.03033625730994152 0.021929824561403508
0 0.4241593567251462 0.4536732456140351 0.030519005847953216 0.035910087719298246
0 0.8973410087719298 0.4599780701754386 0.022934941520467836 0.04851973684210526
0 0.04102704678362573 0.45833333333333337 0.013523391812865496 0.04468201754385965
0 0.34749634502923976 0.4510690789473684 0.021564327485380116 0.027960526315789474
0 0.7838084795321637 0.4632675438596491 0.022112573099415205 0.05345394736842105
0 0.36394371345029236 0.4608004385964912 0.01864035087719298 0.0424890350877193
0 0.6485745614035088 0.4613486842105263 0.018457602339181287 0.04358552631578947
0 0.6758040935672515 0.4953399122807018 0.01882309941520468 0.05180921052631579
0 0.46922971491228066 0.4524396929824562 0.03796600877192982 0.020833333333333332
0 0.05290570175438597 0.46271929824561403 0.010964912280701754 0.04029605263157895
0 0.3732638888888889 0.46518640350877194 0.01864035087719298 0.04303728070175439
0 0.23665935672514618 0.4665570175438597 0.02101608187134503 0.03700657894736842
0 0.42808845029239767 0.46710526315789475 0.03289473684210526 0.038651315789473686
0 0.5026498538011696 0.46038925438596495 0.0222953216374269 0.024671052631578948
0 0.3092105263157895 0.4598410087719298 0.03234649122807018 0.022478070175438597
0 0.0957373903508772 0.46463815789473684 0.01228983918128655 0.033168859649122806
0 0.20376461988304093 0.46504934210526316 0.03125 0.03070175438596491
0 0.06405336257309942 0.47108004385964913 0.015350877192982455 0.04057017543859649
0 0.07492690058479531 0.4732730263157895 0.017361111111111112 0.043859649122807015
0 0.6162280701754387 0.4786184210526316 0.017726608187134504 0.0512609649122807
0 0.6041666666666666 0.4820449561403509 0.0133406432748538 0.044407894736842105
0 0.5919225146198831 0.5037006578947368 0.017726608187134504 0.05592105263157895
0 0.6221673976608187 0.5 0.019005847953216373 0.04358552631578947
0 0.6032529239766082 0.5231633771929824 0.01699561403508772 0.05263157894736842
0 0.44725420321637427 0.4760142543859649 0.027366593567251463 0.03344298245614035
0 0.48729897660818716 0.5075383771929824 0.015716374269005847 0.027412280701754384
0 0.3402777777777778 0.47930372807017546 0.026498538011695907 0.044407894736842105
0 0.39432565789473684 0.47423245614035087 0.03024488304093567 0.034265350877192985
0 0.3998538011695907 0.4976699561403509 0.01663011695906433 0.044956140350877194
0 0.38395467836257313 0.5002741228070176 0.01663011695906433 0.03536184210526316
0 0.4864766081871345 0.4662828947368421 0.014437134502923976 0.011239035087719298
0 0.4887609649122807 0.4834155701754386 0.03216374269005848 0.0400219298245614
0 0.4967105263157895 0.47834429824561403 0.023574561403508772 0.022203947368421052
0 0.030062134502923978 0.47944078947368424 0.01827485380116959 0.036458333333333336
0 0.01964546783625731 0.48697916666666663 0.01608187134502924 0.04550438596491228
0 0.2962353801169591 0.4868421052631579 0.0133406432748538 0.04468201754385965
0 0.21390716374269006 0.4934210526315789 0.019736842105263157 0.05071271929824561
0 0.31697733918128657 0.48012609649122806 0.03252923976608187 0.02412280701754386
0 0.31414473684210525 0.4975328947368421 0.023940058479532164 0.01836622807017544
0 0.5138888888888888 0.48218201754385964 0.012244152046783625 0.027138157894736843
0 0.5203764619883041 0.5106907894736842 0.0222953216374269 0.0381030701754386
0 0.20056652046783627 0.48725328947368424 0.028143274853801168 0.03508771929824561
0 0.18338815789473684 0.4993146929824561 0.017178362573099414 0.03453947368421053
0 0.5722770467836257 0.4984923245614035 0.019736842105263157 0.0537280701754386
0 0.7284356725146199 0.4961622807017544 0.019554093567251463 0.04906798245614035
0 0.7108004385964912 0.5032894736842105 0.03033625730994152 0.023848684210526317
0 0.4214181286549708 0.4975328947368421 0.02503654970760234 0.04961622807017544
0 0.05135233918128655 0.490953947368421 0.01882309941520468 0.033168859649122806
0 0.7880116959064327 0.4910910087719298 0.027960526315789474 0.03344298245614035
0 0.5585709064327485 0.5020559210526315 0.012426900584795321 0.052083333333333336
0 0.5503472222222222 0.5134320175438596 0.01644736842105263 0.04797149122807018
0 0.1072733918128655 0.4995888157894737 0.014071637426900584 0.044956140350877194
0 0.353983918128655 0.4991776315789474 0.014802631578947368 0.04358552631578947
0 0.34192251461988304 0.5098684210526316 0.01516812865497076 0.05071271929824561
0 0.4613486842105263 0.49712171052631576 0.01864035087719298 0.03892543859649123
0 0.46390716374269003 0.5164473684210527 0.01023391812865497 0.03919956140350877
0 0.6332236842105263 0.5046600877192983 0.019554093567251463 0.05345394736842105
0 0.4067982456140351 0.4998629385964912 0.014802631578947368 0.04276315789473684
0 0.4464546783625731 0.49780701754385964 0.015533625730994151 0.03755482456140351
0 0.7527412280701754 0.5013706140350878 0.020285087719298246 0.04194078947368421
0 0.84078033625731 0.5045230263157895 0.023848684210526317 0.047149122807017545
0 0.09777046783625731 0.5050712719298246 0.01663011695906433 0.047697368421052634
0 0.8187134502923977 0.5109649122807017 0.01882309941520468 0.060032894736842105
0 0.37088815789473684 0.49972587719298245 0.02850877192982456 0.03536184210526316
0 0.008954678362573099 0.5017817982456141 0.011878654970760233 0.03837719298245614
0 0.06588084795321637 0.5032894736842105 0.019371345029239765 0.03700657894736842
0 0.7361111111111112 0.5049342105263158 0.023574561403508772 0.03919956140350877
0 0.8032711988304093 0.5134320175438596 0.021929824561403508 0.0512609649122807
0 0.09283625730994152 0.5132949561403509 0.02101608187134503 0.049342105263157895
0 0.04203216374269006 0.5102796052631579 0.009685672514619883 0.04057017543859649
0 0.4279057017543859 0.5089089912280702 0.021564327485380116 0.030153508771929825
0 0.11613669590643275 0.5226151315789473 0.014985380116959063 0.05646929824561404
0 0.12107090643274854 0.5548245614035088 0.012792397660818713 0.04523026315789474
0 0.3273026315789474 0.5167214912280702 0.01663011695906433 0.04139254385964912
0 0.07775950292397661 0.5106907894736842 0.009137426900584795 0.028782894736842105
0 0.13249269005847952 0.5216557017543859 0.016264619883040937 0.04906798245614035
0 0.5116045321637427 0.5206962719298246 0.023391812865497075 0.046052631578947366
0 0.5026498538011696 0.5234375 0.017543859649122806 0.039473684210526314
0 0.8543494152046783 0.5256304824561403 0.024305555555555556 0.05098684210526316
0 0.27832602339181284 0.5195997807017544 0.01918859649122807 0.039473684210526314
0 0.030199195906432746 0.5211074561403509 0.015259502923976608 0.03974780701754386
0 0.7766812865497076 0.5265899122807017 0.027595029239766082 0.046875
0 0.055190058479532164 0.5268640350877193 0.01882309941520468 0.04468201754385965
0 0.17498172514619884 0.530016447368421 0.012426900584795321 0.046052631578947366
0 0.3180738304093567 0.5279605263157895 0.027046783625730993 0.04194078947368421
0 0.37070540935672514 0.5279605263157895 0.017909356725146198 0.04194078947368421
0 0.24533991228070176 0.5297423245614035 0.019005847953216373 0.044956140350877194
0 0.14802631578947367 0.5256304824561403 0.02540204678362573 0.0356359649122807
0 0.18416483918128654 0.530016447368421 0.016721491228070175 0.044407894736842105
0 0.20778508771929824 0.5275493421052632 0.023574561403508772 0.03453947368421053
0 0.7069627192982456 0.5270010964912281 0.02850877192982456 0.03070175438596491
0 0.30765716374269003 0.534950657894737 0.033625730994152045 0.04276315789473684
0 0.29413377192982454 0.5431743421052632 0.019371345029239765 0.02412280701754386
0 0.7713815789473684 0.5411184210526315 0.021747076023391813 0.05180921052631579
0 0.35928362573099415 0.5353618421052632 0.024671052631578948 0.04084429824561404
0 0.004111842105263158 0.5270010964912281 0.00804093567251462 0.021929824561403508
0 0.4434393274853801 0.5278234649122807 0.03179824561403509 0.021929824561403508
0 0.6173245614035088 0.5522203947368421 0.017361111111111112 0.06962719298245613
0 0.6057200292397661 0.5634594298245614 0.01608187134502924 0.046052631578947366
0 0.7602339181286549 0.5418037280701754 0.013706140350877192 0.04824561403508772
0 0.6585343567251463 0.5331688596491228 0.03252923976608187 0.02987938596491228
0 0.6312134502923977 0.5531798245614036 0.02540204678362573 0.04139254385964912
0 0.6447368421052632 0.5552357456140351 0.027960526315789474 0.03234649122807018
0 0.07236842105263158 0.5416666666666667 0.014802631578947368 0.04303728070175439
0 0.15880847953216376 0.5398848684210527 0.019919590643274854 0.039473684210526314
0 0.736750730994152 0.5296052631578948 0.01644736842105263 0.017269736842105265
0 0.7252375730994152 0.5646929824561403 0.029605263157894735 0.03755482456140351
0 0.5338084795321637 0.5489309210526315 0.0133406432748538 0.051535087719298246
0 0.7473044590643275 0.5514665570175439 0.014528508771929825 0.055509868421052634
0 0.7684576023391814 0.5803179824561403 0.01882309941520468 0.04523026315789474
0 0.7552083333333334 0.5822368421052632 0.02266081871345029 0.03755482456140351
0 0.23300438596491227 0.5518092105263158 0.01699561403508772 0.0556469298245614
0 0.5583881578947368 0.5439967105263158 0.0266812865497076 0.03837719298245614
0 0.5821454678362573 0.5500274122807017 0.021929824561403508 0.048793859649122806
0 0.4189510233918129 0.5476973684210527 0.016812865497076022 0.04577850877192982
0 0.40652412280701755 0.5608552631578948 0.017178362573099414 0.05674342105263158
0 0.42269736842105265 0.5601699561403508 0.019554093567251463 0.044407894736842105
0 0.38961988304093564 0.5489309210526315 0.01516812865497076 0.046600877192982455
0 0.39153874269005845 0.5859375 0.0222953216374269 0.05098684210526316
0 0.27677266081871343 0.5441337719298246 0.019005847953216373 0.03481359649122807
0 0.37838084795321636 0.5460526315789473 0.012426900584795321 0.0381030701754386
0 0.8344298245614036 0.5500274122807017 0.01918859649122807 0.044956140350877194
0 0.6882309941520468 0.5507127192982456 0.01918859649122807 0.04468201754385965
0 0.6813779239766082 0.5662006578947368 0.01644736842105263 0.05975877192982456
0 0.20431286549707603 0.5522203947368421 0.012609649122807017 0.046052631578947366
0 0.21756213450292397 0.5556469298245614 0.017909356725146198 0.04961622807017544
0 0.19289108187134504 0.5603755482456141 0.01206140350877193 0.05633223684210526
0 0.19983552631578946 0.5862116228070176 0.014985380116959063 0.041666666666666664
0 0.2069627192982456 0.5970394736842105 0.019005847953216373 0.033717105263157895
0 0.14656432748538012 0.5476973684210527 0.019554093567251463 0.02987938596491228
0 0.43969298245614036 0.554139254385965 0.03234649122807018 0.04276315789473684
0 0.5431286549707602 0.5520833333333333 0.007858187134502924 0.03755482456140351
0 0.5457785087719298 0.5774396929824561 0.011695906432748537 0.03179824561403509
0 0.005391081871345029 0.5542763157894737 0.010599415204678362 0.03919956140350877
0 0.4783442982456141 0.5590734649122807 0.021198830409356724 0.046600877192982455
0 0.8732638888888888 0.5583881578947368 0.021929824561403508 0.04523026315789474
0 0.8791118421052632 0.5912828947368421 0.021198830409356724 0.06277412280701754
0 0.8736293859649124 0.6159539473684211 0.025219298245614034 0.05674342105263158
0 0.17086988304093567 0.5582510964912281 0.014071637426900584 0.042214912280701754
0 0.18192616959064326 0.5752467105263158 0.012792397660818713 0.046052631578947366
0 0.44937865497076024 0.554139254385965 0.028691520467836257 0.03453947368421053
0 0.43987573099415206 0.5820997807017544 0.012609649122807017 0.02850877192982456
0 0.905610380116959 0.552220394736842 0.036915204678362575 0.030153508771929825
0 0.1091922514619883 0.5620888157894737 0.017178362573099414 0.044407894736842105
0 0.34429824561403505 0.5523574561403508 0.02942251461988304 0.021655701754385966
0 0.7894736842105263 0.5568804824561403 0.017361111111111112 0.03125
0 0.8031798245614035 0.5870339912280702 0.012244152046783625 0.06304824561403509
0 0.7904788011695907 0.5855263157894737 0.019371345029239765 0.04303728070175439
0 0.8123172514619883 0.6014254385964912 0.02320906432748538 0.05235745614035088
0 0.5088633040935673 0.5675712719298246 0.015716374269005847 0.048793859649122806
0 0.09347587719298245 0.5611293859649124 0.015350877192982455 0.03262061403508772
0 0.49698464912280704 0.5737390350877194 0.017178362573099414 0.05838815789473684
0 0.5700840643274854 0.5694901315789475 0.015716374269005847 0.049890350877192985
0 0.5595760233918129 0.5905975877192983 0.01516812865497076 0.05263157894736842
0 0.5699926900584795 0.6281524122807017 0.014071637426900584 0.05098684210526316
0 0.8533442982456141 0.5589364035087719 0.02448830409356725 0.023300438596491228
0 0.8383589181286549 0.5733278508771931 0.029239766081871343 0.02631578947368421
0 0.2721125730994152 0.5748355263157894 0.015899122807017545 0.0512609649122807
0 0.26087353801169594 0.5707236842105263 0.01644736842105263 0.04139254385964912
0 0.26206140350877194 0.5964912280701754 0.01516812865497076 0.031524122807017545
0 0.2382127192982456 0.5764802631578947 0.020833333333333332 0.04742324561403509
0 0.3061038011695907 0.5625 0.028691520467836257 0.02055921052631579
0 0.4671966374269006 0.5668859649122807 0.015350877192982455 0.028782894736842105
0 0.4534904970760234 0.581140350877193 0.013157894736842105 0.05180921052631579
0 0.46737938596491224 0.5860745614035088 0.025584795321637425 0.04303728070175439
0 0.4454495614035088 0.6308936403508772 0.017178362573099414 0.04824561403508772
0 0.6615497076023392 0.5659265350877193 0.03271198830409357 0.025767543859649123
0 0.1673062865497076 0.578125 0.017543859649122806 0.04906798245614035
0 0.8177997076023392 0.5677083333333334 0.01663011695906433 0.027138157894736843
0 0.2206688596491228 0.5712719298245614 0.009137426900584795 0.033168859649122806
0 0.7277046783625731 0.5794956140350878 0.02722953216374269 0.04742324561403509
0 0.12436038011695906 0.5799067982456141 0.025219298245614034 0.046600877192982455
0 0.1269188596491228 0.5990953947368421 0.02046783625730994 0.047697368421052634
0 0.15332602339181287 0.5759320175438597 0.011878654970760233 0.03262061403508772
0 0.358187134502924 0.5815515350877193 0.01918859649122807 0.043859649122807015
0 0.7356542397660819 0.585389254385965 0.02448830409356725 0.049890350877192985
0 0.7347404970760233 0.626781798245614 0.01206140350877193 0.046052631578947366
0 0.1427266081871345 0.5840186403508771 0.015899122807017545 0.043859649122807015
0 0.02366593567251462 0.5919682017543859 0.02448830409356725 0.05317982456140351
0 0.2870065789473684 0.588952850877193 0.013888888888888888 0.046052631578947366
0 0.9067982456140351 0.5867598684210527 0.026498538011695907 0.041666666666666664
0 0.640625 0.5810032894736842 0.029970760233918127 0.02850877192982456
0 0.6993786549707602 0.5900493421052632 0.019919590643274854 0.043859649122807015
0 0.33790204678362573 0.5948464912280701 0.01882309941520468 0.05235745614035088
0 0.5351790935672515 0.5910087719298245 0.021564327485380116 0.04468201754385965
0 0.3072916666666667 0.5901864035087719 0.012792397660818713 0.0381030701754386
0 0.2984283625730994 0.5952576754385965 0.010051169590643274 0.04057017543859649
0 0.781889619883041 0.582922149122807 0.009868421052631578 0.023574561403508772
0 0.4310124269005848 0.5936129385964912 0.011330409356725146 0.04057017543859649
0 0.4296418128654971 0.6270559210526316 0.022112573099415205 0.04057017543859649
0 0.9563230994152047 0.6012883771929824 0.019919590643274854 0.05263157894736842
0 0.4197733918128655 0.604577850877193 0.0133406432748538 0.0537280701754386
0 0.5939327485380117 0.5971765350877193 0.0268640350877193 0.03782894736842105
0 0.6079130116959064 0.6163651315789473 0.01608187134502924 0.04331140350877193
0 0.5902777777777778 0.6154057017543859 0.024671052631578948 0.02768640350877193
0 0.7069627192982456 0.6070449561403509 0.014619883040935672 0.05482456140350877
0 0.7201206140350878 0.6247258771929824 0.01827485380116959 0.05180921052631579
0 0.7072368421052632 0.6567982456140351 0.022112573099415205 0.03481359649122807
0 0.6586257309941521 0.5934758771929824 0.03490497076023392 0.02549342105263158
0 0.6546052631578948 0.6119791666666666 0.03344298245614035 0.03070175438596491
0 0.6416301169590642 0.6489857456140351 0.0133406432748538 0.0581140350877193
0 0.9730445906432749 0.6041666666666666 0.01644736842105263 0.046875
0 0.9860197368421052 0.6240405701754387 0.019736842105263157 0.049890350877192985
0 0.44316520467836257 0.6007401315789475 0.011878654970760233 0.03399122807017544
0 0.9375913742690059 0.6144462719298246 0.019736842105263157 0.05537280701754386
0 0.9473684210526316 0.6152686403508771 0.01699561403508772 0.054276315789473686
0 0.46875 0.6067708333333334 0.02101608187134503 0.03837719298245614
0 0.4677448830409357 0.6339089912280702 0.012426900584795321 0.039473684210526314
0 0.4767909356725146 0.634594298245614 0.00932017543859649 0.038651315789473686
0 0.39510233918128657 0.6148574561403509 0.023574561403508772 0.05400219298245614
0 0.9268092105263158 0.6145833333333333 0.01644736842105263 0.0512609649122807
0 0.40789473684210525 0.6148574561403509 0.013706140350877192 0.04742324561403509
0 0.8229166666666667 0.6132127192982456 0.019554093567251463 0.04084429824561404
0 0.4906798245614035 0.6088267543859649 0.028691520467836257 0.022203947368421052
0 0.7460709064327485 0.6181469298245614 0.015350877192982455 0.03974780701754386
0 0.3666849415204678 0.6154057017543859 0.025584795321637425 0.030975877192982455
0 0.5148026315789473 0.6228070175438596 0.017361111111111112 0.04577850877192982
0 0.3103983918128655 0.6299342105263158 0.02010233918128655 0.057291666666666664
0 0.6619152046783626 0.6192434210526315 0.0268640350877193 0.035910087719298246
0 0.673062865497076 0.6329495614035088 0.019919590643274854 0.05893640350877193
0 0.6869517543859649 0.6276041666666666 0.021747076023391813 0.044956140350877194
0 0.35699926900584794 0.6169133771929824 0.02010233918128655 0.025767543859649123
0 0.5569261695906432 0.6361019736842105 0.015350877192982455 0.05317982456140351
0 0.5308845029239766 0.6334978070175439 0.015533625730994151 0.046875
0 0.45568347953216376 0.6367872807017544 0.012792397660818713 0.0512609649122807
0 0.54203216374269 0.6351425438596491 0.01516812865497076 0.046875
0 0.8622989766081871 0.631578947368421 0.02412280701754386 0.032072368421052634
0 0.4996801900584796 0.626781798245614 0.01745248538011696 0.019736842105263157
0 0.49890350877192985 0.6415844298245614 0.020650584795321638 0.024671052631578948
0 0.6185124269005847 0.6417214912280702 0.021564327485380116 0.04906798245614035
0 0.6250913742690059 0.6621436403508771 0.021929824561403508 0.030153508771929825
0 0.48556286549707606 0.6374725877192983 0.009685672514619883 0.039473684210526314
0 0.7586805555555556 0.6447368421052632 0.019005847953216373 0.05345394736842105
0 0.6092836257309941 0.6388432017543859 0.011513157894736841 0.03782894736842105
0 0.5772112573099415 0.639391447368421 0.017543859649122806 0.03782894736842105
0 0.9747807017543859 0.6426809210526315 0.029788011695906433 0.043859649122807015
0 0.6927083333333333 0.6393914473684211 0.019736842105263157 0.03399122807017544
0 0.9034173976608186 0.6437774122807018 0.021198830409356724 0.041666666666666664
0 0.5886330409356725 0.6451480263157894 0.020650584795321638 0.0356359649122807
0 0.5912828947368421 0.659265350877193 0.023026315789473683 0.03536184210526316
0 0.6995614035087719 0.6525493421052632 0.020285087719298246 0.03673245614035088
0 0.6548793859649122 0.6569353070175439 0.01206140350877193 0.044407894736842105
0 0.8351608187134503 0.6554276315789473 0.03527046783625731 0.03755482456140351
0 0.6603618421052632 0.6698190789473684 0.01864035087719298 0.04331140350877193
0 0.7287097953216375 0.6744791666666666 0.017178362573099414 0.044407894736842105
0 0.7174707602339182 0.6755756578947368 0.01699561403508772 0.03892543859649123
0 0.5393823099415205 0.6954495614035088 0.017178362573099414 0.05180921052631579
0 0.694078947368421 0.688048245614035 0.028691520467836257 0.035910087719298246
0 0.639437134502924 0.7035361842105263 0.026133040935672515 0.06195175438596491
0 0.495796783625731 0.7724780701754386 0.016264619883040937 0.046875
0 0.551078216374269 0.8012609649122807 0.0222953216374269 0.015625
0 0.6663925438596491 0.8166118421052632 0.023026315789473683 0.031524122807017545
0 0.045504385964912276 0.7802905701754387 0.012609649122807017 0.01781798245614035
0 0.0398391812865497 0.7946820175438596 0.02412280701754386 0.0200109649122807
0 0.15164290935672514 0.8114871162280701 0.014725877192982463 0.05657620614035084
0 0.1425438596491228 0.8286732456140351 0.009685672514619883 0.03070175438596491
0 0.5914656432748538 0.8106496710526315 0.008771929824561403 0.027549342105263157
0 0.5992598684210527 0.81703125 0.009502923976608187 0.028919956140350877
0 0.9067525584795321 0.6047149122807017 0.027503654970760235 0.04851973684210526
0 0.8919956140350878 0.6105057565789473 0.015716374269005847 0.05256304824561404
0 0.855765716374269 0.598889802631579 0.018548976608187134 0.05797697368421053
0 0.845280519005848 0.598141447368421 0.025539108187134504 0.054972587719298235
0 0.09396747076023393 0.38323464912280697 0.03088450292397662 0.041666666666666664
0 0.08465186403508772 0.3793818530701754 0.018960160818713462 0.03967927631578947
0 0.08038651315789473 0.4150383771929824 0.03632127192982456 0.022719298245614066
0 0.07991228070175439 0.4433374451754386 0.017441520467836258 0.05142269736842103
0 0.08738669590643275 0.45145148026315784 0.013972953216374265 0.0492845394736842
0 0.054699378654970765 0.4200767543859649 0.0232328216374269 0.032105263157894706
0 0.016493055555555556 0.5406387061403509 0.016721491228070175 0.05797697368421053
0 0.02033077485380117 0.560375548245614 0.023848684210526317 0.036047149122807015
0 0.08777595029239767 0.5369106359649123 0.023779239766081872 0.024945175438596492
0 0.08287646198830409 0.559655975877193 0.0268640350877193 0.03282620614035088
0 0.15273209064327486 0.4647752192982456 0.02366593567251462 0.06085526315789474
0 0.16186951754385967 0.4870490679824561 0.02238669590643275 0.06072094298245614
0 0.2955500730994152 0.4297560307017544 0.021107456140350877 0.0390625
0 0.277640716374269 0.46237664473684215 0.030975877192982455 0.028919956140350877
0 0.24995431286549707 0.5949150219298246 0.017086988304093567 0.03330592105263158
0 0.23829038742690056 0.601206140350877 0.016858552631578948 0.03577302631578947
0 0.4770650584795322 0.516687225877193 0.021198830409356724 0.05297423245614035
0 0.4656752558479532 0.47513980263157896 0.019216008771929843 0.039851973684210555
0 0.6856496710526315 0.5127124451754386 0.0278234649122807 0.045572916666666664
0 0.6559338450292398 0.484047423245614 0.0245796783625731 0.04899945175438596
0 0.6671235380116959 0.5090803179824561 0.020741959064327485 0.05132949561403509
0 0.6422468932748538 0.5156935307017544 0.030747441520467836 0.0434484649122807
0 0.7247231359649122 0.5355674342105263 0.031822002923976626 0.024533991228070175
0 0.7101379751461988 0.5555441337719298 0.0301078216374269 0.03337445175438596
