0 0.5952119883040935 0.33278508771929827 0.01206140350877193 0.02905701754385965
0 0.43704312865497075 0.2553453947368421 0.015533625730994151 0.01343201754385965
0 0.6173245614035088 0.43530701754385964 0.013523391812865496 0.025767543859649123
0 0.24990862573099415 0.3710252192982456 0.02138157894736842 0.026589912280701754
0 0.5591191520467836 0.35334429824561403 0.017726608187134504 0.01918859649122807
0 0.7085160818713451 0.3168859649122807 0.015350877192982455 0.020833333333333332
0 0.3786549707602339 0.3078399122807018 0.020833333333333332 0.020833333333333332
0 0.7544773391812866 0.4720394736842105 0.01663011695906433 0.027412280701754384
0 0.3307748538011696 0.3754111842105263 0.011330409356725146 0.029331140350877194
0 0.6346856725146198 0.3153782894736842 0.013523391812865496 0.027138157894736843
0 0.7964181286549707 0.299890350877193 0.012792397660818713 0.02138157894736842
0 0.738578216374269 0.3748629385964912 0.015899122807017545 0.027138157894736843
0 0.38459429824561403 0.28481359649122806 0.012975146198830409 0.014802631578947368
0 0.809484649122807 0.3168859649122807 0.01882309941520468 0.01864035087719298
0 0.7741228070175438 0.483141447368421 0.01206140350877193 0.03042763157894737
0 0.6825657894736842 0.5084978070175439 0.02010233918128655 0.03179824561403509
0 0.7718384502923977 0.42297149122807015 0.01663011695906433 0.027412280701754384
0 0.5463267543859649 0.5148026315789473 0.024671052631578948 0.030153508771929825
0 0.5963084795321638 0.5557839912280702 0.025219298245614034 0.033717105263157895
0 0.1665752923976608 0.5006853070175439 0.028691520467836257 0.02768640350877193
0 0.2118969298245614 0.5298793859649122 0.022112573099415205 0.03673245614035088
0 0.6816520467836258 0.47039473684210525 0.01608187134502924 0.03070175438596491
0 0.41465643274853803 0.26055372807017546 0.012426900584795321 0.01617324561403509
0 0.7335526315789473 0.5297423245614035 0.02412280701754386 0.02768640350877193
0 0.31377923976608185 0.28824013157894735 0.019736842105263157 0.01781798245614035
0 0.47322733918128657 0.32442434210526316 0.024671052631578948 0.014528508771929825
0 0.7090643274853801 0.453125 0.01425438596491228 0.02631578947368421
0 0.6480263157894737 0.5075383771929824 0.01827485380116959 0.0381030701754386
0 0.39610745614035087 0.5970394736842105 0.012244152046783625 0.019736842105263157
0 0.21893274853801167 0.4390076754385965 0.02448830409356725 0.01617324561403509
0 0.6559758771929824 0.3164747807017544 0.02101608187134503 0.017269736842105265
0 0.7642543859649124 0.39281798245614036 0.017543859649122806 0.023026315789473683
0 0.7110745614035087 0.332922149122807 0.019736842105263157 0.018914473684210526
0 0.6994700292397661 0.35841557017543857 0.012975146198830409 0.026041666666666668
0 0.7201206140350876 0.36636513157894735 0.022112573099415205 0.01781798245614035
0 0.39583333333333337 0.48793859649122806 0.02448830409356725 0.017543859649122806
0 0.7741228070175439 0.5261787280701754 0.021564327485380116 0.03536184210526316
0 0.508937317251462 0.5177220394736842 0.024157529239766093 0.03654057017543858
0 0.6371527777777778 0.2896107456140351 0.008954678362573099 0.021107456140350877
0 0.48528874269005845 0.45600328947368424 0.02942251461988304 0.0200109649122807
0 0.6254568713450293 0.3405975877192982 0.025767543859649123 0.01836622807017544
0 0.1271016081871345 0.4368146929824562 0.030153508771929825 0.02055921052631579
0 0.308296783625731 0.49588815789473684 0.01644736842105263 0.03070175438596491
0 0.6656615497076024 0.5182291666666666 0.015899122807017545 0.04084429824561404
0 0.709795321637427 0.2878289473684211 0.010964912280701754 0.020833333333333332
0 0.7386695906432749 0.4505208333333333 0.023026315789473683 0.018914473684210526
0 0.5265899122807018 0.4635416666666667 0.026498538011695907 0.023574561403508772
0 0.8292214912280702 0.3120888157894737 0.018457602339181287 0.01781798245614035
0 0.5634137426900585 0.301672149122807 0.01827485380116959 0.02275219298245614
0 0.19069809941520469 0.3944627192982456 0.0133406432748538 0.01644736842105263
0 0.5856176900584795 0.43667763157894735 0.0133406432748538 0.025767543859649123
0 0.6300255847953217 0.4971217105263158 0.01663011695906433 0.04029605263157895
0 0.6037097953216374 0.39665570175438597 0.011878654970760233 0.02631578947368421
0 0.6456505847953216 0.4063870614035088 0.011695906432748537 0.028782894736842105
0 0.2930372807017544 0.35841557017543857 0.012975146198830409 0.026589912280701754
0 0.7224963450292398 0.5298793859649124 0.015533625730994151 0.025767543859649123
0 0.5800438596491229 0.2901589912280702 0.01644736842105263 0.02823464912280702
0 0.7636147660818714 0.3345668859649123 0.011513157894736841 0.023300438596491228
0 0.20440423976608188 0.4971217105263158 0.019554093567251463 0.028782894736842105
0 0.7374817251461988 0.34841008771929827 0.024671052631578948 0.02850877192982456
0 0.3667763157894737 0.30098684210526316 0.008771929824561403 0.014802631578947368
0 0.390625 0.3133223684210526 0.0133406432748538 0.022478070175438597
0 0.49579678362573104 0.30989583333333337 0.021198830409356724 0.016721491228070175
0 0.5923793859649122 0.3921326754385965 0.0133406432748538 0.026589912280701754
0 0.26489400584795325 0.4810855263157895 0.024671052631578948 0.01644736842105263
0 0.46884137426900585 0.45010964912280704 0.009685672514619883 0.025219298245614034
0 0.43640350877192985 0.3052357456140351 0.01608187134502924 0.02275219298245614
0 0.6271929824561404 0.41968201754385964 0.01864035087719298 0.015899122807017545
0 0.8510599415204678 0.30112390350877194 0.019736842105263157 0.017269736842105265
0 0.7935855263157894 0.4920504385964913 0.027595029239766082 0.025219298245614034
0 0.7129020467836258 0.4272203947368421 0.011695906432748537 0.022203947368421052
0 0.6260051169590642 0.29523026315789475 0.0133406432748538 0.0268640350877193
0 0.42708333333333337 0.8810307017543859 0.035818713450292396 0.030153508771929825
0 0.4114583333333333 0.3168859649122807 0.013706140350877192 0.02850877192982456
0 0.5436769005847953 0.28591008771929827 0.009502923976608187 0.02412280701754386
0 0.8105811403508772 0.3020833333333333 0.01663011695906433 0.018092105263157895
0 0.311312134502924 0.3606085526315789 0.015533625730994151 0.02549342105263158
0 0.1642909356725146 0.6130756578947368 0.019005847953216373 0.015625
0 0.42160087719298245 0.3196271929824561 0.015350877192982455 0.023574561403508772
0 0.7537463450292398 0.4184484649122807 0.012244152046783625 0.03262061403508772
0 0.15040204678362573 0.5076754385964912 0.025950292397660817 0.025767543859649123
0 0.4174890350877193 0.5804550438596491 0.012244152046783625 0.0200109649122807
0 0.6572551169590644 0.47299890350877194 0.02284356725146199 0.029331140350877194
0 0.472953216374269 0.5237116228070176 0.01644736842105263 0.04577850877192982
0 0.4909539473684211 0.3005756578947369 0.01663011695906433 0.021107456140350877
0 0.34376370614035084 0.5054824561403509 0.027019371345029224 0.030153508771929825
0 0.3772843567251462 0.44819078947368424 0.026498538011695907 0.024671052631578948
0 0.38861476608187134 0.4720394736842105 0.018092105263157895 0.0356359649122807
0 0.6396198830409358 0.31085526315789475 0.010964912280701754 0.023574561403508772
0 0.29404239766081874 0.44942434210526316 0.01608187134502924 0.023848684210526317
0 0.7850877192982456 0.2857730263157895 0.01206140350877193 0.015625
0 0.625548245614035 0.3183936403508772 0.012426900584795321 0.02549342105263158
0 0.7269736842105263 0.3222313596491228 0.010599415204678362 0.026589912280701754
0 0.4171235380116959 0.4976699561403509 0.01918859649122807 0.03262061403508772
0 0.837719298245614 0.6233552631578947 0.02010233918128655 0.02138157894736842
0 0.6828399122807017 0.3495065789473684 0.0133406432748538 0.029605263157894735
0 0.5611293859649122 0.325109649122807 0.027960526315789474 0.015350877192982455
0 0.8144161184210527 0.36086485745614033 0.02576206140350882 0.028199013157894706
0 0.26864035087719296 0.5053453947368421 0.017543859649122806 0.034265350877192985
0 0.35718201754385964 0.30866228070175433 0.02320906432748538 0.013706140350877192
0 0.4631761695906433 0.2552083333333333 0.015533625730994151 0.01918859649122807
0 0.7636147660818713 0.4821820175438597 0.011878654970760233 0.02905701754385965
0 0.5325292397660819 0.2822094298245614 0.015716374269005847 0.018914473684210526
0 0.4007675438596491 0.6049890350877193 0.013888888888888888 0.025219298245614034
0 0.3609283625730994 0.32538377192982454 0.012792397660818713 0.01918859649122807
0 0.39510233918128657 0.25959429824561403 0.02046783625730994 0.010416666666666666
0 0.7944078947368421 0.34470942982456143 0.011330409356725146 0.02823464912280702
0 0.5404769736842105 0.4455496162280702 0.016626461988304097 0.027212171052631573
0 0.35882675438596495 0.43969298245614036 0.012975146198830409 0.027412280701754384
0 0.5504385964912281 0.2643914473684211 0.014985380116959063 0.01617324561403509
0 0.47596856725146197 0.2837171052631579 0.011878654970760233 0.01918859649122807
0 0.6963633040935673 0.5083607456140351 0.01699561403508772 0.026589912280701754
0 0.33653143274853803 0.3944627192982456 0.02101608187134503 0.010964912280701754
0 0.2222222222222222 0.5071271929824561 0.015716374269005847 0.0356359649122807
0 0.5377375730994152 0.296875 0.01516812865497076 0.019736842105263157
0 0.44389619883040937 0.2989309210526315 0.013523391812865496 0.02549342105263158
0 0.6913377192982456 0.2627467105263158 0.011330409356725146 0.016721491228070175
0 0.3735380116959064 0.29523026315789475 0.01023391812865497 0.01918859649122807
0 0.3572733918128655 0.29413377192982454 0.01644736842105263 0.023026315789473683
0 0.31122076023391815 0.31277412280701755 0.013157894736842105 0.023026315789473683
0 0.5248538011695907 0.3079769736842105 0.01644736842105263 0.019462719298245616
0 0.07410453216374269 0.4710800438596491 0.025767543859649123 0.03755482456140351
0 0.9015899122807017 0.6355537280701754 0.022478070175438597 0.01617324561403509
0 0.718110380116959 0.30208333333333337 0.02540204678362573 0.013157894736842105
0 0.7199378654970761 0.45531798245614036 0.015533625730994151 0.01699561403508772
0 0.7533808479532164 0.3348410087719298 0.010416666666666666 0.018914473684210526
0 0.7065058479532164 0.4817708333333333 0.028143274853801168 0.018914473684210526
0 0.6674890350877194 0.2612390350877193 0.010782163742690058 0.01918859649122807
0 0.3388157894736842 0.2939967105263158 0.011330409356725146 0.021107456140350877
0 0.47322733918128657 0.30619517543859653 0.01663011695906433 0.024671052631578948
0 0.4508406432748538 0.2504111842105263 0.014985380116959063 0.015076754385964912
0 0.40021929824561403 0.31866776315789475 0.013888888888888888 0.01617324561403509
0 0.365953947368421 0.4328399122807018 0.014071637426900584 0.020285087719298246
0 0.5857090643274854 0.31565241228070173 0.01644736842105263 0.027138157894736843
0 0.5995979532163742 0.30633223684210525 0.013523391812865496 0.0200109649122807
0 0.3203581871345029 0.4176260964912281 0.01206140350877193 0.028782894736842105
0 0.6148574561403509 0.5021929824561403 0.017361111111111112 0.020833333333333332
0 0.48656798245614036 0.2617872807017544 0.008223684210526315 0.021929824561403508
0 0.6354166666666666 0.4270833333333333 0.023757309941520467 0.015350877192982455
0 0.46984649122807015 0.2628837719298246 0.010599415204678362 0.01644736842105263
0 0.40743786549707606 0.35060307017543857 0.012975146198830409 0.01918859649122807
0 0.7458881578947368 0.3072916666666667 0.02138157894736842 0.01918859649122807
0 0.32090643274853803 0.5016447368421052 0.017543859649122806 0.0356359649122807
0 0.05098684210526316 0.5 0.03070175438596491 0.021929824561403508
0 0.48757309941520466 0.3874725877192982 0.014985380116959063 0.021655701754385966
0 0.49497441520467833 0.28481359649122806 0.02284356725146199 0.01206140350877193
0 0.3306834795321637 0.40405701754385964 0.018092105263157895 0.015350877192982455
0 0.19234283625730994 0.4721765350877193 0.017726608187134504 0.032072368421052634
0 0.4774305555555555 0.26384320175438597 0.010416666666666666 0.02055921052631579
0 0.6481176900584795 0.2871436403508772 0.01663011695906433 0.01617324561403509
0 0.35389254385964913 0.4777960526315789 0.030884502923976608 0.018092105263157895
0 0.06871345029239766 0.4997258771929825 0.021198830409356724 0.02905701754385965
0 0.7072368421052632 0.2778234649122807 0.01827485380116959 0.01343201754385965
0 0.7584978070175439 0.3203125 0.019554093567251463 0.012335526315789474
0 0.43567251461988304 0.24533991228070176 0.01644736842105263 0.013157894736842105
0 0.6928910818713451 0.31537828947368424 0.026498538011695907 0.016721491228070175
0 0.6133954678362573 0.4603892543859649 0.020285087719298246 0.021655701754385966
0 0.4268092105263158 0.262609649122807 0.017361111111111112 0.011513157894736841
0 0.5084978070175439 0.47341008771929827 0.028326023391812866 0.01699561403508772
0 0.22286184210526316 0.46970942982456143 0.030153508771929825 0.02055921052631579
0 0.23346125730994152 0.506030701754386 0.016264619883040937 0.03453947368421053
0 0.5600328947368421 0.2883771929824561 0.023940058479532164 0.010964912280701754
0 0.5243969298245613 0.49191337719298245 0.027960526315789474 0.019462719298245616
0 0.28152412280701755 0.49945175438596495 0.024305555555555556 0.024671052631578948
0 0.19270833333333331 0.5034265350877193 0.01663011695906433 0.03262061403508772
0 0.3517909356725146 0.46463815789473684 0.03252923976608187 0.017543859649122806
0 0.566703216374269 0.31510416666666663 0.023026315789473683 0.014528508771929825
0 0.6769919590643275 0.2891995614035088 0.01882309941520468 0.013157894736842105
0 0.1446454678362573 0.43247395833333335 0.013706140350877192 0.027815241228070182
0 0.1600420321637427 0.41027549342105263 0.02183845029239766 0.017129934210526318
0 0.15885416666666669 0.42624040570175437 0.018183479532163743 0.032886513157894745
0 0.16963633040935672 0.4165104166666667 0.016721491228070175 0.032061403508771937
0 0.1872249634502924 0.4121258223684211 0.022110745614035088 0.017815241228070176
0 0.20531615497076022 0.39335252192982456 0.01663011695906433 0.021376096491228076
0 0.19946820175438595 0.40691885964912283 0.020650584795321638 0.01452302631578948
0 0.21276315789473685 0.37526589912280706 0.015259502923976608 0.022746710526315793
0 0.22724597953216374 0.3786225328947368 0.018092105263157895 0.024525767543859656
0 0.2171034356725146 0.3868448464912281 0.015716374269005847 0.016578947368421058
0 0.21865679824561404 0.39965597587719304 0.03271198830409357 0.014251644736842107
0 0.22249451754385965 0.40575383771929824 0.03307748538011696 0.014111842105263162
0 0.19462627923976608 0.4175383771929825 0.02832419590643275 0.014934210526315795
0 0.17996070906432748 0.4306921600877193 0.027136330409356726 0.014936951754385967
0 0.19928545321637428 0.4244572368421053 0.023391812865497075 0.0202796052631579
0 0.21184941520467837 0.4226082785087719 0.015259502923976608 0.028911732456140357
0 0.2267434210526316 0.4174698464912281 0.016355994152046784 0.014797149122807022
0 0.2382108918128655 0.41719572368421054 0.011513157894736841 0.021376096491228076
0 0.225281432748538 0.4278152412280702 0.027503654970760235 0.014111842105263162
0 0.18621984649122808 0.4405592105263158 0.03472039473684211 0.016578947368421058
0 0.24287097953216374 0.3564939692982456 0.01827485380116959 0.023294956140350882
0 0.2639327485380117 0.38369243421052635 0.01471125730994152 0.0395997807017544
0 0.25721673976608184 0.40637061403508773 0.03125 0.01534539473684211
0 0.25177997076023395 0.4238404605263158 0.024762426900584795 0.017949561403508778
0 0.24026681286549706 0.44096902412280703 0.020924707602339183 0.025896381578947376
0 0.28293859649122804 0.4048643092105263 0.025676169590643276 0.010962171052631581
0 0.28435489766081873 0.41466145833333334 0.03070175438596491 0.013292214912280704
0 0.2701918859649123 0.41589501096491227 0.017909356725146198 0.008906250000000003
0 0.26512061403508774 0.4232935855263158 0.015990497076023392 0.015485197368421055
0 0.25799342105263157 0.4322683662280702 0.010873538011695907 0.01589638157894737
0 0.248718932748538 0.4400109649122807 0.014619883040935672 0.025625000000000005
0 0.24762244152046783 0.4567955043859649 0.017178362573099414 0.04055921052631574
0 0.2755829678362573 0.42712993421052636 0.015350877192982455 0.023432017543859655
0 0.26096308479532165 0.4482319078947369 0.019005847953216373 0.043163377192982466
0 0.2672679093567251 0.4501493969298246 0.010782163742690058 0.02973410087719299
0 0.27640533625730995 0.4412431469298246 0.011513157894736841 0.028089364035087726
0 0.2885124269005848 0.4425452302631579 0.016721491228070175 0.029322916666666674
0 0.28787280701754386 0.42719846491228075 0.020376461988304093 0.01890899122807018
0 0.2830756578947369 0.3882826206140351 0.016812865497076022 0.03041940789473685
0 0.2751260964912281 0.36820860745614037 0.013157894736842105 0.030830592105263167
0 0.2820248538011696 0.3664967105263158 0.009594298245614035 0.01836074561403509
0 0.3000712719298245 0.3660855263157895 0.01425438596491228 0.026036184210526322
0 0.2998885233918129 0.3890364583333334 0.019371345029239765 0.0360389254385965
0 0.3231432748538012 0.36039884868421057 0.020924707602339183 0.03137883771929825
0 0.320219298245614 0.38444627192982456 0.015442251461988304 0.028503289473684214
0 0.30541666666666667 0.40349369517543865 0.016721491228070175 0.027404057017543868
0 0.3133205409356725 0.41020696271929824 0.018092105263157895 0.024936951754385973
0 0.30523391812865497 0.430280975877193 0.021655701754385966 0.016307565789473687
0 0.28293859649122804 0.47289610745614036 0.01836622807017544 0.031652960526315735
0 0.299248903508772 0.4696765350877193 0.02503654970760234 0.02685855263157889
0 0.3094828216374269 0.45487801535087724 0.019919590643274854 0.03096765350877194
0 0.31300073099415204 0.44747807017543867 0.017635233918128657 0.027132675438596498
0 0.323828581871345 0.44919133771929826 0.014985380116959063 0.027817982456140356
0 0.33623903508771935 0.3556483004385965 0.012883771929824562 0.017404057017543863
0 0.34729532163742693 0.3575657894736842 0.012335526315789474 0.0237061403508772
0 0.341858552631579 0.37860060307017546 0.012792397660818713 0.02850054824561398
0 0.3538285818713451 0.38277960526315785 0.01663011695906433 0.029462719298245555
0 0.3368329678362573 0.41774396929824564 0.03125 0.019183114035087726
0 0.35725511695906437 0.4155509868421053 0.020924707602339183 0.020005482456140356
0 0.32395010964912285 0.440422149122807 0.02064875730994152 0.021239035087719304
0 0.33034539473684216 0.42925301535087723 0.020833333333333332 0.010688048245614038
0 0.3402138157894737 0.4391186951754386 0.014437134502923976 0.030693530701754394
0 0.34820906432748544 0.43952987938596494 0.009046052631578948 0.02987116228070176
0 0.3474323830409357 0.4237047697368421 0.016264619883040937 0.006165021929824564
0 0.37137244152046783 0.4271984649122807 0.011878654970760233 0.01616776315789474
0 0.38220029239766085 0.42610197368421054 0.019279970760233918 0.022198464912280707
0 0.37192068713450294 0.4439830043859649 0.019919590643274854 0.019868421052631584
0 0.3583059210526316 0.5008031798245614 0.01864035087719298 0.029369517543859677
0 0.31992964181286554 0.4746546052631579 0.01315606725146199 0.020827850877192987
0 0.3308936403508772 0.4888363486842105 0.012426900584795321 0.028637609649122816
0 0.30083333333333334 0.5041159539473684 0.018092105263157895 0.028774671052631585
0 0.28785818713450295 0.5084320175438597 0.01516812865497076 0.02452850877192983
0 0.3759265350877193 0.3603755482456141 0.020559210526315833 0.026858552631578953
0 0.37414473684210525 0.3888089364035088 0.021198830409356766 0.034394188596491175
0 0.37569809941520466 0.3970984100877193 0.023574561403508814 0.02795230263157889
0 0.3952521929824561 0.3834635416666667 0.013706140350877192 0.029459978070175384
0 0.4110599415204679 0.39086348684210526 0.02101608187134503 0.036858552631578896
0 0.41558296783625737 0.36640487938596494 0.013066520467836257 0.020008223684210527
0 0.42051717836257313 0.37462719298245617 0.015259502923976608 0.022198464912280707
0 0.42851242690058483 0.385999177631579 0.01882309941520468 0.03370888157894732
0 0.4008717105263158 0.4134046052631579 0.023483187134502925 0.015619517543859655
0 0.38775950292397665 0.4247094298245614 0.012975146198830409 0.019046052631578953
0 0.3973994883040936 0.42546326754385966 0.009594298245614035 0.022198464912280707
0 0.40443530701754393 0.4306003289473684 0.013614766081871345 0.02178728070175439
0 0.41718201754385964 0.42135279605263154 0.018092105263157895 0.011784539473684214
0 0.4202887426900585 0.42779194078947363 0.02101608187134503 0.01644462719298246
0 0.41914656432748537 0.43991913377192976 0.03042763157894737 0.018774671052631583
0 0.3904093567251462 0.4444407894736842 0.013888888888888888 0.022061403508771935
0 0.3890387426900585 0.45752604166666666 0.020285087719298246 0.027129934210526323
0 0.40169407894736847 0.447250548245614 0.00941154970760234 0.0202796052631579
0 0.4032931286549708 0.46780290570175437 0.014802631578947368 0.03425712719298246
0 0.4360964912280702 0.38636513157894736 0.013706140350877192 0.021650219298245617
0 0.42143092105263164 0.40986430921052636 0.01617324561403509 0.016855811403508773
0 0.43938596491228077 0.3962308114035088 0.028326023391812866 0.026858552631578953
0 0.4418978435672515 0.407124451754386 0.026770833333333292 0.02233552631578948
0 0.44226425438596495 0.3762938596491228 0.012883771929824562 0.02233552631578948
0 0.45761421783625733 0.39588815789473686 0.012881944444444404 0.026995614035087726
0 0.46798428362573097 0.3957510964912281 0.012244152046783625 0.027269736842105267
0 0.476390716374269 0.39150356359649124 0.014802631578947368 0.035216557017543865
0 0.4581167763157895 0.3745805921052632 0.02741045321637423 0.017264254385964916
0 0.4556496710526316 0.3823231907894737 0.01571454678362569 0.011921600877192984
0 0.43445175438596495 0.42925301535087723 0.012792397660818713 0.028500548245614044
0 0.4462838084795322 0.42027823464912284 0.01671966374269002 0.026718750000000006
0 0.4576233552631579 0.4154248903508772 0.022037646198830353 0.015208333333333338
0 0.4732565789473684 0.4118969298245614 0.018731725146198832 0.012538377192982458
0 0.45555281432748534 0.4250849780701754 0.0278234649122807 0.01671600877192983
0 0.47924159356725143 0.41724095394736843 0.021929824561403508 0.01760690789473685
0 0.45093841374269006 0.43546463815789477 0.03156980994152047 0.01788103070175439
0 0.4870358187134503 0.4040364583333334 0.013066520467836257 0.0282264254385965
0 0.4967214912280702 0.40773711622807024 0.011421783625730994 0.031790021929824566
0 0.4830610380116959 0.4278796600877193 0.02101608187134503 0.024114583333333342
0 0.4660663377192983 0.43562225877192984 0.02393823099415201 0.02096491228070176
0 0.4498017178362573 0.4441858552631579 0.017359283625730953 0.017264254385964916
0 0.4602174707602339 0.45679276315789474 0.010782163742690058 0.02384320175438591
0 0.44623812134502927 0.4658360745614035 0.019735014619883 0.03425438596491223
0 0.44135051169590644 0.4538459429824562 0.014163011695906433 0.02123903508771924
0 0.43111659356725146 0.4555578399122807 0.01471125730994152 0.029048793859649067
0 0.4182328216374269 0.45918996710526316 0.01471125730994152 0.031104714912280645
0 0.4807309941520468 0.4388418311403509 0.01653874269005848 0.017541118421052635
0 0.4927923976608187 0.4345942982456141 0.011421783625730994 0.026310307017543864
0 0.5067726608187134 0.394719024122807 0.018183479532163743 0.032886513157894745
0 0.5086458333333334 0.4100657894736843 0.014071637426900584 0.023020833333333338
0 0.512483552631579 0.42575520833333336 0.033625730994152045 0.014114583333333337
0 0.5087828947368421 0.4359635416666667 0.02640716374269006 0.011784539473684214
0 0.5056761695906433 0.4465844298245614 0.02677266081871345 0.02452850877192983
0 0.48826937134502923 0.44630893640350877 0.011695906432748537 0.011647478070175441
0 0.5238139619883041 0.44185581140350877 0.01114766081871345 0.020827850877192987
0 0.510016447368421 0.45336622807017546 0.023391812865497075 0.021376096491228014
0 0.4575685307017544 0.3551192434210526 0.012425073099415165 0.022195723684210533
0 0.46373538011695903 0.3643009868421053 0.010325292397660819 0.023569078947368427
0 0.47885782163742685 0.3666981907894737 0.0222953216374269 0.022881030701754394
0 0.4977722953216374 0.3737554824561404 0.01827485380116959 0.022746710526315793
0 0.5094682017543859 0.3740282346491228 0.011695906432748537 0.025211074561403517
0 0.5297076023391812 0.3928700657894737 0.015807748538011698 0.02452850877192983
0 0.5309411549707602 0.41684895833333335 0.028326023391812866 0.025074013157894745
0 0.5342306286549707 0.4121902412280702 0.017909356725146198 0.020690789473684214
0 0.5271491228070175 0.3691639254385965 0.021107456140350877 0.01877192982456141
0 0.45103527046783626 0.4911855811403508 0.01854714912280698 0.02548519736842106
0 0.45871070906432754 0.48447094298245613 0.012881944444444404 0.02877741228070176
0 0.4933863304093567 0.5045449561403509 0.027046783625730993 0.02452850877192983
0 0.5300730994152048 0.5081770833333333 0.026955409356725146 0.018634868421052636
0 0.5283826754385965 0.516672149122807 0.017726608187134504 0.025762061403508778
0 0.4595330774853801 0.5481195175438596 0.0130646929824561 0.03411732456140352
0 0.5366831140350876 0.4389322916666667 0.019828216374269007 0.027404057017543868
0 0.5497039473684211 0.4178303179824561 0.01663011695906433 0.032886513157894745
0 0.5493384502923977 0.40097724780701754 0.017543859649122806 0.01671875
0 0.5517598684210526 0.3712431469298246 0.014894005847953216 0.030693530701754394
0 0.5375968567251461 0.37069490131578947 0.01964546783625731 0.024114583333333342
0 0.5570595760233918 0.3928248355263158 0.015076754385964912 0.03412006578947369
0 0.5694407894736843 0.3813815789473684 0.017543859649122806 0.03836622807017545
0 0.5664254385964913 0.4085814144736842 0.01918859649122807 0.02534813596491229
0 0.5638669590643275 0.428999451754386 0.024305555555555556 0.021239035087719304
0 0.5464601608187134 0.4544174890350877 0.014163011695906433 0.03754660087719299
0 0.5582931286549708 0.4481825657894737 0.01663011695906433 0.02589912280701755
0 0.5589784356725146 0.4563349780701754 0.015807748538011698 0.025487938596491233
0 0.582140899122807 0.3713802083333333 0.020466008771929785 0.03316063596491229
0 0.5811814692982457 0.39481085526315784 0.01854714912280698 0.0202796052631579
0 0.5781661184210526 0.41433662280701755 0.027501827485380076 0.020416666666666673
0 0.5795367324561403 0.42605263157894735 0.03170504385964908 0.01315241228070176
0 0.590547331871345 0.42070860745614036 0.025217470760233878 0.017815241228070176
0 0.6054879385964913 0.37884457236842106 0.018914473684210526 0.030556469298245622
0 0.620107821637427 0.3856263706140351 0.015807748538011698 0.02192160087719299
0 0.6298382675438596 0.3733621162280702 0.015166301169590604 0.026718750000000006
0 0.6448227339181286 0.38158442982456137 0.021747076023391813 0.03356907894736843
0 0.6039802631578947 0.35342516447368416 0.012792397660818713 0.03316063596491229
0 0.5885836988304093 0.34890487938596493 0.012152777777777778 0.030693530701754394
0 0.5668366228070175 0.3441077302631579 0.014528508771929825 0.027404057017543868
0 0.577938596491228 0.3387637061403509 0.014802631578947368 0.03014802631578948
0 0.6157218567251462 0.3536307565789474 0.013980263157894737 0.02699287280701755
0 0.6439400584795322 0.3293558114035088 0.01827485380116959 0.021376096491228076
0 0.6560014619883041 0.3355208333333333 0.023757309941520467 0.02110197368421053
0 0.6378636695906432 0.3542242324561404 0.013066520467836257 0.02589912280701755
0 0.6556359649122807 0.3525794956140351 0.016264619883040937 0.022609649122807024
0 0.6655957602339181 0.35470531798245614 0.014985380116959063 0.029322916666666674
0 0.6601133040935673 0.3771765350877193 0.024305555555555556 0.03097039473684211
0 0.674093567251462 0.3259292763157895 0.016812865497076022 0.02521381578947369
0 0.6869316520467836 0.32914884868421057 0.018548976608187134 0.027815241228070182
0 0.6983077485380117 0.32949150219298246 0.017543859649122806 0.026033442982456148
0 0.6922770467836258 0.3540186403508772 0.00932017543859649 0.026310307017543864
0 0.6754641812865496 0.36155564692982456 0.013888888888888888 0.023018092105263167
0 0.6756469298245614 0.384233826754386 0.02448830409356725 0.030556469298245622
0 0.6945614035087719 0.38327439692982457 0.01864035087719298 0.02754111842105264
0 0.6519809941520468 0.38190378289473687 0.018092105263157895 0.02973410087719299
0 0.6315588450292398 0.39807291666666667 0.014163011695906433 0.02589912280701755
0 0.6089437134502923 0.40601973684210524 0.027960526315789474 0.019868421052631584
0 0.6092635233918129 0.41451480263157897 0.027138157894736843 0.021239035087719304
0 0.6079385964912281 0.42616228070175444 0.013888888888888888 0.017675438596491233
0 0.5776480263157894 0.4414418859649123 0.012701023391812866 0.019183114035087663
0 0.5966538742690057 0.44185169956140347 0.012335526315789474 0.026855811403508716
0 0.5686019736842104 0.4537047697368421 0.011787280701754386 0.03247532894736837
0 0.5879733187134503 0.46028234649122807 0.026955409356725146 0.026447368421052636
0 0.5855062134502924 0.466313048245614 0.023483187134502925 0.0237061403508772
0 0.6062938596491227 0.4684375 0.02010233918128655 0.030696271929824565
0 0.6320614035087719 0.46480674342105266 0.018457602339181287 0.03302357456140345
0 0.6588797514619883 0.40732319078947365 0.016904239766081873 0.028774671052631585
0 0.6781597222222222 0.408625274122807 0.011239035087719298 0.029459978070175447
0 0.6918201754385964 0.41088678728070177 0.019736842105263157 0.023840460526315797
0 0.6988559941520468 0.4071875 0.009685672514619883 0.028503289473684214
0 0.6786622807017544 0.42945449561403515 0.01663011695906433 0.018223684210526322
0 0.6647733918128655 0.4247944078947369 0.016812865497076022 0.02452850877192983
0 0.6521180555555555 0.43294819078947366 0.013980263157894737 0.024936951754385973
0 0.6377722953216374 0.44034813596491235 0.016904239766081873 0.023294956140350882
0 0.6235179093567251 0.4454166666666667 0.015076754385964912 0.025213815789473626
0 0.6089437134502924 0.44253974780701755 0.01608187134502924 0.02137335526315784
0 0.6595193713450292 0.4395243969298246 0.01781798245614035 0.009043311403508775
0 0.6728143274853801 0.44068941885964913 0.01699561403508772 0.011921600877192984
0 0.6909978070175438 0.4284950657894737 0.011878654970760233 0.019046052631578953
0 0.6999981725146198 0.4334279057017544 0.015259502923976608 0.0247998903508772
0 0.689718567251462 0.4426768092105263 0.025584795321637425 0.02411458333333328
0 0.6413815789473684 0.45288514254385964 0.015899122807017545 0.021236293859649067
0 0.6505646929824561 0.45391173245614036 0.015076754385964912 0.0219243421052631
0 0.6630829678362572 0.45644736842105266 0.012701023391812866 0.034665570175438545
0 0.6695248538011697 0.4588459429824561 0.01882309941520468 0.027406798245613977
0 0.6454020467836257 0.4726850328947368 0.020650584795321638 0.024936951754385973
0 0.6406048976608187 0.4983771929824561 0.018183479532163743 0.04234100877192983
0 0.5609274488304093 0.5023506030701754 0.015257675438596451 0.028911732456140357
0 0.5814400584795322 0.49330729166666665 0.017361111111111112 0.028637609649122816
0 0.5861001461988303 0.5166707785087719 0.013157894736842105 0.027404057017543868
0 0.6013596491228069 0.496391173245614 0.012975146198830409 0.02904879385964913
0 0.6057456140350876 0.5057072368421052 0.013706140350877192 0.021924342105263162
0 0.6543567251461988 0.5254399671052631 0.018457602339181287 0.035627741228070185
0 0.6821345029239766 0.5285910087719299 0.024305555555555556 0.019457236842105267
0 0.6790423976608186 0.45149122807017544 0.024762426900584795 0.021924342105263162
0 0.6955811403508771 0.46944216008771933 0.01653874269005848 0.01863760964912281
0 0.6969517543859649 0.4594394188596491 0.019279970760233918 0.022743969298245622
0 0.7129422514619882 0.4699904057017544 0.020924707602339183 0.01644462719298246
0 0.7268768274853801 0.47519736842105265 0.021564327485380116 0.024939692982456144
0 0.7344608918128654 0.48177494517543856 0.020285087719298246 0.025759320175438603
0 0.7298464912280701 0.4608100328947368 0.015990497076023392 0.010962171052631581
0 0.7250493421052632 0.4234018640350877 0.01644736842105263 0.01753837719298246
0 0.7209831871345028 0.438405975877193 0.01251827485380117 0.02315515350877194
0 0.7336385233918128 0.4308689692982456 0.014985380116959063 0.02151315789473685
0 0.7435526315789474 0.4680030153508772 0.016904239766081953 0.028637609649122816
0 0.7384959795321637 0.4223972039473684 0.012152777777777778 0.025211074561403517
0 0.7472222222222222 0.4286321271929825 0.01425438596491228 0.025625000000000005
0 0.7523848684210527 0.4487746710526316 0.021290204678362575 0.02041666666666661
0 0.7151498538011697 0.524000822368421 0.01663011695906433 0.028637609649122816
0 0.7117699195906433 0.4010896381578948 0.01863852339181291 0.03439418859649124
0 0.7163386330409356 0.38087856359649125 0.029968932748538055 0.011784539473684214
0 0.7295413011695907 0.40060992324561406 0.02275219298245614 0.024114583333333342
0 0.7462627923976608 0.39122395833333334 0.012883771929824562 0.02754111842105264
0 0.7105811403508773 0.3638185307017544 0.010964912280701754 0.02315789473684211
0 0.7117242324561404 0.35004797149122807 0.01763340643274858 0.029322916666666674
0 0.7226425438596492 0.34641721491228067 0.011513157894736841 0.02452850877192983
0 0.7516538742690059 0.3502521929824562 0.016904239766081873 0.022883771929824565
0 0.7591008771929825 0.3634073464912281 0.013888888888888888 0.027817982456140356
0 0.7686951754385966 0.3738212719298246 0.017361111111111112 0.026995614035087726
0 0.7917671783625732 0.35573327850877196 0.021290204678362575 0.030556469298245622
0 0.7675073099415205 0.4313034539473684 0.017543859649122806 0.02548519736842106
0 0.7674159356725146 0.45727110745614036 0.012975146198830409 0.03000822368421047
0 0.7765533625730994 0.458844572368421 0.012609649122807017 0.030693530701754332
0 0.7872898391812866 0.43788103070175444 0.026224415204678362 0.01836074561403509
0 0.7917671783625732 0.4458977521929825 0.021655701754385966 0.012195723684210529
0 0.7920413011695907 0.4535704495614035 0.023300438596491228 0.018500548245613976
0 0.7922697368421052 0.4640529057017544 0.020833333333333332 0.02630756578947363
0 0.8094480994152048 0.47871436403508766 0.025767543859649123 0.03425438596491229
0 0.7829641812865498 0.41824150219298245 0.014528508771929825 0.03096765350877194
0 0.8137883771929825 0.4712458881578947 0.024762426900584795 0.028637609649122816
0 0.8186312134502924 0.46932702850877195 0.029513888888888888 0.0316529605263158
0 0.8239309210526315 0.4620655153508772 0.02238669590643275 0.024525767543859593
0 0.8370431286549708 0.46590186403508765 0.015533625730994151 0.02452850877192983
0 0.8456779970760234 0.4846066337719298 0.026041666666666668 0.023840460526315797
0 0.7969755116959065 0.4820038377192982 0.034082602339181284 0.022746710526315793
0 0.841703216374269 0.530921052631579 0.017178362573099414 0.03836622807017545
0 0.8251955409356726 0.33200657894736846 0.01699561403508772 0.024802631578947375
0 0.8150529970760234 0.2779495614035088 0.01206140350877193 0.01890899122807018
0 0.8230025584795322 0.2926123903508772 0.01663011695906433 0.02247258771929825
0 0.8349269005847954 0.30069627192982457 0.015076754385964912 0.017812500000000005
0 0.8085197368421053 0.27911458333333333 0.01251827485380117 0.020416666666666673
0 0.81171783625731 0.2935718201754386 0.018731725146198832 0.01973135964912281
0 0.8139565058479533 0.3309786184210527 0.01644736842105263 0.018634868421052636
0 0.8050018274853801 0.339405153508772 0.012426900584795321 0.022609649122807024
0 0.8181140350877194 0.3469421600877193 0.026955409356725146 0.014936951754385967
0 0.821860380116959 0.3548218201754386 0.028965643274853802 0.01973135964912281
0 0.8065551900584796 0.36948327850877194 0.02448830409356725 0.014799890350877132
0 0.8093877923976609 0.38215734649122807 0.03033625730994152 0.014934210526315795
0 0.7971125730994152 0.2833388157894737 0.01425438596491228 0.021650219298245586
0 0.7896198830409358 0.279640899122807 0.009868421052631578 0.01973135964912278
0 0.7776498538011696 0.2761458333333333 0.015716374269005847 0.022609649122806993
0 0.7702942251461988 0.27737938596491224 0.014894005847953216 0.019320175438596467
0 0.7848684210526317 0.30992324561403506 0.01918859649122807 0.021924342105263162
0 0.7797514619883041 0.295328947368421 0.020650584795321638 0.019046052631578953
0 0.7976608187134504 0.31752741228070175 0.017726608187134504 0.02233552631578948
0 0.7837262426900585 0.3312308114035088 0.013980263157894737 0.019046052631578953
0 0.7779239766081872 0.3148547149122807 0.019005847953216373 0.020005482456140356
0 0.7671418128654971 0.31759594298245614 0.019919590643274854 0.017264254385964916
0 0.7710252192982456 0.3402055921052632 0.009046052631578948 0.027132675438596498
0 0.7770102339181287 0.3463719846491228 0.01516812865497076 0.02904879385964913
0 0.7600767543859649 0.2902371162280702 0.023209064327485464 0.013155153508771932
0 0.7585690789473685 0.2986636513157895 0.028965643274853885 0.010002741228070178
0 0.760625 0.3048300438596491 0.02101608187134503 0.014385964912280707
0 0.7461421783625731 0.29462171052631575 0.012518274853801253 0.012878289473684216
0 0.752218567251462 0.2639967105263158 0.018823099415204762 0.014385964912280676
0 0.7413907163742691 0.2735882675438597 0.022386695906432833 0.019320175438596498
0 0.7424872076023392 0.2877713815789473 0.01160453216374269 0.020005482456140356
0 0.7337609649122806 0.2831798245614035 0.012244152046783625 0.025076754385964916
0 0.7252320906432748 0.27198876096491226 0.01206140350877193 0.011373355263157896
0 0.7198410087719298 0.26959155701754384 0.011330409356725146 0.0158936403508772
0 0.7262372076023391 0.2861705043859649 0.01644736842105263 0.020005482456140356
0 0.7201151315789474 0.2876795504385965 0.014071637426900584 0.01589638157894737
0 0.7393951023391813 0.30836896929824564 0.020467836257310024 0.021924342105263162
0 0.720297880116959 0.3076165021929825 0.018457602339181287 0.011647478070175441
0 0.7183790204678362 0.3209758771929825 0.008954678362573099 0.019457236842105267
0 0.7376589912280701 0.3261842105263158 0.012975146198830409 0.020553728070175442
0 0.7488980263157895 0.32118146929824565 0.010599415204678445 0.008908991228070175
0 0.7430500730994152 0.33330866228070183 0.01845760233918137 0.019457236842105267
0 0.7005610380116959 0.2669202302631579 0.010051169590643274 0.016307565789473687
0 0.7081907894736842 0.2645216557017544 0.011421783625730994 0.015622258771929827
0 0.6999524853801169 0.28882127192982454 0.013888888888888888 0.02247258771929822
0 0.6950182748538012 0.2955345394736842 0.02284356725146199 0.025762061403508778
0 0.6922313596491229 0.3019078947368421 0.019097222222222224 0.02151315789473685
0 0.6897185672514619 0.28238075657894735 0.019554093567251463 0.014799890350877164
0 0.6793932748538011 0.26470394736842107 0.013157894736842105 0.01890899122807018
0 0.683687865497076 0.27402138157894734 0.016264619883040937 0.0167160087719298
0 0.6756469298245614 0.29820723684210526 0.015716374269005847 0.01959429824561404
0 0.6713523391812866 0.30012609649122807 0.015350877192982455 0.022609649122807024
0 0.6657785087719298 0.30293448464912276 0.017726608187134504 0.022469846491228077
0 0.6581030701754386 0.26538925438596495 0.01699561403508772 0.01534539473684211
0 0.6710325292397661 0.27511787280701755 0.009777046783625731 0.0167160087719298
0 0.6590624999999999 0.27443256578947367 0.0201937134502924 0.021650219298245586
0 0.6593366228070175 0.28183251096491224 0.014163011695906433 0.019734100877192955
0 0.6470010964912281 0.27559758771929826 0.012883771929824562 0.021239035087719273
0 0.6424323830409358 0.26182702850877193 0.01160453216374269 0.011510416666666669
0 0.6587426900584795 0.3025233004385965 0.019371345029239765 0.023840460526315797
0 0.6538084795321637 0.30745614035087715 0.02448830409356725 0.024391447368421058
0 0.5844718567251462 0.2530345394736842 0.01069078947368421 0.014385964912280676
0 0.590045687134503 0.2650246710526316 0.011056286549707603 0.022198464912280676
0 0.6029751461988304 0.25447368421052635 0.018457602339181287 0.014523026315789448
0 0.6260471491228071 0.26940926535087717 0.01160453216374269 0.017815241228070176
0 0.6318037280701755 0.26858689692982457 0.010325292397660819 0.01644462719298246
0 0.6415350877192982 0.2716008771929824 0.01663011695906433 0.01753837719298246
0 0.6280116959064328 0.28235882675438595 0.011513157894736841 0.012743969298245617
0 0.6139400584795323 0.25721354166666666 0.026498538011695907 0.01233278508771927
0 0.6083205409356726 0.26673656798245615 0.015625 0.017404057017543863
0 0.5924671052631578 0.273656798245614 0.02101608187134503 0.01836074561403509
0 0.609279970760234 0.27386239035087717 0.010782163742690058 0.024254385964912285
0 0.6166812865497076 0.2783155153508772 0.011878654970760233 0.03535361842105264
0 0.6083662280701755 0.29133223684210524 0.014802631578947368 0.0202796052631579
0 0.6027010233918129 0.2972944078947368 0.013888888888888888 0.022609649122807024
0 0.5896345029239767 0.2972258771929825 0.010416666666666666 0.019183114035087726
0 0.5933808479532163 0.2837280701754386 0.0222953216374269 0.019320175438596498
0 0.6124323830409356 0.3053782894736842 0.014894005847953216 0.01959429824561404
0 0.6042543859649122 0.32764391447368424 0.013523391812865496 0.027129934210526323
0 0.6166812865497077 0.32641173245614036 0.017726608187134504 0.024665570175438602
0 0.583421052631579 0.26749177631578946 0.010782163742690058 0.01973135964912278
0 0.5746491228070175 0.268312774122807 0.011878654970760233 0.023292214912280677
0 0.568298611111111 0.2505674342105263 0.012335526315789474 0.019046052631578922
0 0.5485179093567252 0.2749972587719298 0.01827485380116959 0.017472587719298216
0 0.5611960891812866 0.2651658442982456 0.011193347953216375 0.02356633771929822
0 0.5659475511695906 0.27530564692982457 0.013751827485380117 0.02192160087719296
0 0.5723437499999999 0.3044010416666667 0.013660453216374269 0.024388706140350883
0 0.5363961988304093 0.2642516447368421 0.013157894736842105 0.01753837719298246
0 0.5266191520467836 0.2768242872807018 0.015990497076023392 0.019388706140350882
0 0.5521582602339181 0.30950520833333334 0.014163011695906433 0.026104714912280707
0 0.511906067251462 0.24786458333333333 0.015899122807017545 0.017675438596491233
0 0.5168402777777777 0.25540021929824563 0.02010233918128655 0.016304824561403513
0 0.5208150584795321 0.2601959978070175 0.020376461988304093 0.014936951754385967
0 0.523327850877193 0.26752741228070176 0.014619883040935672 0.013700657894736816
0 0.5110836988304094 0.27259731359649125 0.015533625730994151 0.01671875
0 0.5089820906432748 0.27725603070175436 0.021198830409356724 0.012878289473684216
0 0.5158351608187134 0.29123218201754386 0.02905701754385965 0.01507401315789474
0 0.510078581871345 0.29609786184210524 0.025219298245614034 0.014936951754385967
0 0.533561769005848 0.3061691337719299 0.016812865497076022 0.014251644736842107
0 0.5236019736842106 0.31185581140350876 0.019371345029239765 0.016578947368421058
0 0.5082054093567251 0.3119243421052632 0.012701023391812866 0.021924342105263162
0 0.5188505116959065 0.3295997807017544 0.016812865497076022 0.026584429824561346
0 0.531186038011696 0.32199561403508775 0.017361111111111112 0.016578947368421058
0 0.5406889619883042 0.31939144736842107 0.009685672514619883 0.02452850877192983
0 0.4945760233918129 0.26393640350877196 0.01023391812865497 0.019046052631578953
0 0.5022514619883042 0.258796600877193 0.010964912280701754 0.02110197368421053
0 0.4898702485380117 0.2766790021929824 0.018731725146198832 0.010002741228070147
0 0.4935709064327486 0.3272409539473684 0.01608187134502924 0.02342927631578948
0 0.5032565789473684 0.3296381578947368 0.019005847953216373 0.01973135964912281
0 0.5080537280701755 0.34957648026315785 0.01781798245614035 0.0247998903508772
0 0.5189272660818715 0.3501932565789474 0.011421783625730994 0.0282264254385965
0 0.489093567251462 0.3490282346491228 0.02101608187134503 0.028637609649122816
0 0.47223501461988304 0.3469723135964912 0.029513888888888888 0.017678179824561407
0 0.4681231725146199 0.28058388157894737 0.011056286549707603 0.019457236842105236
0 0.4766063596491228 0.2931674890350877 0.01663011695906433 0.019597039473684214
0 0.4840990497076023 0.29810032894736843 0.01516812865497076 0.02151315789473685
0 0.4570065789473684 0.2671326754385965 0.019279970760233918 0.011918859649122811
0 0.4571436403508771 0.27624451754385965 0.021929824561403508 0.01671600877192983
0 0.43809210526315784 0.26953125 0.023483187134502925 0.018634868421052636
0 0.4429349415204678 0.2735046600877193 0.026224415204678362 0.012058662280701756
0 0.43324926900584787 0.2863843201754386 0.013980263157894737 0.01671600877192983
0 0.4266703216374269 0.28775493421052634 0.013249269005847953 0.016990131578947375
0 0.4240661549707602 0.29549753289473685 0.009502923976608187 0.02754111842105264
0 0.42740131578947366 0.32858826754385967 0.01617324561403509 0.029051535087719304
0 0.4356706871345029 0.32934210526315794 0.0133406432748538 0.02672149122807018
0 0.4454934210526315 0.33338541666666666 0.01069078947368421 0.0202796052631579
0 0.45412828947368417 0.33653645833333334 0.021747076023391813 0.026581688596491234
0 0.4567324561403508 0.29234649122807016 0.013797514619883041 0.02178728070175439
0 0.4499707602339181 0.3137212171052632 0.015807748538011698 0.02205866228070176
0 0.45061038011695903 0.32228481359649125 0.013614766081871345 0.016170504385964915
0 0.46276315789473677 0.3007798793859649 0.013797514619883041 0.02226699561403503
0 0.4631286549707602 0.31527001096491225 0.013157894736842105 0.01589638157894737
0 0.39980628654970757 0.26944764254385967 0.018914473684210526 0.017541118421052635
0 0.3840442251461988 0.26903645833333334 0.013888888888888888 0.017541118421052635
0 0.40373538011695903 0.2828769188596491 0.023300438596491228 0.010962171052631581
0 0.34968750000000004 0.29219298245614034 0.0133406432748538 0.02110197368421053
0 0.33684941520467837 0.30712856359649127 0.016355994152046784 0.03206414473684211
0 0.3236915204678363 0.303703399122807 0.015259502923976608 0.016990131578947375
0 0.38134868421052626 0.31946271929824566 0.009959795321637427 0.017264254385964916
0 0.37719115497076017 0.3362472587719298 0.023940058479532123 0.0184978070175438
0 0.3936385233918128 0.33316474780701755 0.012792397660818713 0.016170504385964915
0 0.39126279239766076 0.2897272478070176 0.026133040935672515 0.01726699561403509
0 0.39861842105263157 0.2954824561403509 0.023483187134502925 0.01808662280701755
0 0.4038267543859649 0.3017859100877193 0.015625 0.023292214912280708
0 0.41369517543859646 0.27074972587719304 0.023483187134502925 0.010276864035087721
0 0.41387792397660816 0.2935649671052632 0.01343201754385965 0.027129934210526323
0 0.40798428362573097 0.2780797697368421 0.016812865497076022 0.008495065789473687
0 0.11713633040935673 0.6720504385964912 0.02448830409356725 0.0361732456140351
0 0.29714181286549707 0.6112116228070176 0.03216374269005848 0.028503289473684214
0 0.3682291666666666 0.6325877192982455 0.01644736842105259 0.021924342105263162
0 0.7664985380116959 0.6675890899122807 0.03179824561403509 0.02575932017543854
0 0.6959576023391814 0.6453919956140352 0.03326023391812866 0.020827850877192987
0 0.7204459064327485 0.6708785635964912 0.014985380116959063 0.030145285087719242
0 0.6314473684210526 0.6051069078947369 0.027777777777777776 0.02247258771929825
0 0.9810434941520468 0.6840323464912281 0.03179824561403509 0.025762061403508778
0 0.8559813596491228 0.8960444078947368 0.027777777777777776 0.07563596491228072
