0 0.40937500000000004 0.5409999999999999 0.02975 0.028666666666666667
0 0.821875 0.5436666666666666 0.02175 0.034
0 0.644375 0.6525000000000001 0.01875 0.03966666666666667
0 0.37862500000000004 0.5645 0.02175 0.023
0 0.528125 0.6508333333333334 0.03025 0.021666666666666667
0 0.61325 0.625 0.026 0.026
0 0.667625 0.5381666666666667 0.02525 0.036333333333333336
0 0.530875 0.6386666666666667 0.02775 0.022
0 0.6302500000000001 0.6668333333333333 0.0175 0.03833333333333333
0 0.622625 0.5533333333333333 0.02875 0.03
0 0.59225 0.6465000000000001 0.0115 0.043666666666666666
0 0.6074999999999999 0.6441666666666667 0.019 0.035666666666666666
0 0.5805 0.6275000000000001 0.016 0.04566666666666667
0 0.651875 0.5478333333333333 0.02775 0.021
0 0.603125 0.6728333333333333 0.01625 0.037
0 0.794125 0.3953333333333333 0.01675 0.021333333333333333
0 0.39581249999999996 0.5601666666666667 0.029125 0.023666666666666666
0 0.8245 0.393 0.0115 0.025333333333333333
0 0.617125 0.6578333333333334 0.01475 0.04033333333333333
0 0.554875 0.6333333333333334 0.01825 0.03333333333333333
0 0.626625 0.6378333333333334 0.01475 0.04766666666666667
0 0.55025 0.6585000000000001 0.0175 0.027666666666666666
0 0.5694999999999999 0.6503333333333333 0.013 0.048
0 0.559375 0.6398333333333334 0.01175 0.03766666666666667
0 0.568125 0.5743333333333334 0.01675 0.03933333333333333
0 0.5824999999999999 0.664 0.015 0.04066666666666666
0 0.7867500000000001 0.37 0.014 0.017333333333333333
0 0.57075 0.6214999999999999 0.0125 0.011
0 0.5616675 0.66888 0.01175 0.019493333333333338
0 0.68218875 0.53937 0.030622499999999945 0.02932666666666667
0 0.40743875 0.5493666666666667 0.039622500000000005 0.021326666666666674
0 0.7181675000000001 0.37015833333333337 0.032 0.029323333333333344
