0 0.0537280701754386 0.6702302631578948 0.015350877192982455 0.03289473684210526
0 0.2828033625730994 0.6537828947368421 0.019919590643274854 0.015350877192982455
0 0.7248720760233918 0.6584429824561404 0.012244152046783625 0.01918859649122807
0 0.14473684210526316 0.6118421052631579 0.00804093567251462 0.027960526315789474
0 0.24533991228070173 0.6407620614035088 0.010782163742690058 0.02055921052631579
0 0.8559941520467836 0.5910087719298246 0.021564327485380116 0.025219298245614034
0 0.12527412280701755 0.6215734649122807 0.00932017543859649 0.02055921052631579
0 0.09420687134502924 0.7001096491228069 0.012609649122807017 0.027960526315789474
0 0.13422880116959063 0.649671052631579 0.01114766081871345 0.02631578947368421
0 0.5514437134502923 0.6875 0.019554093567251463 0.023026315789473683
0 0.32730263157894735 0.6891447368421052 0.02266081871345029 0.029605263157894735
0 0.5446820175438597 0.7044956140350876 0.02320906432748538 0.01425438596491228
0 0.10946637426900584 0.609375 0.01425438596491228 0.029605263157894735
0 0.652046783625731 0.5989583333333333 0.020833333333333332 0.019736842105263157
0 0.7581323099415205 0.5707236842105262 0.014071637426900584 0.027412280701754384
0 0.5013706140350878 0.6048519736842105 0.014802631578947368 0.021107456140350877
0 0.3446637426900585 0.5831962719298246 0.01644736842105263 0.023848684210526317
0 0.2900219298245614 0.4887609649122807 0.007675438596491228 0.01644736842105263
0 0.10846125730994152 0.6964089912280702 0.017361111111111112 0.031524122807017545
0 0.8718932748538012 0.5908717105263158 0.017909356725146198 0.02275219298245614
0 0.1957236842105263 0.5794956140350878 0.010964912280701754 0.023026315789473683
0 0.7970577485380117 0.6602247807017544 0.009685672514619883 0.019462719298245616
0 0.5767543859649122 0.6861293859649122 0.023757309941520467 0.027960526315789474
0 0.915844298245614 0.6196546052631579 0.014071637426900584 0.02987938596491228
0 0.8175255847953216 0.6529605263157895 0.02138157894736842 0.021929824561403508
0 0.3682383040935672 0.5916940789473685 0.009868421052631578 0.02549342105263158
0 0.11613669590643275 0.6392543859649122 0.016264619883040937 0.014802631578947368
0 0.37947733918128657 0.6758497807017544 0.011513157894736841 0.03262061403508772
0 0.37436038011695905 0.6905153508771931 0.014071637426900584 0.02631578947368421
0 0.628015350877193 0.6273300438596491 0.013706140350877192 0.021107456140350877
0 0.5523574561403509 0.6101973684210527 0.01114766081871345 0.0268640350877193
0 0.18603801169590645 0.5803179824561404 0.012426900584795321 0.01864035087719298
0 0.7985197368421052 0.6263706140350878 0.014071637426900584 0.023026315789473683
0 0.2578581871345029 0.6800986842105263 0.020833333333333332 0.030153508771929825
0 0.23419225146198833 0.5963541666666667 0.014437134502923976 0.017269736842105265
0 0.9346673976608187 0.6217105263157895 0.023940058479532164 0.018092105263157895
0 0.14190423976608188 0.6525493421052632 0.011878654970760233 0.02987938596491228
0 0.6439144736842106 0.4569627192982456 0.018457602339181287 0.014802631578947368
0 0.6005116959064327 0.6699561403508771 0.012792397660818713 0.027960526315789474
0 0.3794773391812865 0.5712719298245614 0.010051169590643274 0.02412280701754386
0 0.25219298245614036 0.6092379385964912 0.015716374269005847 0.01836622807017544
0 0.24077119883040937 0.6643366228070176 0.012244152046783625 0.032072368421052634
0 0.8833150584795322 0.6148574561403509 0.017361111111111112 0.023574561403508772
0 0.5109649122807017 0.6392543859649124 0.008771929824561403 0.02631578947368421
0 0.3582785087719298 0.670093201754386 0.01918859649122807 0.019462719298245616
0 0.2879203216374269 0.6369243421052632 0.017361111111111112 0.01836622807017544
0 0.8627558479532164 0.6487116228070176 0.012426900584795321 0.028782894736842105
0 0.24433479532163743 0.7730263157894738 0.02046783625730994 0.03453947368421053
0 0.8315058479532164 0.6929824561403508 0.02448830409356725 0.013706140350877192
0 0.6146747076023391 0.5970394736842105 0.012975146198830409 0.022478070175438597
0 0.5031067251461988 0.7158717105263157 0.017909356725146198 0.02768640350877193
0 0.7706505847953216 0.5804550438596491 0.012792397660818713 0.021655701754385966
0 0.2669042397660819 0.6188322368421053 0.012975146198830409 0.024945175438596492
0 0.5922880116959065 0.6504084429824561 0.010964912280701754 0.03416118421052629
0 0.7230445906432748 0.640625 0.020285087719298246 0.01699561403508772
0 0.4695038377192982 0.6936211622807018 0.014300073099415205 0.031036184210526386
0 0.2138157894736842 0.6700932017543859 0.019005847953216373 0.02055921052631579
0 0.3788377192982456 0.6014254385964912 0.012426900584795321 0.018092105263157895
0 0.34649122807017546 0.6043037280701754 0.01644736842105263 0.0200109649122807
0 0.6769005847953216 0.676672149122807 0.01206140350877193 0.024396929824561403
0 0.31898757309941517 0.5752467105263158 0.010416666666666666 0.023300438596491228
0 0.48419225146198835 0.6515899122807017 0.009685672514619883 0.03125
0 0.6693466739766082 0.6031551535087719 0.017786915204678348 0.01881030701754383
0 0.6901498538011696 0.6269010416666667 0.008954678362573099 0.02408717105263155
0 0.5936586257309941 0.5822368421052632 0.014437134502923976 0.017543859649122806
0 0.20248538011695907 0.5955907346491228 0.01608187134502924 0.014958881578947413
0 0.7570358187134503 0.4427083333333333 0.01516812865497076 0.01864035087719298
0 0.6495796783625731 0.6351425438596491 0.011513157894736841 0.03179824561403509
0 0.7919407894736842 0.689281798245614 0.017361111111111112 0.02768640350877193
0 0.48812134502923976 0.7224506578947368 0.019097222222222224 0.02768640350877193
0 0.9258954678362573 0.5723684210526315 0.01882309941520468 0.014802631578947368
0 0.5422149122807017 0.6217105263157894 0.013523391812865496 0.019736842105263157
0 0.3855994152046784 0.6711896929824561 0.009137426900584795 0.033717105263157895
0 0.6205226608187134 0.6181469298245614 0.011878654970760233 0.01918859649122807
0 0.2435124269005848 0.5819627192982456 0.019919590643274854 0.013157894736842105
0 0.9347587719298246 0.5682565789473684 0.0222953216374269 0.019736842105263157
0 0.7430555555555555 0.7149122807017544 0.027777777777777776 0.025767543859649123
0 0.8519736842105263 0.5566063596491228 0.021198830409356724 0.02055921052631579
0 0.25603070175438597 0.6513157894736843 0.013523391812865496 0.018092105263157895
0 0.47953216374269003 0.6258223684210527 0.021564327485380116 0.01918859649122807
0 0.26169590643274854 0.5753837719298245 0.015716374269005847 0.02138157894736842
0 0.14510233918128654 0.5875822368421052 0.015716374269005847 0.02055921052631579
0 0.29294590643274854 0.6959978070175439 0.013888888888888888 0.03508771929824561
0 0.704312865497076 0.6117050438596491 0.012792397660818713 0.021107456140350877
0 0.49515716374269003 0.6248629385964912 0.007492690058479532 0.023848684210526317
0 0.9024122807017544 0.618421052631579 0.017909356725146198 0.01699561403508772
0 0.4135142543859649 0.7047930372807018 0.017635233918128657 0.04335800438596493
0 0.4938779239766082 0.6492598684210525 0.01114766081871345 0.028782894736842105
0 0.26809210526315785 0.6986019736842105 0.017909356725146198 0.02823464912280702
0 0.1335891812865497 0.6292489035087719 0.017543859649122806 0.014528508771929825
0 0.7272478070175439 0.6814692982456141 0.015533625730994151 0.0268640350877193
0 0.25840643274853803 0.6382949561403508 0.017178362573099414 0.01343201754385965
0 0.2532894736842105 0.5733278508771931 0.010599415204678362 0.019462719298245616
0 0.49259868421052627 0.6015625 0.013706140350877192 0.023848684210526317
0 0.8944627192982456 0.6448739035087719 0.01882309941520468 0.029331140350877194
0 0.29906798245614036 0.5863486842105263 0.014802631578947368 0.022478070175438597
0 0.5079495614035088 0.6138980263157894 0.011513157894736841 0.02768640350877193
0 0.254203216374269 0.7731633771929824 0.02046783625730994 0.03262061403508772
0 0.1335891812865497 0.6196546052631579 0.013523391812865496 0.01617324561403509
0 0.45111476608187134 0.6745079495614036 0.016264619883040937 0.033774671052631586
0 0.1288377192982456 0.5948464912280702 0.01023391812865497 0.022478070175438597
0 0.8343384502923976 0.6452850877192983 0.013706140350877192 0.023026315789473683
0 0.3189875730994152 0.6043037280701754 0.01114766081871345 0.029331140350877194
0 0.6798245614035088 0.7024396929824561 0.017178362573099414 0.02987938596491228
0 0.25146198830409355 0.5945723684210527 0.019736842105263157 0.02138157894736842
0 0.21207967836257308 0.5763322368421052 0.00712719298245614 0.021677631578947348
0 0.2799707602339181 0.5734649122807017 0.01023391812865497 0.021929824561403508
0 0.4697551169590643 0.6399396929824562 0.011513157894736841 0.026589912280701754
0 0.21555190058479531 0.6533717105263157 0.014071637426900584 0.02768640350877193
0 0.748172514619883 0.6949013157894737 0.013523391812865496 0.03344298245614035
0 0.39382309941520466 0.5701754385964912 0.010599415204678362 0.020285087719298246
0 0.2305372807017544 0.6530975877192983 0.01882309941520468 0.01617324561403509
0 0.5210160818713451 0.6163651315789473 0.01023391812865497 0.024396929824561403
0 0.42781432748538006 0.7195723684210527 0.017543859649122806 0.029605263157894735
0 0.35974049707602335 0.5990953947368421 0.010416666666666666 0.02275219298245614
0 0.3796600877192982 0.5904605263157895 0.017726608187134504 0.013706140350877192
0 0.39204130116959063 0.676592653508772 0.018914473684210526 0.04507127192982458
0 0.4757858187134503 0.6465186403508771 0.009685672514619883 0.02987938596491228
0 0.31798245614035087 0.5709978070175439 0.008406432748538011 0.018092105263157895
0 0.05431469298245614 0.6526110197368421 0.02421052631578947 0.024065241228070165
0 0.06942708333333333 0.6526110197368421 0.019362207602339178 0.03074287280701757
0 0.06861202485380116 0.6327686403508772 0.013883406432748543 0.02110197368421053
0 0.08039473684210527 0.6274246162280702 0.01735380116959064 0.02411458333333328
0 0.08372898391812865 0.6209155701754386 0.015071271929824557 0.02233552631578948
0 0.07912097953216374 0.6958771929824562 0.018815789473684206 0.019046052631578953
0 0.08464729532163742 0.684640899122807 0.02566520467836256 0.014934210526315795
0 0.08629020467836257 0.6997135416666667 0.006849415204678366 0.02699287280701749
0 0.12589729532163743 0.6899876644736843 0.026304824561403498 0.023977521929824507
0 0.10908717105263158 0.7176027960526316 0.01351790935672513 0.03206414473684217
0 0.11840369152046783 0.7140405701754386 0.018996710526315796 0.03452850877192983
0 0.12671509502923978 0.7229468201754387 0.020458698830409364 0.020827850877192987
0 0.10306469298245616 0.6016461074561403 0.019729532163742697 0.02795230263157889
0 0.11740405701754386 0.6093873355263157 0.011507675438596475 0.023703399122807087
0 0.1231578947368421 0.609046052631579 0.014247076023391798 0.016441885964912285
0 0.1221080043859649 0.59 0.01178179824561402 0.020005482456140356
0 0.1166282894736842 0.624671052631579 0.009956140350877175 0.015619517543859655
0 0.13599141081871347 0.6076809210526316 0.012147295321637433 0.020827850877192987
0 0.1401014254385965 0.5947998903508772 0.012330043859649129 0.01808662280701755
0 0.14618238304093567 0.5745148026315791 0.02484283625730993 0.01973135964912281
0 0.15408260233918128 0.5806825657894737 0.01068713450292398 0.019457236842105267
0 0.16330683479532165 0.581983278508772 0.010868055555555561 0.023703399122806963
0 0.1525767543859649 0.604391447368421 0.009133771929824565 0.023843201754385968
0 0.1624406067251462 0.6091173245614036 0.012786915204678367 0.020416666666666673
0 0.1573373538011696 0.5958511513157895 0.0069407894736842135 0.011510416666666606
0 0.16471308479532162 0.6022574013157895 0.010456871345029223 0.017332785087719304
0 0.15627741228070177 0.6193270285087719 0.017262426900584802 0.011236293859649188
0 0.15271472953216375 0.6285060307017545 0.01981907894736843 0.017264254385964916
0 0.125812317251462 0.6470764802631579 0.01132492690058478 0.027266995614035033
0 0.1558689692982456 0.6371463815789474 0.014797149122807022 0.0202796052631579
0 0.15436220760233918 0.6505742872807018 0.018907163742690046 0.01452576754385959
0 0.16641812865497077 0.6400918311403508 0.02402046783625732 0.014662828947368485
0 0.15297240497076026 0.6591241776315789 0.01711805555555555 0.018182565789473665
0 0.16030519005847954 0.6576631030701754 0.01607456140350876 0.02781524122807012
0 0.16809119152046784 0.6587609649122806 0.01566337719298244 0.03219846491228071
0 0.1785562865497076 0.6627700109649123 0.011005116959064311 0.0322669956140351
0 0.16322459795321637 0.6829893092105264 0.010685307017543865 0.024251644736842173
0 0.16957693713450292 0.5882209429824562 0.010776681286549692 0.016441885964912285
0 0.17295595760233917 0.5706825657894736 0.009862938596491233 0.019183114035087788
0 0.1675219298245614 0.56328125 0.01963815789473683 0.018086622807017613
0 0.18090186403508773 0.5626658442982456 0.010776681286549713 0.016033442982456143
0 0.18889437134502923 0.5652001096491228 0.022558479532163733 0.02082785087719305
0 0.18059301900584798 0.5881757127192982 0.012421418128654976 0.009043311403508713
0 0.1752732090643275 0.5899232456140351 0.016485745614035093 0.022401315789473755
0 0.17769279970760235 0.59828125 0.016577119883040944 0.012949561403508838
0 0.17324013157894738 0.6102069627192983 0.00895102339181287 0.016784539473684214
0 0.17837719298245613 0.6109950657894737 0.008084795321637429 0.014797149122807022
0 0.18717379385964913 0.6144572368421052 0.010685307017543865 0.026239035087719367
0 0.18153326023391814 0.6315200109649123 0.012196637426900586 0.03035910087719298
0 0.17084155701754386 0.6229920504385965 0.018587353801169597 0.01493695175438603
0 0.1702485380116959 0.6313500548245614 0.01374634502923977 0.012058662280701694
0 0.19758497807017544 0.5628700657894736 0.020001827485380125 0.018360745614035154
0 0.20775584795321636 0.5631291118421052 0.014934210526315795 0.01596217105263152
0 0.2052439692982456 0.5801535087719298 0.010275950292397664 0.02151315789473685
0 0.21764254385964912 0.582140899122807 0.009499269005847957 0.02096491228070176
0 0.22233004385964913 0.5622354714912281 0.013563596491228075 0.020485197368421058
0 0.2079751461988304 0.5515734649122807 0.018336988304093593 0.010723684210526349
0 0.20974141081871345 0.5996875 0.007856359649122808 0.019183114035087726
0 0.19195358187134504 0.5980098684210526 0.011736111111111116 0.016650219298245554
0 0.19542397660818714 0.6168530701754386 0.008629385964912285 0.025148026315789537
0 0.2021811038011696 0.6131551535087719 0.00963633040935673 0.022264254385964983
0 0.20709064327485383 0.6210690789473685 0.015434941520467843 0.020553728070175442
0 0.20576571637426902 0.6078125 0.009499269005847957 0.011578947368421117
0 0.2126845760233918 0.6244599780701754 0.014842836257309946 0.02103070175438591
0 0.21435672514619883 0.6080139802631579 0.01023026315789474 0.006510416666666667
0 0.21771381578947369 0.5977713815789473 0.011644736842105268 0.015208333333333338
0 0.22104714912280704 0.6036636513157894 0.010730994152046789 0.007124451754385905
0 0.22310215643274856 0.6137006578947368 0.018404605263157903 0.01390899122807024
0 0.22472861842105266 0.5975274122807017 0.012512792397660824 0.023771929824561347
0 0.23132858187134503 0.58046875 0.013198099415204683 0.023634868421052578
0 0.22308388157894737 0.573922697368421 0.005846125730994154 0.017675438596491233
0 0.23471034356725148 0.5557620614035088 0.024066154970760242 0.018771929824561346
0 0.23715369152046784 0.5716913377192983 0.019088084795321647 0.01240131578947375
0 0.24140076754385967 0.5586746162280701 0.018813961988304102 0.011439144736842047
0 0.22909265350877195 0.5639501096491228 0.0078088450292397695 0.009111842105263099
0 0.24064692982456143 0.5679920504385966 0.016304824561403513 0.01431743421052632
0 0.2445997807017544 0.5937253289473684 0.009864766081871349 0.015619517543859655
0 0.2395230263157895 0.6067859100877193 0.01872441520467837 0.01356633771929831
0 0.18804184941520466 0.6446148574561403 0.012969663742690063 0.029459978070175384
0 0.18954861111111113 0.6503714364035088 0.0097733918128655 0.030282346491228015
0 0.19616959064327485 0.6448889802631579 0.01607456140350878 0.024799890350877138
0 0.19676352339181286 0.6344764254385964 0.006483918128654974 0.01466008771929825
0 0.19192342836257312 0.6281044407894737 0.0064857456140350895 0.006850328947368486
0 0.21197094298245617 0.6373533442982455 0.019179459064327494 0.014662828947368362
0 0.19817891081871344 0.661811951754386 0.01315241228070176 0.025487938596491233
0 0.20653691520467837 0.6542763157894738 0.011052631578947371 0.03452850877192983
0 0.22431743421052633 0.631998355263158 0.01223866959064328 0.02665021929824556
0 0.23196911549707605 0.6195984100877192 0.01538925438596492 0.013906250000000005
0 0.2376781798245614 0.6299780701754386 0.011098318713450296 0.02247258771929825
0 0.22929733187134504 0.6367256030701754 0.011964546783625737 0.021581688596491233
0 0.2249122807017544 0.6526932565789474 0.019820906432748545 0.0163733552631579
0 0.22326114766081873 0.6746970942982455 0.01050255847953217 0.02164747807017551
0 0.23230354532163744 0.6704509320175438 0.011050804093567257 0.03261239035087714
0 0.24892635233918128 0.6662719298245614 0.014705774853801134 0.03685855263157896
0 0.2566904239766082 0.6684649122807018 0.017079678362573066 0.02096491228070176
0 0.22078855994152047 0.6984786184210526 0.015254020467836263 0.035487938596491235
0 0.20909722222222224 0.7043708881578948 0.009042397660818716 0.027815241228070244
0 0.2014720394736842 0.7041639254385965 0.012969663742690063 0.035350877192982466
0 0.24459612573099418 0.7388500548245615 0.028315058479532175 0.01425164473684217
0 0.23578216374269007 0.749469572368421 0.022923976608187145 0.025896381578947438
0 0.2645413011695906 0.5992913925438597 0.009407894736842108 0.02699287280701749
0 0.25643366228070175 0.6211458333333333 0.014661915204678366 0.019457236842105267
0 0.24404879385964914 0.6299588815789473 0.014705774853801175 0.030624999999999944
0 0.25938230994152045 0.5576260964912281 0.013881578947368427 0.015756578947368427
0 0.26842470760233916 0.5611211622807017 0.009499269005847957 0.018634868421052636
0 0.27541209795321636 0.5599547697368421 0.013974780701754392 0.029459978070175384
0 0.2752750365497076 0.5816735197368421 0.012055921052631584 0.019728618421052578
0 0.28322094298245615 0.5572834429824561 0.010776681286549713 0.011507675438596496
0 0.27148391812865497 0.6005975877192982 0.006714181286549709 0.024802631578947375
0 0.27746619152046786 0.6037828947368421 0.009910453216374272 0.026513157894736912
0 0.28233004385964916 0.6078947368421053 0.018084795321637433 0.02856907894736849
0 0.2810352704678363 0.6233360745614035 0.010593932748538017 0.02247258771929825
0 0.2898958333333333 0.6181291118421052 0.008220029239766086 0.02164747807017551
0 0.2734082602339181 0.6247066885964913 0.008128654970760237 0.012604166666666672
0 0.2706387061403509 0.6368818530701755 0.018996710526315796 0.016099232456140356
0 0.27940698099415207 0.6295847039473683 0.0037445175438596506 0.007398574561403449
0 0.2700301535087719 0.6478728070175438 0.020367324561403475 0.014797149122807022
0 0.2685590277777778 0.6617256030701755 0.010641447368421056 0.027678179824561472
0 0.27954495614035085 0.6716296600877192 0.016622807017543866 0.013220942982456145
0 0.2768841374269006 0.6908415570175438 0.017079678362573066 0.02014254385964913
0 0.2818311403508772 0.6826603618421052 0.022741228070175448 0.020211074561403513
0 0.30584155701754384 0.6887856359649123 0.01452302631578948 0.017127192982456144
0 0.28187865497076026 0.6599780701754385 0.017445175438596496 0.013634868421052571
0 0.2959247076023392 0.6717297149122807 0.018585526315789483 0.01959429824561404
0 0.29156341374269007 0.6553522478070175 0.013974780701754392 0.030150767543859588
0 0.3032373903508772 0.654734100877193 0.014749634502923983 0.017949561403508778
0 0.3097012061403509 0.6736143092105263 0.020824195906432755 0.02226699561403509
0 0.3174543128654971 0.6810402960526315 0.00885964912280702 0.02959703947368428
0 0.325765716374269 0.6720641447368421 0.01598318713450293 0.03219846491228071
0 0.3087874634502924 0.6635759320175438 0.01972770467836258 0.030008223684210595
0 0.3014638157894737 0.6265638706140351 0.0097733918128655 0.027815241228070244
0 0.3105519005847953 0.6232058662280702 0.018633040935672522 0.022743969298245684
0 0.30776681286549706 0.6382099780701753 0.01817616959064328 0.014111842105263162
0 0.3187719298245614 0.629029605263158 0.007854532163742694 0.01959429824561404
0 0.32078125 0.6437595942982456 0.020824195906432755 0.021921600877193054
0 0.30246893274853803 0.6521847587719298 0.013972953216374234 0.019046052631578953
0 0.29685124269005847 0.6142996162280702 0.008220029239766044 0.02658168859649117
0 0.3061677631578947 0.6111485745614035 0.011509502923976612 0.021924342105263162
0 0.3128810307017544 0.6082716557017543 0.010685307017543865 0.02384046052631586
0 0.30027412280701754 0.5968887061403509 0.014155701754385972 0.01178179824561404
0 0.28671144005847954 0.5899698464912281 0.012421418128654934 0.02096491228070176
0 0.29018183479532167 0.5774314692982456 0.014248903508771893 0.01178179824561404
0 0.29630116959064323 0.5814747807017544 0.008585526315789477 0.01959429824561404
0 0.308859649122807 0.5846244517543859 0.009590643274853804 0.020416666666666673
0 0.31945449561403505 0.5882565789473684 0.0210983187134503 0.01808662280701755
0 0.29008680555555555 0.5623519736842105 0.011690423976608192 0.0219243421052631
0 0.2979413377192982 0.5607757675438596 0.009862938596491233 0.023157894736842047
0 0.3066639254385965 0.5526918859649123 0.013426535087719304 0.011370614035087724
0 0.3070294225146199 0.5658456688596492 0.01178179824561404 0.020962171052631585
0 0.31355994152046784 0.5668050986842106 0.010047514619883045 0.02205866228070176
0 0.3254020467836257 0.5754413377192982 0.009042397660818716 0.015208333333333338
0 0.3345824195906432 0.5798259320175438 0.012604166666666672 0.020688048245614106
0 0.32937591374269004 0.56078125 0.011507675438596496 0.018771929824561346
0 0.3386001461988304 0.5686595394736842 0.00895102339181287 0.01808662280701755
0 0.3408845029239766 0.5650274122807017 0.008585526315789477 0.015208333333333338
0 0.3309740497076023 0.5979125548245614 0.011235380116959067 0.023703399122807087
0 0.3263614766081871 0.6063390899122807 0.009499269005847957 0.02493695175438591
0 0.34385233918128655 0.5605057565789473 0.011918859649122811 0.021099232456140357
0 0.3555975877192982 0.5592680921052631 0.016622807017543866 0.022061403508771872
0 0.35313230994152045 0.5850274122807018 0.0120577485380117 0.03000548245614036
0 0.35756213450292396 0.5630372807017544 0.01470394736842106 0.018634868421052574
0 0.36998355263157895 0.5554317434210526 0.014703947368421101 0.019591557017543806
0 0.3709886695906433 0.5593366228070176 0.015252192982456189 0.015345394736842047
0 0.36655884502923974 0.5705030153508771 0.019181286549707608 0.011373355263157959
0 0.3868877923976608 0.5658470394736842 0.007763157894736845 0.020690789473684152
0 0.35976059941520466 0.5843448464912281 0.010504385964912284 0.01877192982456141
0 0.37122350146198835 0.5813980263157894 0.012604166666666713 0.012055921052631584
0 0.3926416301169591 0.5830427631578946 0.01653326023391809 0.01534539473684211
0 0.3984411549707602 0.5514597039473684 0.018998538011695914 0.013840460526315792
0 0.40296235380116957 0.5636540570175439 0.02310672514619884 0.017949561403508715
0 0.39530062134502925 0.5982565789473684 0.013061038011695954 0.0202796052631579
0 0.37264437134502926 0.6076480263157895 0.017445175438596496 0.017127192982456144
0 0.3548336988304094 0.6164172149122806 0.01470394736842106 0.0237061403508772
0 0.34410179093567256 0.6282702850877193 0.015162646198830414 0.021376096491228076
0 0.3519106359649123 0.6249122807017544 0.013609283625731 0.019320175438596498
0 0.3386668494152047 0.6218983004385964 0.014888523391812871 0.020962171052631647
0 0.33044773391812865 0.6419476425438596 0.014155701754385972 0.030370065789473676
0 0.3226845760233918 0.6532250548245614 0.008494152046783629 0.02795230263157889
0 0.3341502192982456 0.6601329495614036 0.009046052631578948 0.026554276315789445
0 0.34456140350877196 0.6664199561403509 0.014795321637426907 0.02294956140350884
0 0.33615497076023393 0.6904989035087719 0.01917397660818715 0.03865679824561403
0 0.34266538742690056 0.6907826206140351 0.01767361111111112 0.027266995614035158
0 0.3589007675438597 0.6943777412280702 0.020001827485380125 0.024320175438596436
0 0.3609000365497076 0.6880989583333333 0.021737938596491237 0.03384594298245621
0 0.3668567251461988 0.665390625 0.01790204678362574 0.025145285087719304
0 0.3387061403508772 0.6456880482456141 0.010047514619883045 0.021376096491228076
0 0.3483872441520468 0.6430838815789474 0.02192068713450289 0.016990131578947375
0 0.35258954678362575 0.6486334978070175 0.017719298245614 0.025074013157894683
0 0.35829769736842104 0.6499355811403509 0.021281067251461956 0.02411458333333328
0 0.36857182017543855 0.6157415021929824 0.01922697368421049 0.012058662280701694
0 0.37749177631578945 0.6267653508771929 0.015802266081871307 0.02247258771929825
0 0.3655720029239766 0.6261485745614035 0.017719298245614 0.01877192982456141
0 0.36886056286549707 0.6466324013157895 0.016076388888888852 0.025759320175438666
0 0.38785818713450293 0.6163527960526315 0.014795321637426907 0.009317434210526256
0 0.4038514254385965 0.5894243421052632 0.01493969298245614 0.01877192982456141
0 0.4096536915204678 0.5829139254385964 0.012198464912280702 0.022198464912280707
0 0.4148391812865497 0.5866488486842106 0.007309941520467836 0.024734100877192987
0 0.42023026315789475 0.5696230811403509 0.010416666666666666 0.015896381578947433
0 0.4204358552631579 0.5857922149122807 0.014756944444444444 0.021376096491228076
0 0.4294362207602339 0.573048245614035 0.010553728070175438 0.021924342105263162
0 0.4369517543859649 0.5767831688596491 0.010964912280701754 0.02267817982456141
0 0.44627192982456143 0.5703083881578948 0.012975146198830409 0.017815241228070176
0 0.4442845394736842 0.5855866228070175 0.01137609649122807 0.01466008771929825
0 0.43096673976608185 0.6048053728070176 0.008132309941520468 0.03226973684210533
0 0.4268548976608187 0.5952809758771929 0.014163011695906433 0.025967653508771935
0 0.3844343932748538 0.6014487390350877 0.0100968567251462 0.02281524122807018
0 0.39306926169590645 0.6065515350877193 0.013112207602339181 0.017264254385964916
0 0.4030062134502924 0.6009333881578947 0.013249269005847953 0.016444627192982397
0 0.4099278143274854 0.6012075109649122 0.011467470760233918 0.008632127192982396
0 0.4223318713450292 0.613094846491228 0.01425438596491228 0.03144736842105258
0 0.39704404239766083 0.6208086622807018 0.023620248538011698 0.019046052631578953
0 0.38297240497076024 0.639203673245614 0.015579312865497076 0.02199287280701755
0 0.397249634502924 0.6325589364035088 0.0201937134502924 0.02267817982456141
0 0.413468567251462 0.6116954495614034 0.01251827485380117 0.01425164473684217
0 0.41241776315789475 0.6235827850877192 0.014437134502923976 0.016239035087719237
0 0.4144736842105263 0.6302288925438596 0.011421783625730994 0.012535635964912285
0 0.421875 0.6284128289473684 0.006853070175438596 0.01740131578947369
0 0.4108415570175439 0.6393064692982456 0.011467470760233918 0.019046052631578953
0 0.4178316885964912 0.6403001644736841 0.013112207602339181 0.012261513157894742
0 0.3807108918128655 0.6515762061403509 0.013706140350877192 0.020827850877192987
0 0.3953993055555555 0.6445888157894736 0.021701388888888888 0.02247258771929825
0 0.39941977339181284 0.6518160635964912 0.019325657894736843 0.021581688596491233
0 0.41054459064327486 0.6571943530701754 0.02412280701754386 0.024662828947368366
0 0.4502010233918129 0.5740762061403508 0.009777046783625731 0.017264254385964916
0 0.45248538011695905 0.5885334429824561 0.012152777777777778 0.026858552631578953
0 0.46239948830409355 0.5903138706140351 0.015533625730994151 0.02850054824561398
0 0.46895559210526316 0.5914446271929824 0.017498172514619884 0.016924342105263224
0 0.4675164473684211 0.6002837171052631 0.015899122807017545 0.019662828947368427
0 0.4772478070175439 0.5983991228070175 0.015442251461988304 0.022746710526315793
0 0.4861339546783626 0.5990501644736842 0.013569078947368422 0.02226699561403509
0 0.4528508771929825 0.6067228618421052 0.00941154970760234 0.013769188596491233
0 0.44515259502923976 0.6026809210526315 0.011741593567251463 0.025827850877193054
0 0.43759137426900585 0.5999396929824561 0.008315058479532164 0.025416666666666737
0 0.4610517178362573 0.6146820175438596 0.008817616959064328 0.021239035087719304
0 0.4686924342105263 0.6148519736842105 0.007743055555555536 0.014731359649122748
0 0.4765734649122807 0.6137376644736843 0.008384502923976628 0.015243969298245525
0 0.48645376461988304 0.6237938596491227 0.011650219298245614 0.026787280701754457
0 0.48372350146198834 0.6187760416666667 0.008656798245614016 0.011203399122806988
0 0.5024214181286549 0.6447642543859649 0.008954678362573099 0.028432017543859718
0 0.5006962719298246 0.6306825657894737 0.010255847953216355 0.02589912280701755
0 0.4855052997076023 0.6102631578947368 0.006006944444444424 0.009523026315789539
0 0.4289336622807018 0.6297162828947368 0.012198464912280702 0.029734100877193054
0 0.43516995614035087 0.6418078399122806 0.008223684210526315 0.020759320175438602
0 0.4395559210526316 0.6214939692982456 0.011330409356725146 0.019320175438596498
0 0.45423245614035085 0.6212088815789474 0.009798976608187114 0.023262061403508807
0 0.446374269005848 0.6258840460526315 0.009480994152046803 0.029048793859649192
0 0.46346125730994153 0.6347587719298244 0.012174707602339161 0.02555372807017551
0 0.44203399122807013 0.6458607456140351 0.006922514619883061 0.030010964912280707
0 0.44821271929824563 0.6546669407894737 0.013614766081871345 0.028571820175438602
0 0.45433570906432746 0.6374342105263158 0.010736476608187134 0.01747258771929831
0 0.4540615862573099 0.6515090460526315 0.011558845029239767 0.03165296052631586
0 0.46406706871345027 0.6592502741228069 0.010188230994152047 0.02493695175438591
0 0.4742781432748538 0.6681907894736842 0.010599415204678362 0.028020833333333404
0 0.4313322368421053 0.6475685307017545 0.013157894736842105 0.010071271929824502
0 0.42760873538011696 0.6587376644736843 0.013112207602339181 0.025282346491228076
0 0.43274853801169594 0.6597642543859649 0.00941154970760234 0.01665021929824568
0 0.4404925073099415 0.6635663377192982 0.010188230994152047 0.024117324561403513
0 0.4026635599415205 0.6765542763157895 0.019508406432748537 0.031173245614035033
0 0.40762061403508776 0.6835087719298245 0.024396929824561403 0.02398026315789474
0 0.411641081871345 0.6924876644736843 0.015990497076023392 0.031241776315789418
0 0.43288559941520466 0.7111951754385966 0.019554093567251463 0.03672149122807018
0 0.41678088450292394 0.6633717105263157 0.01091922514619883 0.023569078947368427
0 0.42580409356725146 0.6774163925438597 0.01114766081871345 0.031104714912280645
0 0.4227202119883041 0.6861869517543859 0.009731359649122808 0.02096491228070176
0 0.43932748538011696 0.7032469846491228 0.015807748538011698 0.03699835526315784
0 0.4331597222222222 0.680671600877193 0.007401315789473684 0.027335526315789418
0 0.4429596125730994 0.6877617872807017 0.013843201754385965 0.031241776315789543
0 0.45291940789473684 0.6826932565789473 0.01667580409356725 0.029048793859649067
0 0.4512518274853801 0.7063637609649122 0.009959795321637427 0.026515899122807024
0 0.4605720029239766 0.696875 0.011421783625730994 0.038092105263157906
0 0.4709658260233918 0.7090707236842105 0.012838084795321638 0.02672149122807018
0 0.4636330409356725 0.6704975328947368 0.014071637426900584 0.02959703947368428
0 0.46319901315789475 0.7260677083333333 0.019599780701754384 0.026170504385964858
0 0.47727065058479534 0.7072957785087719 0.01320358187134503 0.0342571271929824
0 0.4843064692982456 0.7101740679824562 0.01274671052631579 0.02973410087719293
0 0.4821591739766082 0.688031798245614 0.011924342105263159 0.021239035087719304
0 0.4865908260233918 0.6785087719298245 0.01091922514619883 0.023294956140350882
0 0.4807200292397661 0.6677535635964912 0.007035818713450292 0.012881030701754451
0 0.49209612573099415 0.6717256030701754 0.011056286549707603 0.029871162280701823
0 0.4951114766081871 0.6810773026315788 0.015350877192982455 0.029117324561403455
0 0.4985608552631579 0.6923478618421053 0.016858552631578948 0.03453125000000007
0 0.5003883406432749 0.7032072368421052 0.014756944444444444 0.015279605263157959
0 0.5023528874269005 0.6667242324561402 0.01000548245614035 0.02178728070175439
0 0.5071271929824561 0.6548382675438597 0.00849780701754386 0.030213815789473755
0 0.5101653874269005 0.6815570175438597 0.00826937134502924 0.024320175438596436
0 0.5148711622807018 0.663641721491228 0.011010599415204679 0.0298711622807017
0 0.5127010233918129 0.6898464912280702 0.010873538011695907 0.027335526315789543
0 0.5218156067251463 0.7121875 0.01896016081871345 0.03158442982456147
0 0.5242141812865497 0.7024246162280702 0.01516812865497076 0.030967653508771877
0 0.5262929459064327 0.694546326754386 0.017315423976608187 0.0343941885964913
0 0.5395879020467836 0.6874890350877192 0.01493969298245614 0.024802631578947375
0 0.5329632675438597 0.681391173245614 0.015213815789473685 0.013840460526315854
0 0.5222953216374269 0.6669353070175438 0.012609649122807017 0.026310307017543864
0 0.561264619883041 0.6946066337719298 0.010873538011695907 0.03233826754385959
0 0.5723665935672514 0.693236019736842 0.015899122807017545 0.024662828947368366
0 0.5277777777777778 0.6627494517543859 0.017726608187134504 0.026310307017543864
0 0.5398620248538011 0.6664487390350877 0.013294956140350877 0.023977521929824632
0 0.5351105628654971 0.6493201754385964 0.010188230994152047 0.036584429824561414
0 0.5261330409356725 0.6427425986842106 0.009137426900584795 0.02863760964912288
0 0.5172925804093568 0.6345901864035087 0.010279605263157895 0.029597039473684156
0 0.5304504751461988 0.6310910087719298 0.012381213450292397 0.02452850877192983
0 0.544796235380117 0.640204221491228 0.011741593567251463 0.03233826754385959
0 0.5405244883040935 0.6381483004385965 0.005665204678362573 0.015211074561403574
0 0.5346993786549707 0.6232469846491228 0.010736476608187134 0.01856633771929825
0 0.5502704678362572 0.6520024671052631 0.013249269005847953 0.026652960526315793
0 0.5506816520467835 0.6698492324561403 0.013157894736842105 0.024117324561403513
0 0.5623318713450292 0.6714254385964912 0.022203947368421052 0.015208333333333338
0 0.5598647660818714 0.6534758771929824 0.01069078947368421 0.02247258771929825
0 0.56671783625731 0.6503933662280702 0.00941154970760234 0.031241776315789418
0 0.5776142178362572 0.6614925986842105 0.012472587719298246 0.031241776315789543
0 0.5562554824561403 0.6336759868421052 0.017178362573099414 0.023569078947368427
0 0.5723373538011696 0.642890625 0.012792397660818713 0.02130756578947369
0 0.5624460891812866 0.6317913925438596 0.01804641812865497 0.02007401315789474
0 0.5123958333333333 0.5932743969298246 0.020833333333333332 0.02363760964912281
0 0.5152741228070176 0.610233004385965 0.008132309941520468 0.02096491228070176
0 0.5296427266081871 0.6032442434210525 0.013660453216374269 0.024662828947368366
0 0.531515899122807 0.6080400219298245 0.014482821637426901 0.027132675438596498
0 0.5387116228070176 0.6082113486842106 0.011421783625730994 0.016647478070175442
0 0.5193174342105262 0.5861499451754386 0.013294956140350877 0.014454495614035093
0 0.5276324926900585 0.5878632127192983 0.011558845029239767 0.02500822368421053
0 0.5340551900584795 0.5846203399122807 0.011717836257309922 0.016510416666666673
0 0.5443347953216374 0.5883196271929825 0.011125730994152067 0.013700657894736847
0 0.5429148391812865 0.6018708881578947 0.0133406432748538 0.018363486842105203
0 0.5503389985380117 0.5924163925438596 0.01539656432748538 0.011099232456140416
0 0.5589738669590644 0.5956016995614035 0.008908991228070175 0.021170504385964916
0 0.5651187865497076 0.623045504385965 0.01781798245614035 0.020827850877192987
0 0.5707611476608188 0.6181483004385965 0.01640168128654971 0.014180372807017548
0 0.5639007675438596 0.5816214364035087 0.010645102339181287 0.01675164473684214
0 0.5700109649122806 0.5822217653508772 0.01637792397660817 0.022129934210526322
0 0.5705829678362573 0.5921724232456141 0.015646929824561385 0.012776864035087755
0 0.5668475877192982 0.5992996162280702 0.012013888888888848 0.011066337719298215
0 0.564140168128655 0.6088760964912281 0.015418494152046764 0.010756578947368485
0 0.574499269005848 0.6019394188596492 0.010873538011695907 0.023193530701754297
0 0.58327942251462 0.5931661184210527 0.01000548245614035 0.025076754385964916
0 0.5837362938596491 0.615638706140351 0.01631030701754386 0.021239035087719304
0 0.5870029239766081 0.6039569627192982 0.01251827485380117 0.017469846491228076
0 0.593673245614035 0.5948807565789473 0.0133406432748538 0.011510416666666606
0 0.6074022295321637 0.5901521381578948 0.015213815789473685 0.014388706140350817
0 0.6066483918128655 0.5947765899122808 0.008132309941520468 0.015139802631578953
0 0.6024223318713451 0.6039226973684211 0.010553728070175438 0.018223684210526322
0 0.5979906798245614 0.6076233552631578 0.009639985380116959 0.014934210526315795
0 0.5955464181286549 0.6170435855263159 0.014528508771929825 0.025282346491228076
0 0.5787792397660819 0.6279454495614036 0.010051169590643274 0.02487116228070176
0 0.584421600877193 0.6364747807017543 0.011924342105263159 0.025762061403508778
0 0.5877796052631579 0.637811129385965 0.00849780701754386 0.015962171052631584
0 0.5941072733918129 0.628390899122807 0.010462353801169591 0.016990131578947375
0 0.5994755116959064 0.6418188048245614 0.008132309941520468 0.01808936403508766
0 0.5840561038011696 0.6598423793859649 0.012107090643274854 0.03288651315789481
0 0.603358918128655 0.6540186403508772 0.010873538011695907 0.025076754385964916
0 0.5863176169590644 0.6855413925438597 0.01781798245614035 0.025622258771929893
0 0.5956377923976608 0.6809498355263158 0.013888888888888888 0.031515899122807084
0 0.6086056286549707 0.6045106907894736 0.005299707602339181 0.008802083333333368
0 0.613265716374269 0.6116707785087719 0.021107456140350877 0.014081688596491199
0 0.6064007675438596 0.6230605811403509 0.010392909356725126 0.013840460526315854
0 0.6069718567251462 0.6431921600877193 0.008793859649122788 0.021477521929824536
0 0.6116438230994151 0.6259292763157894 0.01228983918128655 0.032779605263157874
0 0.6023702485380117 0.6279454495614035 0.006578947368421052 0.010446820175438631
0 0.6163569078947368 0.6418530701754386 0.014756944444444444 0.02500548245614042
0 0.6238952850877193 0.6480537280701755 0.01320358187134503 0.02178728070175439
0 0.6332154605263158 0.6362006578947369 0.00872624269005848 0.02110197368421053
0 0.6412107090643274 0.618970668859649 0.014300073099415205 0.01925164473684211
0 0.6408223684210527 0.6376055372807017 0.008954678362573099 0.019662828947368427
0 0.6480180921052632 0.6469969846491229 0.023346125730994153 0.016510416666666673
0 0.6326900584795322 0.6554660087719298 0.00941154970760234 0.023848684210526317
0 0.641530519005848 0.6612870065789473 0.010279605263157895 0.01603344298245608
0 0.6497085160818713 0.6596779057017544 0.012015716374269006 0.017332785087719304
0 0.6515816885964912 0.6760855263157894 0.01758954678362573 0.017949561403508778
0 0.6109886695906432 0.6659114583333333 0.011970029239766082 0.02706414473684211
0 0.6129075292397661 0.6793064692982456 0.011513157894736841 0.023843201754385968
0 0.6222505482456141 0.6687554824561404 0.011284722222222222 0.025762061403508778
0 0.6060690789473684 0.6989350328947368 0.010508040935672515 0.029048793859649067
0 0.6174762426900584 0.6899657346491228 0.012335526315789474 0.035419407894736854
0 0.6280071271929825 0.6619435307017544 0.007447002923976608 0.01706140350877187
0 0.6325073099415204 0.6783525219298245 0.012244152046783625 0.026310307017543864
0 0.6244206871345029 0.6991461074561404 0.011239035087719298 0.03624177631578948
0 0.6384237938596492 0.6814007675438596 0.010553728070175438 0.026650219298245684
0 0.6366648391812866 0.704358552631579 0.014985380116959063 0.032406798245614106
0 0.6362536549707603 0.7248766447368421 0.01663011695906433 0.026036184210526322
0 0.6464418859649123 0.7048739035087719 0.013523391812865496 0.021924342105263162
0 0.6478810307017544 0.6914446271929825 0.010736476608187134 0.026858552631578953
0 0.6579322002923976 0.697405427631579 0.013569078947368422 0.03740953947368415
0 0.6277558479532164 0.6092379385964912 0.011513157894736841 0.01651315789473678
0 0.63703033625731 0.6097519188596491 0.017086988304093567 0.018363486842105203
0 0.6296747076023391 0.5888212719298246 0.012335526315789474 0.02856907894736849
0 0.6395888157894737 0.5901905153508772 0.01069078947368421 0.021033442982456144
0 0.6588687865497076 0.614860197368421 0.02412280701754386 0.01747258771929831
0 0.6612445175438596 0.6101672149122807 0.023391812865497075 0.014797149122807022
0 0.6571326754385965 0.6303124999999999 0.009137426900584795 0.019457236842105267
0 0.6698793859649123 0.6273314144736841 0.02147295321637427 0.018703399122807024
0 0.6665670687134503 0.6485375548245613 0.013751827485380117 0.025348135964912227
0 0.6780345394736842 0.6377467105263158 0.01850328947368421 0.014731359649122748
0 0.6822149122807017 0.6453522478070175 0.02631578947368421 0.018703399122807024
0 0.6785370979532164 0.6212691885964913 0.015213815789473685 0.017264254385964916
0 0.684453581871345 0.6343887061403508 0.01653874269005848 0.0134978070175438
0 0.6879714912280701 0.6446655701754386 0.00758406432748538 0.012264254385964977
0 0.6948474049707603 0.6405564692982456 0.01137609649122807 0.03185855263157902
0 0.6488404605263157 0.5728563596491227 0.012563961988304093 0.017746710526315854
0 0.6648538011695907 0.585701754385965 0.02448830409356725 0.014934210526315795
0 0.670062134502924 0.5930674342105263 0.015442251461988304 0.016239035087719362
0 0.667046783625731 0.5808031798245614 0.02266081871345029 0.014868421052631519
0 0.6688514254385964 0.5712458881578947 0.012655336257309942 0.012469846491228134
0 0.6776461988304093 0.5766570723684211 0.014802631578947368 0.02822642543859656
0 0.684499269005848 0.6103659539473684 0.017269736842105265 0.02438870614035082
0 0.6978399122807017 0.6225671600877193 0.01023391812865497 0.022881030701754457
0 0.7058808479532164 0.6335293311403508 0.010051169590643274 0.02630756578947363
0 0.6734429824561403 0.5617831688596492 0.023391812865497075 0.015759320175438598
0 0.6874917763157895 0.576891447368421 0.01493969298245614 0.012401315789473625
0 0.6909868421052632 0.5761362390350878 0.014985380116959063 0.01760690789473685
0 0.6934082602339181 0.5679152960526316 0.013797514619883041 0.013906249999999943
0 0.7033223684210526 0.5778166118421053 0.01206140350877193 0.027952302631579017
0 0.6943220029239766 0.5901137609649123 0.023117690058479533 0.01719572368421053
0 0.6871719663742689 0.6027206688596491 0.01411732456140351 0.01788103070175439
0 0.6929513888888889 0.6035087719298246 0.011970029239766082 0.01740131578947369
0 0.7074798976608188 0.6079317434210526 0.009868421052631578 0.016647478070175442
0 0.7135562865497076 0.6038884320175438 0.014345760233918129 0.02500822368421053
0 0.7198382675438596 0.6024492872807018 0.014300073099415205 0.02350054824561404
0 0.7174853801169591 0.5894668311403508 0.021107456140350877 0.016170504385964853
0 0.7154294590643274 0.5753536184210527 0.014619883040935672 0.01808662280701755
0 0.7235846125730995 0.5786074561403508 0.011284722222222222 0.02185307017543854
0 0.711843019005848 0.6252754934210526 0.010188230994152047 0.021033442982456144
0 0.7265771198830409 0.6216790021929824 0.012426900584795321 0.009454495614035153
0 0.7230820540935673 0.6314761513157895 0.016036184210526317 0.011921600877192923
0 0.7285645102339181 0.6317160087719298 0.01585343567251462 0.014731359649122748
0 0.7394608918128655 0.6264747807017543 0.016355994152046784 0.023569078947368427
0 0.6797478070175439 0.6666296600877193 0.011056286549707603 0.03316063596491223
0 0.6862125365497076 0.6640254934210527 0.014391447368421052 0.030145285087719242
0 0.6912838084795322 0.661047149122807 0.015762061403508772 0.015005482456140291
0 0.7014035087719298 0.6470010964912281 0.010325292397660819 0.03172149122807012
0 0.7023629385964912 0.6659443530701754 0.015259502923976608 0.014799890350877257
0 0.7107693713450293 0.6508045504385965 0.009594298245614035 0.03000822368421047
0 0.6591200657894736 0.6577234100877193 0.011741593567251463 0.031515899122807084
0 0.6688971125730994 0.666595394736842 0.01402595029239766 0.03048793859649117
0 0.66437408625731 0.693592379385965 0.011101973684210526 0.036658442982456144
0 0.6735343567251462 0.693595120614035 0.012792397660818713 0.04597313596491229
0 0.6874917763157895 0.6927713815789474 0.011650219298245614 0.02774671052631586
0 0.696218019005848 0.6796175986842106 0.008908991228070175 0.023911732456140356
0 0.6922203947368422 0.702842653508772 0.01023391812865497 0.030624999999999944
0 0.7004897660818713 0.7012678179824562 0.009502923976608187 0.03336348684210527
0 0.7058808479532163 0.6822902960526317 0.012335526315789474 0.024597039473684214
0 0.7149415204678362 0.6539939692982457 0.012244152046783625 0.01808662280701755
0 0.7132364766081871 0.672219024122807 0.013523391812865496 0.019388706140350882
0 0.7201809210526315 0.6876685855263158 0.013523391812865496 0.026855811403508716
0 0.7167772295321637 0.6965063048245614 0.009822733918128655 0.03179002192982463
0 0.710906432748538 0.7075411184210527 0.011421783625730994 0.03672149122807018
0 0.7242470760233918 0.7116858552631579 0.012701023391812866 0.03322916666666673
0 0.7329504751461988 0.7109662828947368 0.008360745614035088 0.026444627192982528
0 0.7412198464912281 0.6992845394736842 0.013569078947368422 0.031173245614035033
0 0.7336814692982456 0.6483703399122807 0.00826937134502924 0.019388706140350882
0 0.7396664839181287 0.6419311951754386 0.011010599415204679 0.019662828947368427
0 0.752984283625731 0.646875 0.018183479532163743 0.020416666666666673
0 0.749968932748538 0.6525603070175439 0.010873538011695907 0.021924342105263162
0 0.7355400219298246 0.6712883771929824 0.011558845029239767 0.025762061403508778
0 0.7424159356725146 0.6640597587719298 0.01069078947368421 0.029391447368420996
0 0.7517817982456141 0.6802631578947368 0.010782163742690058 0.035487938596491235
0 0.7464135599415204 0.6170518092105263 0.020056652046783627 0.02363760964912281
0 0.7515076754385964 0.6129742324561404 0.02010233918128655 0.024665570175438602
0 0.7569444444444444 0.6272615131578947 0.01206140350877193 0.013771929824561343
0 0.7561677631578948 0.6363719846491228 0.01800073099415205 0.020896381578947375
0 0.7672240497076024 0.6201384320175439 0.018457602339181287 0.02144462719298246
0 0.77046783625731 0.633327850877193 0.015350877192982455 0.02658442982456141
0 0.7787600511695907 0.63671875 0.009000365497076024 0.030899122807017614
0 0.768343384502924 0.6451809210526316 0.01768092105263158 0.02617324561403509
0 0.7653280336257311 0.6548410087719297 0.011650219298245614 0.016990131578947375
0 0.7895879020467836 0.6578207236842105 0.007903874269005849 0.013223684210526256
0 0.7839455409356725 0.647406798245614 0.011878654970760233 0.023634868421052578
0 0.7931286549707602 0.641514528508772 0.010782163742690058 0.016510416666666673
0 0.8009402412280702 0.6410005482456141 0.01224232456140347 0.019457236842105267
0 0.7891995614035088 0.6288390899122807 0.01251827485380117 0.021170504385964916
0 0.7838313230994153 0.6223656798245614 0.009731359649122808 0.021650219298245617
0 0.757719298245614 0.6678234649122807 0.01069078947368421 0.025487938596491233
0 0.770283260233918 0.672483552631579 0.012975146198830409 0.025762061403508778
0 0.7642315423976609 0.6031770833333333 0.026726973684210526 0.023843201754385968
0 0.7613075657894737 0.6834553179824561 0.013934576023391813 0.036515899122807026
0 0.7645285087719298 0.6943832236842105 0.012701023391812866 0.025487938596491233
0 0.7714501096491229 0.7006181469298246 0.018320540935672515 0.031515899122807084
0 0.7760416666666666 0.6665282346491228 0.013157894736842105 0.02281524122807018
0 0.7850648757309941 0.693188048245614 0.017498172514619884 0.03281798245614042
0 0.7973775584795322 0.6790049342105263 0.014345760233918129 0.03199561403508767
0 0.7848135964912281 0.6680427631578947 0.01644736842105263 0.025142543859649192
0 0.8044362207602339 0.6809580592105263 0.011193347953216375 0.02918585526315784
0 0.8092105263157895 0.6568009868421052 0.016812865497076022 0.028432017543859593
0 0.8145102339181287 0.6816707785087719 0.016264619883040937 0.023911732456140356
0 0.8286047149122806 0.6780386513157894 0.027549342105263157 0.020759320175438602
0 0.8304322002923977 0.6746833881578947 0.02617872807017544 0.020759320175438602
0 0.8355948464912281 0.6700575657894737 0.020604897660818713 0.023432017543859655
0 0.8510827850877194 0.6785540021929825 0.018777412280701754 0.025348135964912227
0 0.8327622441520468 0.6552247807017544 0.021975511695906433 0.02240131578947363
0 0.8144645467836258 0.6390556469298245 0.01653874269005848 0.024597039473684214
0 0.7432839912280701 0.5598643092105262 0.013888888888888888 0.02438870614035082
0 0.7659219663742689 0.5710334429824561 0.01183296783625731 0.020690789473684152
0 0.781798245614035 0.5633251096491229 0.019828216374269007 0.033366228070175384
0 0.7110745614035087 0.5224849232456141 0.011970029239766082 0.016921600877192987
0 0.8015789473684211 0.5313966557017544 0.026589912280701754 0.015211074561403512
0 0.8143256578947368 0.5377001096491227 0.01425438596491228 0.02452850877192983
0 0.7659429824561402 0.4643777412280702 0.013249269005847953 0.025625000000000005
0 0.7268366228070176 0.45451206140350875 0.006853070175438596 0.016578947368421058
0 0.7209429824561403 0.4639679276315789 0.0062134502923976605 0.010825109649122809
0 0.7214455409356725 0.44368695175438594 0.005573830409356725 0.011918859649122811
0 0.7114857456140351 0.4493983004385965 0.01653874269005848 0.011510416666666669
0 0.7145239400584795 0.45810032894736846 0.012107090643274854 0.007401315789473684
0 0.8102613304093568 0.5971683114035087 0.016904239766081873 0.022061403508771935
0 0.8269362207602339 0.5905907346491228 0.015531798245613996 0.0174040570175438
0 0.8207684576023392 0.5730509868421053 0.016536915204678322 0.020690789473684214
0 0.8306825657894736 0.5736677631578947 0.022110745614035046 0.024391447368421058
0 0.8393165204678362 0.5689418859649124 0.01800073099415205 0.01904605263157889
0 0.8434283625730994 0.5653097587719298 0.02147295321637427 0.02384320175438591
0 0.8524744152046783 0.5635279605263158 0.013980263157894737 0.01890899122807012
0 0.8841355994152047 0.5620216557017543 0.016812865497076022 0.02658168859649117
0 0.8023574561403509 0.6189665570175439 0.01653874269005848 0.022812499999999944
0 0.8241502192982456 0.628625274122807 0.012609649122807017 0.021033442982456144
0 0.8343841374269005 0.6262280701754386 0.01516812865497076 0.030487938596491296
0 0.8195358187134503 0.6344887609649122 0.013523391812865496 0.01932291666666673
0 0.8417626096491228 0.6213007127192982 0.012381213450292397 0.021855811403508778
0 0.8492781432748537 0.6386334978070175 0.014894005847953216 0.022541118421052636
0 0.8453490497076024 0.6567694627192983 0.019097222222222224 0.03126918859649115
0 0.8538697002923977 0.6304468201754386 0.017041301169590642 0.0202796052631579
0 0.8561312134502924 0.6200328947368421 0.018914473684210526 0.025487938596491233
0 0.8685124269005847 0.6316803728070176 0.012701023391812866 0.017675438596491233
0 0.879500182748538 0.6327412280701754 0.015122441520467836 0.008974780701754451
0 0.869860197368421 0.618765076754386 0.02252375730994152 0.02267817982456141
0 0.8764391447368421 0.6168804824561402 0.016036184210526317 0.023569078947368427
0 0.879545869883041 0.6442516447368422 0.023346125730994153 0.014183114035087659
0 0.8498949195906432 0.6572752192982456 0.01411732456140351 0.03199561403508767
0 0.8589181286549707 0.6612157346491229 0.01206140350877193 0.029597039473684156
0 0.8703399122807017 0.6615583881578948 0.012609649122807017 0.031652960526315735
0 0.8853024488304093 0.6591927083333333 0.020148026315789474 0.020759320175438602
0 0.8999223318713451 0.6362774122807018 0.0190515350877193 0.019320175438596498
0 0.8942114400584795 0.6202782346491228 0.01621893274853801 0.021855811403508778
0 0.8900767543859649 0.6048190789473683 0.019919590643274854 0.022609649122807024
0 0.8934119152046783 0.5978659539473685 0.0201937134502924 0.023089364035087726
0 0.9012244152046783 0.5986526864035088 0.024853801169590642 0.025348135964912227
0 0.9012701023391813 0.5881373355263158 0.022203947368421052 0.021033442982456144
0 0.9106131213450293 0.590905975877193 0.020970394736842105 0.026581688596491296
0 0.9169407894736842 0.5836773574561404 0.024671052631578948 0.024597039473684214
0 0.9290021929824561 0.5883703399122807 0.020285087719298246 0.02863760964912288
0 0.8945769371345029 0.5645559210526316 0.017955043859649123 0.02733552631578948
0 0.8949652777777778 0.5520518092105263 0.019462719298245616 0.023018092105263104
0 0.9086485745614035 0.568015350877193 0.01631030701754386 0.013015350877192987
0 0.9090826023391813 0.5564364035087719 0.02412280701754386 0.023569078947368365
0 0.9127147295321637 0.5544147478070176 0.02243238304093567 0.021170504385964854
0 0.9154102704678362 0.5463308662280703 0.021975511695906433 0.022952302631578953
0 0.9280646929824561 0.5514007675438597 0.02215643274853797 0.026513157894736787
0 0.9327256944444445 0.5467050438596491 0.02617872807017544 0.026995614035087663
0 0.9479395102339181 0.5672930372807017 0.019965277777777776 0.019525767543859655
0 0.9483050073099415 0.5509868421052632 0.019691154970760235 0.027609649122807025
0 0.9494243421052632 0.5444092653508772 0.01663011695906433 0.023911732456140294
0 0.9617598684210527 0.5534868421052632 0.010142543859649123 0.02535087719298246
0 0.9735014619883041 0.5448889802631579 0.021564327485380116 0.02281524122807012
0 0.9694809941520467 0.5285498903508772 0.020741959064327485 0.022061403508771935
0 0.980422149122807 0.5255688048245615 0.020603070175438557 0.01623629385964913
0 0.8511038011695906 0.4204454495614035 0.01251827485380117 0.012058662280701756
0 0.10389071637426901 0.6870847039473684 0.015899122807017545 0.029597039473684156
0 0.24387609649122807 0.758625274122807 0.019919590643274854 0.03055646929824556
0 0.055144371345029246 0.5251493969298245 0.009959795321637427 0.01891173245614035
0 0.054778874269005844 0.49582648026315784 0.01745248538011696 0.011236293859649126
0 0.06830135233918129 0.48404194078947366 0.0105062134502924 0.01644462719298246
0 0.08515899122807016 0.5153522478070175 0.01023391812865497 0.012469846491228072
0 0.15035544590643277 0.5115131578947368 0.009409722222222224 0.014385964912280707
0 0.1593548976608187 0.5045929276315789 0.010964912280701754 0.01671875
0 0.16570540935672515 0.5103481359649124 0.009046052631578948 0.009046052631578948
0 0.17452302631578948 0.5124725877192983 0.008406432748538011 0.015482456140350882
0 0.22263157894736843 0.4611554276315789 0.006487573099415204 0.008220942982456143
0 0.07359283625730995 0.07534402412280702 0.005847953216374269 0.010688048245614038
0 0.10877192982456141 0.09534950657894736 0.010782163742690058 0.009591557017543863
0 0.11882309941520469 0.09466419956140351 0.010782163742690058 0.008220942982456143
0 0.06509502923976608 0.079453125 0.0133406432748538 0.012881030701754373
