0 0.737625 0.005166666666666667 0.017 0.010666666666666666
0 0.5265 0.2866666666666666 0.01675 0.027666666666666666
0 0.492 0.29133333333333333 0.01725 0.026333333333333334
0 0.481 0.3145 0.01325 0.03
0 0.39487500000000003 0.31083333333333335 0.015 0.02
0 0.506 0.3183333333333333 0.01475 0.027666666666666666
0 0.41425 0.3148333333333333 0.03025 0.019333333333333334
0 0.457625 0.3138333333333333 0.0265 0.017333333333333333
0 0.437625 0.31866666666666665 0.019 0.025666666666666667
0 0.5441250000000001 0.32216666666666666 0.0135 0.027333333333333334
0 0.37937499999999996 0.32766666666666666 0.0125 0.03233333333333333
0 0.52325 0.32716666666666666 0.01325 0.029333333333333333
0 0.50775 0.3491666666666667 0.02175 0.021333333333333333
0 0.539 0.3283333333333333 0.01675 0.030333333333333334
0 0.558375 0.32899999999999996 0.017 0.03166666666666667
0 0.577375 0.33 0.0145 0.029
0 0.492 0.331 0.01425 0.029
0 0.461 0.32966666666666666 0.02625 0.022333333333333334
0 0.398125 0.33416666666666667 0.017 0.027333333333333334
0 0.387625 0.33233333333333337 0.012 0.021
0 0.384125 0.36158333333333337 0.017 0.03783333333333333
0 0.5928749999999999 0.33616666666666667 0.0125 0.027333333333333334
0 0.59375 0.3595 0.01675 0.03333333333333333
0 0.35725 0.34149999999999997 0.01875 0.03666666666666667
0 0.43125 0.33399999999999996 0.03125 0.018333333333333333
0 0.371375 0.344 0.014 0.033666666666666664
0 0.505375 0.3395 0.02 0.02266666666666667
0 0.566375 0.3466666666666667 0.0145 0.03833333333333333
0 0.6152500000000001 0.33666666666666667 0.02875 0.014333333333333333
0 0.611375 0.35533333333333333 0.0225 0.029
0 0.62575 0.3508333333333334 0.02825 0.018666666666666668
0 0.412875 0.3456666666666666 0.014 0.027666666666666666
0 0.458625 0.3495 0.0135 0.028666666666666667
0 0.474875 0.3625 0.0235 0.017333333333333333
0 0.47675 0.3446666666666667 0.02775 0.01633333333333333
0 0.525125 0.34933333333333333 0.027 0.023
0 0.431 0.35283333333333333 0.01775 0.027333333333333334
0 0.430875 0.3783333333333333 0.0225 0.024333333333333332
0 0.6715 0.35700000000000004 0.01375 0.035
0 0.68 0.368 0.01825 0.033666666666666664
0 0.6976249999999999 0.3566666666666667 0.017 0.031
0 0.44725000000000004 0.35983333333333334 0.01575 0.035333333333333335
0 0.541375 0.359 0.0195 0.029
0 0.5546249999999999 0.35566666666666663 0.0085 0.022333333333333334
0 0.5825 0.3635 0.01725 0.03866666666666667
0 0.573125 0.36966666666666664 0.0165 0.034333333333333334
0 0.587 0.38666666666666666 0.02125 0.02033333333333333
0 0.6425 0.36433333333333334 0.01575 0.039
0 0.5282500000000001 0.35733333333333334 0.02825 0.023
0 0.656875 0.36483333333333334 0.0135 0.035333333333333335
0 0.48300000000000004 0.35533333333333333 0.02675 0.013
0 0.418875 0.36066666666666664 0.026 0.02033333333333333
0 0.6118750000000001 0.36583333333333334 0.0255 0.022
0 0.49525 0.37016666666666664 0.03125 0.023333333333333334
0 0.415875 0.376 0.0315 0.026333333333333334
0 0.5055000000000001 0.3741666666666667 0.01725 0.02
0 0.5211250000000001 0.38466666666666666 0.02 0.03966666666666667
0 0.5108750000000001 0.39016666666666666 0.0175 0.03866666666666667
0 0.5505 0.372 0.02675 0.014333333333333333
0 0.47112499999999996 0.3766666666666667 0.0295 0.021666666666666667
0 0.7006249999999999 0.37849999999999995 0.031 0.020666666666666667
0 0.3685 0.38966666666666666 0.01725 0.041
0 0.437625 0.38683333333333336 0.025 0.028
0 0.527 0.39049999999999996 0.02225 0.03266666666666666
0 0.46375 0.39049999999999996 0.01525 0.030666666666666665
0 0.45687500000000003 0.399 0.012 0.03233333333333333
0 0.59775 0.391 0.01775 0.031
0 0.5792499999999999 0.3973333333333333 0.01775 0.023666666666666666
0 0.623375 0.384 0.0315 0.01633333333333333
0 0.56525 0.39466666666666667 0.01325 0.035
0 0.550625 0.39016666666666666 0.018 0.025333333333333333
0 0.495125 0.39866666666666667 0.0125 0.041
0 0.54575 0.3983333333333334 0.01925 0.035
0 0.6048749999999999 0.39866666666666667 0.0205 0.03166666666666667
0 0.48775 0.4085 0.01625 0.042666666666666665
0 0.47575 0.40549999999999997 0.01275 0.035333333333333335
0 0.50725 0.42483333333333334 0.02775 0.03
0 0.390625 0.4093333333333333 0.012 0.037
0 0.40425 0.41233333333333333 0.01775 0.041
0 0.627 0.40116666666666667 0.02925 0.018666666666666668
0 0.5325 0.40900000000000003 0.02525 0.013666666666666667
0 0.568875 0.4206666666666667 0.0335 0.027
0 0.660625 0.41983333333333334 0.0375 0.022
0 0.38425000000000004 0.4255 0.01875 0.028666666666666667
0 0.4565 0.42683333333333334 0.03075 0.028
0 0.323125 0.434 0.015 0.03966666666666667
0 0.5367500000000001 0.423 0.03225 0.017
0 0.575875 0.43183333333333335 0.0235 0.028
0 0.47650000000000003 0.43433333333333335 0.02475 0.031
0 0.405875 0.4395 0.0185 0.037333333333333336
0 0.51625 0.44116666666666665 0.03175 0.02666666666666667
0 0.411875 0.4493333333333333 0.0165 0.03833333333333333
0 0.452 0.44816666666666666 0.03125 0.036
0 0.42362500000000003 0.45566666666666666 0.015 0.035
0 0.484375 0.463 0.02 0.044333333333333336
0 0.39525000000000005 0.46066666666666667 0.02575 0.035666666666666666
0 0.470375 0.4738333333333334 0.02 0.054
0 0.458 0.472 0.01675 0.042333333333333334
0 0.32625000000000004 0.4776666666666667 0.02375 0.041
0 0.3965 0.4741666666666667 0.03425 0.032
0 0.497125 0.48033333333333333 0.025 0.041666666666666664
0 0.516375 0.4763333333333334 0.012 0.017666666666666667
0 0.7284999999999999 0.49 0.01975 0.043666666666666666
0 0.38125000000000003 0.49466666666666664 0.02375 0.030333333333333334
0 0.780625 0.5018333333333334 0.0195 0.037333333333333336
0 0.714125 0.49766666666666665 0.0155 0.028333333333333332
0 0.515125 0.49883333333333335 0.022 0.027333333333333334
0 0.6074999999999999 0.5045 0.01575 0.038
0 0.628125 0.5066666666666667 0.024 0.041
0 0.75775 0.5063333333333333 0.01825 0.041666666666666664
0 0.800125 0.5073333333333333 0.022 0.041
0 0.44237499999999996 0.5096666666666667 0.0175 0.043666666666666666
0 0.593 0.51 0.01925 0.041
0 0.646 0.5088333333333334 0.01275 0.037333333333333336
0 0.5295000000000001 0.5093333333333333 0.01625 0.035666666666666666
0 0.6992499999999999 0.5118333333333334 0.01575 0.04
0 0.616625 0.5108333333333334 0.014 0.027333333333333334
0 0.659625 0.5143333333333333 0.0125 0.034333333333333334
0 0.316 0.512 0.02525 0.028333333333333332
0 0.737875 0.5226666666666666 0.0145 0.044333333333333336
0 0.77325 0.5216666666666666 0.01275 0.041
0 0.42600000000000005 0.5216666666666666 0.01875 0.039
0 0.497625 0.5215 0.0185 0.038
0 0.558875 0.5178333333333334 0.0275 0.03133333333333333
0 0.556875 0.5466666666666667 0.0155 0.04766666666666667
0 0.505875 0.5098333333333334 0.015 0.013333333333333334
0 0.51425 0.5276666666666666 0.01325 0.042333333333333334
0 0.831375 0.5173333333333333 0.037 0.025
0 0.4755 0.5318333333333333 0.01525 0.04933333333333333
0 0.53775 0.5275 0.01325 0.03666666666666667
0 0.688 0.5273333333333333 0.01325 0.037
0 0.747875 0.5318333333333334 0.0185 0.04533333333333334
0 0.71375 0.5266666666666667 0.01375 0.033666666666666664
0 0.701875 0.5303333333333333 0.0145 0.037
0 0.727 0.5316666666666666 0.01375 0.044333333333333336
0 0.62825 0.5256666666666666 0.02525 0.026333333333333334
0 0.620125 0.5543333333333333 0.0135 0.045
0 0.41062499999999996 0.5331666666666667 0.0185 0.03866666666666667
0 0.38787499999999997 0.53 0.0325 0.025666666666666667
0 0.459375 0.537 0.0155 0.03966666666666667
0 0.652125 0.54 0.017 0.04566666666666667
0 0.644625 0.5496666666666666 0.0115 0.04033333333333333
0 0.435 0.5403333333333333 0.01575 0.042333333333333334
0 0.35225 0.5396666666666667 0.01925 0.03966666666666667
0 0.5715 0.5441666666666667 0.01325 0.04666666666666667
0 0.5865 0.5421666666666667 0.01925 0.04066666666666666
0 0.816 0.5418333333333333 0.01375 0.03866666666666667
0 0.49225 0.5443333333333333 0.01475 0.043
0 0.839125 0.5386666666666667 0.0315 0.029666666666666668
0 0.524625 0.5426666666666666 0.0145 0.036333333333333336
0 0.60425 0.5391666666666667 0.02125 0.029333333333333333
0 0.3675 0.5488333333333333 0.02025 0.04133333333333333
0 0.755875 0.5478333333333333 0.022 0.03866666666666667
0 0.668 0.5503333333333333 0.01625 0.041
0 0.63375 0.5508333333333333 0.01325 0.04133333333333333
0 0.800375 0.5525 0.021 0.042666666666666665
0 0.507125 0.5541666666666667 0.014 0.044
0 0.446875 0.5588333333333334 0.015 0.048
0 0.539625 0.5561666666666667 0.0215 0.042
0 0.70775 0.5568333333333334 0.01875 0.042
0 0.3315 0.5596666666666666 0.02125 0.04633333333333333
0 0.313375 0.561 0.016 0.041666666666666664
0 0.426 0.5621666666666667 0.02125 0.03933333333333333
0 0.529875 0.5589999999999999 0.026 0.028333333333333332
0 0.727625 0.559 0.023 0.025666666666666667
0 0.690625 0.5645 0.014 0.034666666666666665
0 0.3865 0.5741666666666667 0.01525 0.046
0 0.3635 0.5695 0.02825 0.029333333333333333
0 0.40512499999999996 0.5771666666666666 0.0275 0.042666666666666665
0 0.5858749999999999 0.5703333333333334 0.037 0.023666666666666666
0 0.42212500000000003 0.5781666666666666 0.033 0.03266666666666666
0 0.5523750000000001 0.5858333333333333 0.018 0.048666666666666664
0 0.67125 0.5815 0.02625 0.03666666666666667
0 0.60975 0.605 0.03425 0.023
0 0.585625 0.623 0.011 0.035
0 0.6505 0.6285000000000001 0.01575 0.04533333333333334
0 0.631625 0.6281666666666668 0.019 0.03333333333333333
0 0.6102500000000001 0.6375 0.01825 0.048666666666666664
0 0.5765 0.6343333333333333 0.01775 0.04033333333333333
0 0.553125 0.6333333333333334 0.037 0.029666666666666668
0 0.39175000000000004 0.6435 0.01875 0.048666666666666664
0 0.46325000000000005 0.6348333333333334 0.03075 0.028
0 0.5137499999999999 0.6483333333333333 0.01775 0.049
0 0.4065 0.6493333333333333 0.01725 0.047
0 0.436 0.6475 0.01575 0.042
0 0.600875 0.6525 0.0175 0.048
0 0.287875 0.6585 0.0185 0.05733333333333333
0 0.481875 0.6578333333333333 0.018 0.051333333333333335
0 0.319125 0.653 0.0195 0.04033333333333333
0 0.419 0.6618333333333333 0.01825 0.05333333333333334
0 0.50325 0.6593333333333333 0.01575 0.04833333333333333
0 0.359375 0.6595 0.026 0.042666666666666665
0 0.625 0.666 0.01525 0.05633333333333333
0 0.378 0.6576666666666667 0.02275 0.03766666666666667
0 0.5905 0.6625 0.01325 0.042
0 0.554125 0.6509999999999999 0.035 0.017
0 0.667625 0.6578333333333334 0.022 0.03
0 0.462125 0.6573333333333333 0.0295 0.027
0 0.4945 0.6681666666666667 0.01675 0.04466666666666667
0 0.6431250000000001 0.6681666666666667 0.026 0.04466666666666667
0 0.764625 0.6611666666666667 0.019 0.03
0 0.70225 0.6751666666666666 0.02075 0.04733333333333333
0 0.5536249999999999 0.6648333333333333 0.037 0.018666666666666668
0 0.683125 0.6815 0.018 0.042666666666666665
0 0.477875 0.7528333333333334 0.0165 0.022
0 0.4415 0.759 0.01075 0.025666666666666667
0 0.352625 0.7713333333333333 0.024 0.02033333333333333
0 0.6015 0.7931666666666667 0.02025 0.02266666666666667
0 0.540875 0.8368333333333334 0.012 0.023333333333333334
0 0.79001125 0.5361049999999999 0.03175250000000005 0.03895666666666663
0 0.78702 0.5279066666666666 0.023235000000000013 0.034666666666666665
0 0.677415 0.5364583333333334 0.014689999999999941 0.04058333333333333
0 0.67742875 0.5140416666666666 0.022842499999999974 0.04125
0 0.6135750000000001 0.3242083333333334 0.027129999999999994 0.01975
0 0.42604125 0.4199583333333334 0.030192499999999997 0.01975
0 0.4281025 0.44354166666666667 0.020569999999999995 0.042083333333333334
0 0.44602625 0.3982316666666666 0.016952499999999985 0.03775
0 0.43292625 0.411145 0.035597500000000025 0.021123333333333296
