0 0.27596875 0.6559999999999999 0.019852499999999964 0.017
0 0.27612000000000003 0.6682916666666667 0.021970000000000028 0.00825
0 0.29497874999999996 0.6645000000000001 0.0276875 0.014913333333333261
0 0.23196375 0.6666033333333333 0.019467500000000002 0.0194533333333333
0 0.24478624999999998 0.6691233333333334 0.01267750000000001 0.020580000000000005
0 0.23366125000000001 0.6717900000000001 0.01482249999999999 0.017913333333333337
0 0.23200500000000002 0.683705 0.01374000000000001 0.02224333333333334
0 0.21727625 0.6838933333333334 0.0209075 0.017293333333333293
0 0.23725 0.6863333333333334 0.01325 0.017666666666666667
0 0.23395000000000002 0.7010433333333334 0.014765000000000014 0.016246666666666593
0 0.26099500000000003 0.6680833333333334 0.015970000000000026 0.023913333333333262
0 0.18589625 0.670625 0.01604249999999999 0.014916666666666667
0 0.24960374999999999 0.6719383333333333 0.0134375 0.017036666666666634
0 0.21403625 0.6715 0.01817750000000001 0.014
0 0.196365 0.6837083333333334 0.02347999999999999 0.01425
0 0.17570875 0.69325 0.01816749999999999 0.022166666666666668
0 0.16176125 0.69748 0.0181875 0.019953333333333226
0 0.185505 0.7112066666666667 0.02525999999999999 0.02992000000000007
0 0.18246375 0.7242033333333333 0.0290925 0.029080000000000078
0 0.179505 0.6766683333333333 0.01625999999999999 0.016663333333333336
0 0.2476975 0.6863966666666667 0.01775 0.017119999999999965
0 0.25207375 0.6893516666666666 0.013812500000000028 0.009956666666666631
0 0.14095624999999998 0.6931683333333333 0.025162499999999994 0.022663333333333337
0 0.17037999999999998 0.68011 0.01350999999999999 0.015533333333333378
0 0.15725 0.6808333333333333 0.01225 0.012666666666666666
0 0.28707249999999995 0.6870866666666667 0.023394999999999982 0.016826666666666674
0 0.12341625 0.6911683333333334 0.02558250000000001 0.021330000000000002
0 0.15480750000000001 0.6946666666666667 0.024365000000000008 0.028326666666666597
0 0.147145 0.6971666666666667 0.02325 0.02282666666666652
0 0.15173875 0.7122449999999999 0.0259375 0.013830000000000078
0 0.31738500000000003 0.70087 0.012480000000000019 0.0254066666666666
0 0.202505 0.7012083333333333 0.014259999999999991 0.022583333333333334
0 0.218135 0.7127266666666667 0.0195 0.02412000000000004
0 0.22362500000000002 0.7216666666666667 0.0145 0.031
0 0.20149999999999998 0.7192883333333333 0.02175 0.025163333333333412
0 0.21016625 0.72995 0.01658250000000001 0.03224000000000009
0 0.18314625 0.7412066666666667 0.01754249999999999 0.03192000000000007
0 0.28792624999999994 0.6955033333333333 0.0223125 0.020160000000000008
0 0.2655775 0.6923966666666667 0.02013499999999999 0.011713333333333442
0 0.32622874999999996 0.7023333333333334 0.017792500000000017 0.023666666666666666
0 0.253375 0.7231799999999999 0.01933500000000001 0.03945333333333322
0 0.27695749999999997 0.702585 0.01125 0.01732999999999993
0 0.1660625 0.7101633333333334 0.01941500000000002 0.023660000000000007
0 0.282875 0.7119983333333333 0.023 0.018996666666666592
0 0.2706975 0.7264133333333334 0.027355000000000018 0.023826666666666673
0 0.28604125 0.7236666666666667 0.022667500000000017 0.028333333333333332
0 0.2340825 0.721075 0.01375 0.023829999999999928
0 0.241 0.7298333333333333 0.02325 0.038
0 0.154625 0.7221650000000001 0.03 0.014670000000000074
0 0.19244749999999997 0.740495 0.020875 0.035163333333333414
0 0.15576 0.7365 0.02127000000000001 0.016
0 0.321375 0.7563333333333334 0.02 0.029666666666666668
0 0.20594249999999997 0.7544166666666666 0.02513499999999999 0.026833333333333334
0 0.225375 0.7595516666666667 0.01604000000000002 0.03405666666666654
0 0.19276000000000001 0.755665 0.02777000000000001 0.027003333333333407
0 0.29445875 0.7626033333333333 0.016332499999999982 0.031539999999999964
0 0.2829175 0.768085 0.01625 0.027496666666666593
0 0.26925999999999994 0.7611633333333334 0.019230000000000018 0.027326666666666673
0 0.359385 0.7643333333333333 0.015519999999999982 0.027666666666666666
0 0.2456975 0.7721666666666667 0.01764500000000001 0.04
0 0.2778025 0.7670216666666667 0.014855000000000017 0.02895666666666663
0 0.25398875 0.7726666666666666 0.014437499999999971 0.03233333333333333
0 0.12477 0.76754 0.028250000000000015 0.021239999999999933
0 0.23245875 0.7771016666666667 0.012167499999999989 0.0375299999999999
0 0.22769250000000002 0.7874783333333333 0.019134999999999992 0.030710000000000036
0 0.2035725 0.7702883333333334 0.02939500000000001 0.033089999999999994
0 0.44917625 0.7774566666666667 0.0168125 0.03373999999999994
0 0.29691125 0.7753333333333333 0.02642750000000001 0.026333333333333334
0 0.33440624999999996 0.779 0.019477499999999964 0.03166666666666667
0 0.45891625 0.7778333333333334 0.01808249999999998 0.029333333333333333
0 0.4835725 0.77804 0.019105000000000018 0.03041333333333326
0 0.4711975 0.7788333333333334 0.012855000000000017 0.029333333333333333
0 0.34463499999999997 0.7770816666666668 0.013980000000000018 0.03382333333333327
0 0.34047875 0.811125 0.019707499999999982 0.041416666666666664
0 0.3720825 0.778085 0.019375 0.028329999999999928
0 0.502125 0.7768333333333334 0.0225 0.02
0 0.485895 0.7977916666666667 0.014375 0.04075
0 0.50141625 0.7947916666666666 0.02158249999999998 0.026083333333333333
0 0.162645 0.7857483333333334 0.02525 0.0366566666666666
0 0.1680575 0.7863733333333333 0.014780000000000001 0.01641333333333326
0 0.123885 0.8412449999999999 0.021980000000000003 0.033176666666666736
0 0.25905125 0.7864466666666666 0.02281249999999997 0.040073333333333266
0 0.3020575 0.7811883333333333 0.03109500000000003 0.024623333333333296
0 0.519885 0.784335 0.017519999999999984 0.027663333333333262
0 0.318125 0.792 0.015 0.03966666666666667
0 0.42175 0.7818333333333333 0.02575 0.018666666666666668
0 0.5462187500000001 0.7851666666666667 0.021477499999999962 0.031159999999999854
0 0.21223 0.7875616666666667 0.013125 0.02994999999999997
0 0.21766125 0.8048733333333332 0.02007249999999999 0.029253333333333405
0 0.53304125 0.7896216666666667 0.018167500000000017 0.030910000000000007
0 0.36397875 0.7881266666666666 0.018292500000000017 0.027073333333333265
0 0.18372375 0.7909133333333334 0.01719749999999999 0.02749333333333334
0 0.39758875 0.790895 0.01915750000000003 0.029283333333333304
0 0.4271975 0.8094116666666666 0.013644999999999982 0.036823333333333264
0 0.10300999999999999 0.79516 0.025769999999999994 0.03332000000000001
0 0.354875 0.7967083333333334 0.016 0.03958333333333333
0 0.16379125000000003 0.8389116666666666 0.02266749999999999 0.036823333333333264
0 0.3016925 0.8002883333333333 0.02336500000000001 0.037410000000000006
0 0.55977125 0.7926666666666666 0.02429250000000002 0.030333333333333334
0 0.5585837499999999 0.8241666666666667 0.012917500000000018 0.037333333333333336
0 0.5775 0.8189166666666666 0.03375 0.025166666666666667
0 0.58492625 0.8153266666666665 0.0325625 0.020326666666666673
0 0.5806250000000001 0.8362449999999999 0.032 0.022510000000000068
0 0.27672375 0.7975416666666667 0.02019749999999999 0.03858333333333333
0 0.5885 0.7924183333333334 0.02675 0.02616333333333326
0 0.602 0.792415 0.02475 0.01916333333333326
0 0.57575 0.7999983333333334 0.02775 0.015829999999999927
0 0.6231662499999999 0.8148333333333333 0.01908249999999998 0.03866666666666667
0 0.11048875 0.7996583333333334 0.0250625 0.032983333333333274
0 0.26414624999999997 0.7988333333333334 0.023042500000000018 0.032
0 0.46025 0.8095 0.01925 0.052
0 0.44879125 0.8098316666666666 0.02041750000000002 0.03733666666666674
0 0.32825 0.8026666666666666 0.02025 0.037
0 0.62725 0.7985800000000001 0.02175 0.028826666666666674
0 0.11754125 0.8027466666666667 0.02433250000000001 0.03683999999999999
0 0.43887499999999996 0.8066666666666666 0.0125 0.04033333333333333
0 0.40572874999999997 0.8050416666666667 0.014707499999999981 0.04025
0 0.20273 0.8047866666666667 0.016125 0.033239999999999936
0 0.645135 0.812 0.022480000000000017 0.04633333333333333
0 0.6421250000000001 0.820705 0.02 0.03559
0 0.52 0.8095000000000001 0.01675 0.03933333333333333
0 0.17558374999999998 0.8069783333333334 0.01091749999999999 0.03299000000000008
0 0.4995725 0.8128233333333332 0.02110500000000002 0.04332000000000001
0 0.50876 0.8184499999999999 0.015769999999999982 0.04189999999999994
0 0.1622075 0.8108316666666666 0.018125 0.035329999999999924
0 0.4728325 0.8109933333333333 0.016625 0.03565333333333334
0 0.6659475 0.8108333333333334 0.022355000000000017 0.035333333333333335
0 0.2861975 0.8076216666666667 0.028875 0.031076666666666673
0 0.37392625 0.80329 0.0248125 0.020246666666666593
0 0.37763499999999994 0.8092466666666667 0.028019999999999982 0.028160000000000004
0 0.6584787499999999 0.8131666666666666 0.016707499999999983 0.03266666666666666
0 0.5440725 0.8195749999999999 0.02010500000000002 0.04214999999999994
0 0.613895 0.8152483333333332 0.0165 0.03650333333333341
0 0.34389499999999995 0.8263266666666667 0.023875 0.05298666666666668
0 0.3860725 0.8193333333333334 0.02239499999999998 0.033666666666666664
0 0.6025200000000001 0.8204983333333333 0.0195 0.03933666666666674
0 0.52329125 0.82453 0.025667500000000017 0.040739999999999936
0 0.39154125 0.8298316666666666 0.020832499999999983 0.040003333333333405
0 0.533875 0.83233 0.0235 0.040339999999999994
0 0.19575 0.829 0.03525 0.018333333333333333
0 0.359875 0.846 0.017 0.043
0 0.21125 0.89 0.03975 0.034333333333333334
0 0.404625 0.9221666666666667 0.0305 0.035333333333333335
0 0.1708325 0.95189 0.054 0.04611333333333338
0 0.1219575 0.8088266666666666 0.026375000000000013 0.027660000000000007
0 0.1202075 0.8180733333333332 0.033750000000000016 0.046486666666666676
0 0.14027000000000003 0.780665 0.0215 0.030489999999999934
0 0.155395 0.77321 0.029625 0.03473999999999993
0 0.14283250000000003 0.8023683333333332 0.02 0.03274333333333334
0 0.14705125 0.810325 0.0321875 0.04132333333333342
0 0.193355 0.79503 0.025625 0.03155999999999994
0 0.18521375 0.8182133333333332 0.023092500000000002 0.03717999999999999
0 0.1307075 0.6925416666666666 0.023375000000000014 0.02190999999999993
0 0.14458250000000003 0.68142 0.011875 0.01699333333333334
0 0.18548875 0.7002916666666666 0.0268125 0.02057666666666652
0 0.1824575 0.7102883333333334 0.02475 0.03224333333333334
0 0.197995 0.6759133333333334 0.02972 0.023826666666666673
0 0.21530749999999999 0.6764383333333334 0.01553 0.013123333333333298
0 0.2033075 0.6902683333333334 0.017345 0.019370000000000043
0 0.2169325 0.6977916666666667 0.018905 0.026076666666666522
0 0.22247999999999998 0.69673 0.0125 0.014786666666666557
0 0.24885875 0.7018099999999999 0.01392749999999998 0.01970666666666663
0 0.24467625 0.707125 0.0126875 0.021909999999999853
0 0.30111375 0.7014599999999999 0.0139375 0.030073333333333268
0 0.30933249999999995 0.7013349999999999 0.015875 0.027823333333333266
0 0.27565125 0.6750233333333333 0.030407500000000028 0.010373333333333373
0 0.27602625000000003 0.6846233333333334 0.030407500000000028 0.012746666666666594
0 0.262995 0.6831649999999999 0.017155 0.007583333333333333
0 0.28727624999999996 0.6595650000000001 0.027907500000000026 0.010956666666666707
0 0.26552 0.7149483333333333 0.01225 0.03157666666666667
0 0.26227 0.6987866666666667 0.01887499999999997 0.01608000000000008
0 0.38305125 0.7677533333333333 0.0271875 0.02582666666666667
0 0.38827 0.7808733333333333 0.02325 0.026073333333333268
0 0.4163325 0.8109533333333333 0.015375 0.0384066666666666
0 0.427645 0.7875383333333333 0.028875 0.023076666666666672
