0 0.7229375 0.6285833333333333 0.019625 0.0245
0 0.8678275000000001 0.6578183333333333 0.017904999999999973 0.014636666666666694
0 0.62846875 0.6748333333333334 0.0174375 0.03183333333333333
0 0.65315625 0.6799583333333333 0.0165625 0.02625
0 0.76675 0.6821666666666666 0.02625 0.024666666666666667
0 0.7813749999999999 0.6823333333333332 0.0305 0.025
0 0.621375 0.6843333333333333 0.0185 0.027666666666666666
0 0.6425625 0.68275 0.012625 0.030833333333333334
0 0.568875 0.6852083333333333 0.018375 0.03075
0 0.598 0.6818333333333334 0.02525 0.019333333333333334
0 0.554375 0.6895 0.014 0.028666666666666667
0 0.7535000000000001 0.6865 0.03075 0.02266666666666667
0 0.6603749999999999 0.6926666666666667 0.0225 0.021
0 0.3399375 0.6992083333333333 0.012375 0.022083333333333333
0 0.5775 0.699625 0.01225 0.02225
0 0.48325 0.7018333333333333 0.01725 0.024
0 0.58921875 0.6972083333333333 0.0121875 0.01925
0 0.5822499999999999 0.7151666666666667 0.01775 0.017333333333333333
0 0.5472812499999999 0.7012916666666666 0.0163125 0.022583333333333334
0 0.63959375 0.7052916666666667 0.0161875 0.02775
0 0.34884375 0.7074166666666666 0.0205625 0.025166666666666667
0 0.66115625 0.7032916666666668 0.0189375 0.02025
0 0.32465625 0.7015 0.0194375 0.012
0 0.46075000000000005 0.7042499999999999 0.02875 0.016833333333333332
0 0.59865625 0.7070833333333334 0.0189375 0.0255
0 0.59421875 0.73325 0.0181875 0.03283333333333333
0 0.5005625 0.7085 0.015625 0.021333333333333333
0 0.5680625 0.7069166666666666 0.01625 0.029833333333333333
0 0.7354375 0.7117083333333334 0.020375 0.02875
0 0.5128750000000001 0.7098333333333333 0.0135 0.018666666666666668
0 0.52134375 0.7305 0.0185625 0.021833333333333333
0 0.5138125 0.753 0.0125 0.03166666666666667
0 0.6287499999999999 0.7163333333333334 0.01375 0.030333333333333334
0 0.844 0.7141666666666667 0.01475 0.026
0 0.317125 0.712875 0.02425 0.02325
0 0.46875 0.7113333333333334 0.01625 0.01633333333333333
0 0.7134062499999999 0.7175 0.0135625 0.028666666666666667
0 0.38584375 0.7164166666666666 0.0180625 0.030833333333333334
0 0.53025 0.715625 0.01075 0.023583333333333335
0 0.724625 0.7185 0.0125 0.029333333333333333
0 0.8745625 0.7218333333333333 0.026375 0.036
0 0.33325 0.7205 0.01525 0.03133333333333333
0 0.887625 0.722375 0.024 0.031083333333333334
0 0.56021875 0.7166666666666667 0.0141875 0.025
0 0.82184375 0.7236666666666667 0.0195625 0.030333333333333334
0 0.84503125 0.7343333333333333 0.0301875 0.036333333333333336
0 0.875 0.7415 0.01925 0.035333333333333335
0 0.88984375 0.775375 0.0249375 0.03241666666666667
0 0.869625 0.7981666666666667 0.032 0.017333333333333333
0 0.87646875 0.8225416666666667 0.0406875 0.05075
0 0.8822187499999999 0.8171666666666667 0.0264375 0.035333333333333335
0 0.70071875 0.721125 0.0151875 0.02675
0 0.36896875 0.7207916666666667 0.0161875 0.02275
0 0.438125 0.721125 0.015625 0.024583333333333332
0 0.6493125 0.7219583333333333 0.013375 0.023583333333333335
0 0.46025 0.718875 0.01725 0.016583333333333332
0 0.47740625 0.7235 0.0140625 0.020166666666666666
0 0.478875 0.7436666666666667 0.021 0.028333333333333332
0 0.546875 0.7168749999999999 0.0115 0.017916666666666668
0 0.45378125 0.7231666666666666 0.0268125 0.02266666666666667
0 0.4248125 0.7447916666666667 0.0175 0.03075
0 0.6665 0.7194999999999999 0.02675 0.014666666666666666
0 0.61275 0.7274583333333333 0.01925 0.02808333333333333
0 0.35459375 0.7279583333333334 0.0144375 0.029083333333333333
0 0.48571875000000003 0.7308333333333333 0.0181875 0.03333333333333333
0 0.49878124999999995 0.7315833333333333 0.0203125 0.033166666666666664
0 0.798125 0.7301666666666666 0.0165 0.028666666666666667
0 0.8130624999999999 0.7303333333333334 0.019375 0.025666666666666667
0 0.924875 0.7377916666666666 0.0295 0.03791666666666667
0 0.9402499999999999 0.7356666666666667 0.01975 0.028333333333333332
0 0.96275 0.7525000000000001 0.02175 0.026
0 0.97675 0.761 0.0305 0.037
0 0.99225 0.75 0.01475 0.015
0 0.98925 0.7646666666666666 0.01775 0.033
0 0.9466249999999999 0.7580833333333333 0.0285 0.0205
0 0.9975625 0.7681666666666667 0.004375 0.032
0 0.9500000000000001 0.7755 0.02075 0.032
0 0.963375 0.7789999999999999 0.024 0.035
0 0.9856875 0.7829999999999999 0.029125 0.037
0 0.7463749999999999 0.7317916666666666 0.015 0.023916666666666666
0 0.96846875 0.734875 0.0221875 0.030083333333333333
0 0.6323125 0.7332083333333334 0.025625 0.02925
0 0.363 0.7376666666666666 0.01525 0.031
0 0.55184375 0.7389583333333334 0.0199375 0.03908333333333333
0 0.575125 0.727125 0.02725 0.012416666666666666
0 0.60775 0.7337916666666666 0.01275 0.027416666666666666
0 0.66590625 0.7385833333333334 0.0220625 0.0335
0 0.6822499999999999 0.7368333333333333 0.01975 0.02266666666666667
0 0.539375 0.7427083333333333 0.0135 0.03691666666666667
0 0.7037187500000001 0.7398333333333333 0.0181875 0.024666666666666667
0 0.73084375 0.737625 0.0179375 0.021416666666666667
0 0.77640625 0.7439583333333333 0.0194375 0.03025
0 0.79440625 0.75225 0.0199375 0.03216666666666667
0 0.56340625 0.74475 0.0200625 0.0315
0 0.90934375 0.745 0.0294375 0.031
0 0.5780000000000001 0.7436666666666666 0.01225 0.027
0 0.588 0.7460833333333333 0.00875 0.025166666666666667
0 0.23665624999999998 0.7443333333333333 0.0165625 0.027
0 0.6467499999999999 0.751 0.01575 0.036333333333333336
0 0.16515625 0.7470833333333333 0.0230625 0.028833333333333332
0 0.15368749999999998 0.7671250000000001 0.016375 0.03475
0 0.7121725 0.7477716666666666 0.024904999999999972 0.030623333333333298
0 0.68665625 0.7452916666666667 0.0195625 0.02975
0 0.63409375 0.7482916666666667 0.0174375 0.031083333333333334
0 0.76053125 0.7417083333333333 0.0161875 0.02975
0 0.50125 0.7515833333333334 0.01375 0.028333333333333332
0 0.893 0.752625 0.01625 0.03175
0 0.90996875 0.7951666666666667 0.0286875 0.058666666666666666
0 0.1758125 0.757375 0.029125 0.03375
0 0.441875 0.755375 0.015625 0.032916666666666664
0 0.45609375 0.7628333333333333 0.0179375 0.043333333333333335
0 0.008 0.7538333333333334 0.01625 0.024
0 0.8229375 0.75 0.030125 0.01633333333333333
0 0.83565625 0.7723333333333333 0.0140625 0.033
0 0.8511875000000001 0.7730833333333333 0.017875 0.030833333333333334
0 0.14771875 0.75475 0.0159375 0.023833333333333335
0 0.7388125000000001 0.7529583333333334 0.035875 0.02025
0 0.12959375 0.756 0.0225625 0.025
0 0.11678125 0.7574166666666666 0.0205625 0.0205
0 0.11537499999999999 0.7831666666666667 0.023 0.03866666666666667
0 0.13228125 0.7694583333333334 0.0158125 0.03675
0 0.13459374999999998 0.7842916666666666 0.0289375 0.03975
0 0.4694375 0.7559583333333334 0.01575 0.02025
0 0.617 0.7659166666666667 0.01675 0.0395
0 0.7855 0.768 0.01525 0.045
0 0.6035312500000001 0.761875 0.0213125 0.029916666666666668
0 0.28156250000000005 0.7680416666666667 0.017125 0.03908333333333333
0 0.59153125 0.76125 0.0208125 0.029833333333333333
0 0.09375 0.7641666666666667 0.02275 0.028
0 0.21575 0.7682083333333334 0.02525 0.04058333333333333
0 0.2215 0.7805416666666667 0.0225 0.04125
0 0.2265625 0.7879999999999999 0.022875 0.023
0 0.06725 0.7716666666666667 0.02525 0.03966666666666667
0 0.66334375 0.7649583333333334 0.0189375 0.03891666666666667
0 0.69290625 0.7721666666666667 0.0154375 0.04066666666666666
0 0.7069687499999999 0.7805833333333334 0.0163125 0.03783333333333333
0 0.57440625 0.7666666666666666 0.0140625 0.028333333333333332
0 0.1739375 0.7706400000000001 0.030875 0.035666666666666666
0 0.19975 0.7715000000000001 0.02625 0.037333333333333336
0 0.28775 0.7728333333333333 0.02375 0.03933333333333333
0 0.67609375 0.769 0.0204375 0.03166666666666667
0 0.7619374999999999 0.7698333333333334 0.023 0.034
0 0.93353125 0.7751250000000001 0.0298125 0.044583333333333336
0 0.2384375 0.7656666666666667 0.031125 0.034333333333333334
0 0.7461875 0.7736666666666667 0.016125 0.03766666666666667
0 0.49587499999999995 0.7778333333333334 0.0175 0.043333333333333335
0 0.483 0.7813333333333333 0.01625 0.041
0 0.716375 0.7758966666666667 0.018 0.04120666666666663
0 0.1006875 0.7674583333333334 0.016875 0.020583333333333332
0 0.24384375 0.7736666666666667 0.0139375 0.03183333333333333
0 0.543375 0.7690416666666667 0.01275 0.03075
0 0.73309375 0.7813749999999999 0.0193125 0.04975
0 0.040375 0.7736666666666666 0.019 0.030333333333333334
0 0.41340625000000003 0.775625 0.0245625 0.03641666666666667
0 0.7751250000000001 0.7723333333333333 0.0115 0.026333333333333334
0 0.05025 0.7793333333333333 0.02075 0.036333333333333336
0 0.50603125 0.7818333333333333 0.0185625 0.03666666666666667
0 0.435125 0.7816666666666667 0.0195 0.035666666666666666
0 0.56 0.7791666666666667 0.01875 0.03133333333333333
0 0.555875 0.8065000000000001 0.0135 0.03333333333333333
0 0.42703125 0.7773749999999999 0.0123125 0.03025
0 0.92046875 0.781875 0.0266875 0.04325
0 0.46459374999999997 0.7850416666666666 0.0250625 0.03908333333333333
0 0.26134375 0.7836666666666667 0.0279375 0.035666666666666666
0 0.374 0.7785833333333333 0.02075 0.022833333333333334
0 0.806125 0.783 0.0285 0.03166666666666667
0 0.07009375000000001 0.7844166666666667 0.0234375 0.04016666666666667
0 0.51753125 0.7876666666666666 0.0163125 0.031
0 0.09028125000000001 0.7963333333333333 0.0281875 0.04633333333333333
0 0.5478125 0.7888333333333334 0.019875 0.03133333333333333
0 0.36562500000000003 0.7886666666666666 0.032 0.029
0 0.3948125 0.7933333333333333 0.020875 0.036333333333333336
0 0.53325 0.793 0.01725 0.036333333333333336
0 0.07831250000000001 0.7959583333333334 0.021875 0.042416666666666665
0 0.5821562499999999 0.7985 0.0111875 0.038
0 0.59221875 0.8011666666666667 0.0156875 0.04466666666666667
0 0.60446875 0.8002499999999999 0.0126875 0.041166666666666664
0 0.61575 0.8036666666666666 0.01575 0.042333333333333334
0 0.8500312499999999 0.8079166666666667 0.0211875 0.051833333333333335
0 0.825375 0.7973333333333333 0.0105 0.026333333333333334
0 0.5695 0.8061666666666667 0.01525 0.042666666666666665
0 0.62925 0.810375 0.01575 0.04975
0 0.645 0.811125 0.02525 0.03875
0 0.763375 0.7941666666666667 0.034 0.016666666666666666
0 0.23890625 0.8074583333333333 0.0185625 0.03808333333333333
0 0.09603125 0.8077083333333334 0.0283125 0.035083333333333334
0 0.83625 0.8048333333333333 0.01025 0.026
0 0.78625 0.8165 0.02125 0.048666666666666664
0 0.80821875 0.8212916666666668 0.0409375 0.058583333333333334
0 0.6637500000000001 0.8101666666666667 0.01825 0.029333333333333333
0 0.72990625 0.8095416666666667 0.0174375 0.028583333333333332
0 0.7070625 0.81925 0.024875 0.0375
0 0.7615000000000001 0.8245 0.01875 0.052
0 0.7453125 0.8258333333333333 0.0195 0.048
0 0.899375 0.8160833333333334 0.0225 0.030166666666666668
0 0.77503125 0.825625 0.0226875 0.04908333333333333
0 0.727125 0.8285 0.0345 0.04133333333333333
0 0.7195 0.854875 0.03375 0.04725
0 0.7350937500000001 0.8572083333333333 0.0300625 0.04525
0 0.0430625 0.8584166666666666 0.01275 0.011
0 0.3731875 0.8680833333333333 0.022375 0.023166666666666665
0 0.03175 0.8735833333333333 0.02575 0.025166666666666667
0 0.894875 0.8735 0.0445 0.022
0 0.18384375 0.8906666666666666 0.0139375 0.027
0 0.2195 0.8917916666666666 0.02325 0.02125
0 0.165375 0.8876666666666667 0.018 0.011666666666666667
0 0.17681249999999998 0.7894166666666667 0.022375 0.036
0 0.1916875 0.7657083333333333 0.02575 0.026416666666666668
0 0.2555625 0.7710416666666666 0.021875 0.043583333333333335
0 0.26915625 0.76175 0.0260625 0.042166666666666665
0 0.42471875000000003 0.7197916666666667 0.0129375 0.01875
0 0.41440625 0.7402083333333334 0.0293125 0.029083333333333333
0 0.4654375 0.6910000000000001 0.026625 0.018
0 0.43415625 0.748 0.0188125 0.03183333333333333
0 0.45465625 0.7385833333333334 0.0264375 0.0155
0 0.468875 0.7294166666666667 0.007 0.017333333333333333
0 0.49175 0.7053333333333334 0.02 0.019833333333333335
0 0.51153125 0.7308333333333333 0.0206875 0.026
0 0.5187499999999999 0.7124583333333333 0.013 0.013583333333333333
0 0.538625 0.7170000000000001 0.01275 0.0275
0 0.52746875 0.743125 0.0160625 0.03075
0 0.52859375 0.7704166666666666 0.0243125 0.029
0 0.61775 0.6975833333333333 0.01975 0.025833333333333333
0 0.6149375 0.711875 0.016125 0.035083333333333334
0 0.6740625 0.706125 0.019875 0.01525
0 0.69171875 0.7076666666666667 0.0290625 0.014
0 0.659625 0.7447083333333333 0.01525 0.01975
0 0.6829375 0.721875 0.0245 0.018416666666666668
0 0.8111875000000001 0.8130833333333333 0.032375 0.043166666666666666
0 0.81040625 0.805125 0.0286875 0.03775
0 0.80665625 0.7602916666666667 0.0191875 0.03275
0 0.82146875 0.7719166666666667 0.0183125 0.034333333333333334
0 0.858 0.7196666666666667 0.01475 0.027666666666666666
0 0.8453125 0.7544166666666666 0.037625 0.0305
0 0.8610937500000001 0.7425416666666667 0.0260625 0.029583333333333333
0 0.871 0.7620833333333333 0.0185 0.028166666666666666
0 0.86540625 0.7767916666666667 0.0261875 0.03158333333333333
0 0.88446875 0.7911666666666667 0.0303125 0.03266666666666666
0 0.9825625 0.7430833333333333 0.008375 0.012
0 0.99271875 0.7433333333333333 0.0149375 0.0125
0 0.83703125 0.8975416666666667 0.0326875 0.01525
0 0.83021875 0.9124166666666667 0.0313125 0.022
0 0.841875 0.9099583333333333 0.017125 0.03475
0 0.0540625 0.91225 0.030875 0.026166666666666668
0 0.0028125000000000003 0.7723749999999999 0.00625 0.015916666666666666
0 0.8834375 0.6669799999999999 0.02575 0.024933333333333318
