0 0.6616249999999999 0.13416666666666666 0.03025 0.021666666666666667
0 0.8845000000000001 0.30400000000000005 0.0255 0.05
0 0.9293750000000001 0.12733333333333333 0.02625 0.03933333333333333
0 0.392875 0.19233333333333333 0.02625 0.024666666666666667
0 0.5702499999999999 0.0885 0.023 0.041666666666666664
0 0.34125 0.5156666666666667 0.03 0.026
0 0.52125 0.19733333333333333 0.025 0.03133333333333333
0 0.32512500000000005 0.29933333333333334 0.02875 0.035333333333333335
0 0.490375 0.14366666666666666 0.03275 0.03933333333333333
0 0.43825000000000003 0.231 0.022 0.04133333333333333
0 0.5509999999999999 0.30016666666666664 0.023 0.049666666666666665
0 0.8235 0.184 0.0245 0.034
0 0.6308750000000001 0.1405 0.02875 0.041666666666666664
0 0.47037500000000004 0.25533333333333336 0.01875 0.04466666666666667
0 0.39337500000000003 0.22733333333333333 0.02075 0.04466666666666667
0 0.747625 0.15466666666666667 0.02075 0.035333333333333335
0 0.903375 0.16349999999999998 0.01275 0.035
0 0.9215 0.19716666666666668 0.0265 0.04766666666666667
0 0.192875 0.257 0.02125 0.056
0 0.7983750000000001 0.21483333333333332 0.02675 0.03833333333333333
0 0.1935 0.32733333333333337 0.034 0.04
0 0.28975 0.29433333333333334 0.025 0.03
0 0.08549999999999999 0.27666666666666667 0.0255 0.056
0 0.563 0.4121666666666667 0.0325 0.031
0 0.7729999999999999 0.1095 0.025 0.025
0 0.297375 0.37533333333333335 0.02375 0.06733333333333333
0 0.241125 0.272 0.02575 0.056666666666666664
0 0.708 0.422 0.0285 0.050666666666666665
0 0.49224999999999997 0.2235 0.0265 0.04566666666666667
0 0.017125 0.2695 0.01825 0.051
0 0.5379999999999999 0.26333333333333336 0.021 0.044
0 0.78575 0.15983333333333336 0.0205 0.027
0 0.095 0.38616666666666666 0.038 0.041666666666666664
0 0.724375 0.7835000000000001 0.02375 0.06766666666666667
0 0.8655 0.5121666666666667 0.028 0.03966666666666667
0 0.715375 0.12366666666666666 0.01725 0.03
0 0.32425 0.5676666666666668 0.0305 0.027333333333333334
0 0.135875 0.17933333333333334 0.03925 0.04466666666666667
0 0.34225 0.44816666666666666 0.0295 0.049666666666666665
0 0.7647499999999999 0.2445 0.0225 0.050333333333333334
0 0.403125 0.16483333333333333 0.02775 0.027666666666666666
0 0.3196875 0.6689866666666666 0.047375 0.03269333333333331
0 0.92325 0.16483333333333333 0.0305 0.028333333333333332
0 0.95625 0.5461666666666667 0.0275 0.04566666666666667
0 0.257 0.3081666666666667 0.035 0.041
0 0.522875 0.16283333333333333 0.02475 0.033666666666666664
0 0.54925 0.7376666666666667 0.0315 0.03933333333333333
0 0.39699999999999996 0.41183333333333333 0.0295 0.03966666666666667
0 0.661875 0.16233333333333333 0.02375 0.05333333333333334
0 0.531625 0.3171666666666667 0.02375 0.053
0 0.5635 0.358 0.03 0.04466666666666667
0 0.229625 0.32416666666666666 0.02325 0.04766666666666667
0 0.66425 0.863 0.0225 0.04666666666666667
0 0.338 0.7326666666666667 0.026 0.03866666666666667
0 0.259125 0.271 0.01675 0.035333333333333335
0 0.8607499999999999 0.1125 0.017 0.025
0 0.08312499999999999 0.22983333333333333 0.02425 0.039
0 0.746375 0.2105 0.01525 0.026333333333333334
0 0.7405 0.2875 0.024 0.049666666666666665
0 0.41187500000000005 0.21816666666666668 0.01875 0.023666666666666666
0 0.95075 0.15383333333333335 0.0235 0.041666666666666664
0 0.4925 0.37033333333333335 0.037 0.025333333333333333
0 0.5487500000000001 0.16733333333333333 0.038 0.019333333333333334
0 0.81525 0.15583333333333332 0.0185 0.043
0 0.657875 0.2058333333333333 0.02125 0.047
0 0.92175 0.26783333333333337 0.024 0.055
0 0.8033750000000001 0.17033333333333334 0.02025 0.04666666666666667
0 0.5482499999999999 0.183 0.033 0.018666666666666668
0 0.971625 0.14300000000000002 0.02325 0.05266666666666667
0 0.87725 0.11916666666666666 0.019 0.041666666666666664
0 0.48862500000000003 0.18916666666666668 0.02175 0.03966666666666667
0 0.060500000000000005 0.25916666666666666 0.021 0.05633333333333333
0 0.108875 0.25116666666666665 0.02225 0.04833333333333333
0 0.34299999999999997 0.5396666666666667 0.0365 0.03933333333333333
0 0.9065 0.2841666666666667 0.021 0.055
0 0.88425 0.2553333333333333 0.029 0.02266666666666667
0 0.6004999999999999 0.14216666666666666 0.027 0.019666666666666666
0 0.5345000000000001 0.5436666666666666 0.0255 0.05266666666666667
0 0.41875 0.48633333333333334 0.028 0.058666666666666666
0 0.883125 0.23550000000000001 0.03275 0.027666666666666666
0 0.7635000000000001 0.1905 0.0275 0.047
0 0.8099999999999999 0.43083333333333335 0.027 0.030333333333333334
0 0.80225 0.1095 0.0285 0.029
0 0.526125 0.22449999999999998 0.02125 0.05566666666666667
0 0.6703749999999999 0.24466666666666664 0.02125 0.056666666666666664
0 0.768625 0.5513333333333333 0.02425 0.044
0 0.50125 0.16649999999999998 0.019 0.045
0 0.479 0.5218333333333334 0.0385 0.036333333333333336
0 0.265875 0.3898333333333333 0.03275 0.034333333333333334
0 0.65225 0.11616666666666667 0.023 0.025666666666666667
0 0.613 0.13833333333333334 0.024 0.028
0 0.815875 0.5960000000000001 0.02175 0.03133333333333333
0 0.31375000000000003 0.6175 0.032 0.030333333333333334
0 0.38275 0.6831666666666667 0.0335 0.03766666666666667
0 0.56375 0.23933333333333331 0.0265 0.042
0 0.7228749999999999 0.13916666666666666 0.02775 0.024333333333333332
0 0.25675 0.5973333333333333 0.038 0.04133333333333333
0 0.379 0.529 0.031 0.028
0 0.6108750000000001 0.17966666666666664 0.02225 0.05466666666666667
0 0.8582500000000001 0.5988333333333333 0.034 0.034333333333333334
0 0.707875 0.16199999999999998 0.01925 0.03
0 0.753625 0.22949999999999998 0.01725 0.024333333333333332
0 0.57125 0.2748333333333333 0.0425 0.028333333333333332
0 0.16775 0.5893333333333333 0.0325 0.05533333333333333
0 0.34325 0.19516666666666665 0.015 0.028333333333333332
0 0.34712499999999996 0.6743333333333332 0.03775 0.051333333333333335
0 0.846875 0.14383333333333334 0.02125 0.041
0 0.49425 0.5108333333333334 0.024 0.034333333333333334
0 0.509875 0.8965000000000001 0.02875 0.04566666666666667
0 0.4245 0.19083333333333333 0.0195 0.011666666666666667
0 0.41812499999999997 0.1735 0.01525 0.028333333333333332
0 0.781625 0.125 0.03075 0.02
0 0.03625 0.267 0.0295 0.05533333333333333
0 0.8895000000000001 0.12583333333333332 0.0135 0.035666666666666666
0 0.45599999999999996 0.4336666666666667 0.0325 0.048
0 0.45 0.8048333333333333 0.026 0.039
0 0.8282499999999999 0.11499999999999999 0.0225 0.025333333333333333
0 0.848875 0.5478333333333333 0.02425 0.043
0 0.6785 0.15333333333333335 0.015 0.03666666666666667
0 0.947 0.09183333333333334 0.0205 0.023
0 0.5932499999999999 0.16199999999999998 0.0145 0.036
0 0.63625 0.20916666666666667 0.022 0.041666666666666664
0 0.504875 0.40066666666666667 0.03275 0.04
0 0.280125 0.2568333333333333 0.02875 0.05633333333333333
0 0.73925 0.18516666666666667 0.021 0.033666666666666664
0 0.5185000000000001 0.47000000000000003 0.0395 0.034
0 0.14575000000000002 0.2783333333333334 0.0235 0.038
0 0.6174375 0.5086666666666666 0.043625 0.036
0 0.5626249999999999 0.32449999999999996 0.02975 0.033666666666666664
0 0.9762500000000001 0.113 0.03 0.028666666666666667
0 0.72275 0.30666666666666664 0.027 0.05466666666666667
0 0.433375 0.17166666666666666 0.01625 0.03266666666666666
0 0.6281249999999999 0.18566666666666667 0.01975 0.03666666666666667
0 0.2845 0.48916666666666664 0.0325 0.029666666666666668
0 0.685875 0.1725 0.02375 0.06566666666666666
0 0.40599999999999997 0.20166666666666666 0.0225 0.021333333333333333
0 0.8062499999999999 0.5428333333333334 0.021 0.05433333333333333
0 0.732375 0.38466666666666666 0.02675 0.04466666666666667
0 0.54 0.823 0.0245 0.06733333333333333
0 0.339125 0.2215 0.01775 0.025666666666666667
0 0.30874999999999997 0.41433333333333333 0.0395 0.027333333333333334
0 0.42724999999999996 0.20650000000000002 0.0325 0.025
0 0.7136250000000001 0.3406666666666667 0.02675 0.05
0 0.752375 0.1305 0.02625 0.022333333333333334
0 0.01079 0.19854333333333335 0.02325 0.055320000000000015
0 0.026415 0.18638000000000002 0.03 0.04898666666666666
0 0.0071649999999999995 0.27152333333333334 0.0155 0.05598666666666664
0 0.124665 0.27069 0.03349999999999999 0.06897999999999999
0 0.15728999999999999 0.2585266666666667 0.02625 0.05398666666666664
0 0.17279 0.25786 0.02325 0.06065333333333331
0 0.22358250000000002 0.26109666666666664 0.03375 0.054320000000000014
0 0.17203999999999997 0.3628416666666667 0.05925 0.042656666666666676
0 0.20839500000000002 0.25035 0.019125 0.041153333333333306
0 0.20054 0.2997533333333333 0.04875 0.025660000000000006
0 0.19304 0.28634166666666666 0.03775 0.03282333333333334
0 0.22608250000000002 0.3513516666666667 0.05775 0.044323333333333305
0 0.251145 0.3705133333333333 0.033374999999999974 0.07197999999999997
0 0.271145 0.35735 0.03262499999999997 0.06964666666666665
0 0.27991499999999997 0.33163499999999996 0.03675 0.046570000000000014
0 0.30429 0.248215 0.02225 0.06681666666666668
0 0.31922750000000005 0.22880499999999998 0.017375 0.03099000000000001
0 0.31954 0.25463 0.0225 0.05298666666666668
0 0.3363525 0.239135 0.017875 0.04432333333333334
0 0.30704000000000004 0.31261500000000003 0.02 0.04465666666666668
0 0.338665 0.2715433333333333 0.04375 0.028826666666666674
0 0.33604000000000006 0.29503666666666667 0.033 0.04415333333333334
0 0.3179775 0.33003666666666664 0.025875 0.05048666666666664
0 0.36420624999999995 0.19829166666666667 0.020497500000000002 0.03449000000000001
0 0.35152 0.2259516666666667 0.016625 0.03649000000000001
0 0.36576875 0.24528000000000003 0.020872500000000002 0.054486666666666676
0 0.37989249999999997 0.22778333333333334 0.018625 0.05248666666666668
0 0.4205175 0.24130833333333332 0.014625 0.044656666666666636
0 0.45351749999999996 0.21934333333333333 0.022875 0.054486666666666676
0 0.45008000000000004 0.17152166666666666 0.02775 0.05148333333333333
0 0.46333 0.20243 0.02075 0.05198666666666668
0 0.477705 0.20776166666666668 0.0255 0.05465000000000002
0 0.5120175 0.23817 0.02687500000000006 0.054153333333333345
0 0.4815175 0.258915 0.019375 0.03032333333333334
0 0.49426749999999997 0.2574166666666667 0.016375 0.025326666666666674
0 0.45182999999999995 0.27041333333333334 0.02025 0.05198666666666668
0 0.397185 0.2713316666666667 0.039125 0.06548333333333335
0 0.435435 0.2747483333333333 0.026625 0.06298333333333335
0 0.4134975 0.2908266666666667 0.02575 0.05115333333333334
0 0.401185 0.30165833333333336 0.031875 0.05615000000000001
0 0.37993499999999997 0.27508166666666667 0.027875 0.06265000000000001
0 0.3613725 0.29675 0.02125 0.05065333333333335
0 0.3471225 0.3354916666666667 0.04075 0.03849000000000001
0 0.37749750000000004 0.33165833333333333 0.029 0.05415000000000002
0 0.3878725 0.349155 0.01475 0.03882333333333334
0 0.33485250000000005 0.3672316666666667 0.034375 0.06098333333333335
0 0.376915 0.3677316666666667 0.0435 0.03599000000000001
0 0.35454 0.37473 0.02025 0.04832000000000001
0 0.371415 0.4013066666666667 0.0285 0.036160000000000005
0 0.32597750000000003 0.3943916666666667 0.038875 0.043323333333333346
0 0.34735250000000006 0.42255 0.029375 0.05098666666666668
0 0.41454 0.33449 0.02725 0.05715333333333335
0 0.43304000000000004 0.3214933333333333 0.02275 0.04482000000000001
0 0.4018525 0.35032 0.015625 0.04315333333333334
0 0.45147625 0.3221316666666667 0.024372500000000002 0.038990000000000045
0 0.45953875000000005 0.30746999999999997 0.0237475 0.039653333333333346
0 0.41929 0.3656216666666667 0.04275 0.039989999999999935
0 0.5064125 0.28514333333333336 0.047 0.04365333333333331
0 0.498975 0.3321299999999999 0.030875 0.05231999999999998
0 0.48378750000000004 0.31546833333333335 0.03275 0.05831666666666672
0 0.47366250000000004 0.34054499999999993 0.026 0.061149999999999975
0 0.44554000000000005 0.3738683333333333 0.02475 0.06881666666666664
0 0.45578875 0.39361499999999994 0.0327475 0.06465000000000001
0 0.4849125 0.40411166666666665 0.0445 0.05565000000000001
0 0.4056225 0.38767166666666664 0.03625 0.01899666666666667
0 0.31806 0.45832 0.023875 0.05232000000000001
0 0.24874875000000002 0.4549016666666667 0.0419975 0.06298333333333335
0 0.2603725 0.42274500000000004 0.04975 0.033323333333333344
0 0.2668725 0.45507000000000003 0.03425 0.04532000000000001
0 0.2872475 0.43690666666666667 0.0375 0.045653333333333344
0 0.2923725 0.46640000000000004 0.02725 0.023326666666666673
0 0.2790625 0.5251899999999999 0.047625 0.06698000000000001
0 0.31954 0.4886433333333334 0.02525 0.046320000000000014
0 0.37091500000000005 0.43657333333333337 0.03 0.054153333333333345
0 0.3943725 0.4626783333333333 0.02175 0.04615666666666668
0 0.4148725 0.4230216666666667 0.02625 0.04449000000000001
0 0.427435 0.419605 0.026875 0.06398333333333335
0 0.42399749999999997 0.38778166666666664 0.0335 0.05431666666666668
0 0.436185 0.44593166666666667 0.017875 0.03732333333333334
0 0.37554000000000004 0.4756183333333333 0.02225 0.05948333333333327
0 0.35954 0.49478 0.02825 0.04815333333333335
0 0.3364775 0.47836833333333334 0.023125 0.06398333333333327
0 0.3967275 0.5115266666666666 0.023625 0.05932000000000001
0 0.43572750000000005 0.5221899999999999 0.029375 0.05598666666666668
0 0.4184775 0.5366033333333332 0.028875 0.05848666666666668
0 0.47729000000000005 0.45196 0.03425 0.07114666666666661
0 0.3627275 0.5518783333333334 0.049375 0.03548999999999993
0 0.28116500000000005 0.5473783333333334 0.028 0.05914999999999994
0 0.30391500000000005 0.5296333333333334 0.02475 0.045653333333333344
0 0.2962275 0.5772883333333333 0.042125 0.06464999999999994
0 0.38699750000000005 0.5585416666666666 0.055 0.0431566666666666
0 0.43599750000000004 0.5654583333333334 0.058 0.0613166666666666
0 0.44057999999999997 0.47664666666666666 0.022 0.045653333333333344
0 0.4541425 0.4788966666666667 0.025625 0.030826666666666672
0 0.50458 0.4877283333333333 0.05850000000000006 0.03982333333333334
0 0.5163724999999999 0.5356350000000001 0.03674999999999994 0.06098333333333335
0 0.4744375 0.5539616666666667 0.025375 0.04232333333333327
0 0.5144362499999999 0.5808433333333334 0.05362249999999995 0.04932000000000001
0 0.49899875 0.5964233333333333 0.05274749999999995 0.039820000000000015
0 0.46118750000000003 0.5816216666666667 0.035625 0.026323333333333268
0 0.48081124999999997 0.6099466666666666 0.0421225 0.054320000000000014
0 0.4068325 0.5800666666666666 0.052 0.039653333333333346
0 0.443395 0.6072266666666667 0.042625 0.03266000000000001
0 0.5429575 0.21827333333333335 0.019 0.049653333333333306
0 0.5568325 0.21544000000000002 0.02325 0.05065333333333331
0 0.5904575 0.19561333333333333 0.022 0.054653333333333345
0 0.6243525 0.2408783333333333 0.024375 0.06265000000000001
0 0.6433524999999999 0.2418783333333333 0.024625 0.06265000000000001
0 0.601915 0.27437 0.0245 0.054320000000000014
0 0.58541625 0.24396166666666666 0.027247499999999945 0.058150000000000014
0 0.6341024999999999 0.298585 0.028625 0.06331666666666669
0 0.6113525 0.299335 0.021625 0.06548333333333335
0 0.6010399999999999 0.33824333333333334 0.03575 0.07398000000000002
0 0.5936024999999999 0.36315166666666665 0.023375 0.06181666666666668
0 0.5780412500000001 0.33157833333333336 0.018997499999999945 0.06231666666666668
0 0.5072300000000001 0.3545716666666667 0.015875 0.01399666666666667
0 0.5224799999999999 0.34807499999999997 0.021375 0.041990000000000006
0 0.53723 0.368985 0.026875 0.05348333333333335
0 0.5501675 0.385815 0.033 0.03915666666666667
0 0.5235425 0.38839666666666667 0.03275 0.06498000000000002
0 0.57673 0.39489500000000005 0.022125 0.05398333333333335
0 0.5141675 0.44335333333333327 0.045 0.023160000000000007
0 0.55752 0.45030166666666666 0.032 0.09181666666666669
0 0.5253125000000001 0.4231533333333334 0.029875 0.019493333333333338
0 0.6396862499999999 0.35459166666666664 0.040872499999999944 0.07381666666666668
0 0.6887699999999999 0.25995 0.034625 0.05915333333333334
0 0.6528325 0.26344833333333334 0.018 0.042823333333333345
0 0.6500199999999999 0.30693666666666664 0.024875 0.06881333333333331
0 0.6668324999999999 0.31301833333333334 0.027 0.06798333333333331
0 0.7034562500000001 0.27186333333333335 0.042747500000000056 0.06132000000000001
0 0.6937074999999999 0.32151833333333335 0.02975 0.062316666666666645
0 0.693935 0.2102966666666667 0.028375 0.054820000000000015
0 0.7264349999999999 0.16705833333333334 0.022625 0.03332333333333332
0 0.7213099999999999 0.19105166666666665 0.018625 0.03765666666666668
0 0.7022475 0.18322 0.02025 0.025326666666666654
0 0.7149975 0.21962666666666666 0.02325 0.05248666666666668
0 0.735435 0.23312333333333335 0.020875 0.055820000000000015
0 0.6051875 0.23254166666666665 0.021625 0.06265000000000001
0 0.7755599999999999 0.17838833333333334 0.034375 0.05498333333333333
0 0.7352474999999999 0.15964166666666665 0.02475 0.03548999999999999
0 0.8141425 0.24131666666666668 0.034625 0.05265333333333331
0 0.77683 0.136835 0.03375 0.018330000000000003
0 0.8262050000000001 0.14425 0.0245 0.04415333333333334
0 0.8702050000000001 0.15666333333333335 0.0255 0.04798666666666668
0 0.8851425 0.16882666666666665 0.026875 0.054653333333333345
0 0.8616425000000001 0.1890716666666667 0.027625 0.048156666666666674
0 0.8406425000000001 0.17324333333333336 0.015625 0.02549333333333334
0 0.8310375 0.20173500000000003 0.04125 0.03849000000000001
0 0.833475 0.23822500000000002 0.028125 0.05748333333333331
0 0.855975 0.22864500000000001 0.025875 0.05664999999999998
0 0.7872475 0.25416500000000003 0.02725 0.058483333333333345
0 0.7738725 0.29174 0.04975 0.04798666666666668
0 0.7698725 0.31031833333333336 0.06775 0.041156666666666675
0 0.8427474999999999 0.29332166666666665 0.02975 0.058483333333333345
0 0.8043724999999999 0.2933216666666667 0.016 0.05381666666666668
0 0.8218099999999999 0.29015500000000005 0.025625 0.06615000000000001
0 0.865185 0.27291166666666666 0.053625 0.03699000000000001
0 0.8633500000000001 0.31959166666666666 0.025625 0.06681666666666668
0 0.8867875 0.36016666666666663 0.025 0.07331333333333336
0 0.9022475 0.33867166666666665 0.03008000000000004 0.059650000000000016
0 0.7684550000000001 0.3353116666666667 0.06275 0.040156666666666674
0 0.7388300000000001 0.3528083333333334 0.022 0.03815666666666668
0 0.7727675 0.3839666666666667 0.028375 0.07081333333333327
0 0.7913925 0.38205 0.031875 0.07664666666666661
0 0.8364974999999999 0.32900999999999997 0.0345 0.022993333333333338
0 0.8206224999999999 0.34567166666666665 0.044 0.03232333333333334
0 0.8419349999999999 0.36525 0.032625 0.05148666666666668
0 0.8123724999999999 0.36599833333333337 0.03725 0.03632333333333334
0 0.8153725 0.39633666666666667 0.0245 0.04998666666666668
0 0.7507475 0.39517 0.03275 0.08098000000000002
0 0.840935 0.3996683333333333 0.029625 0.041990000000000006
0 0.861935 0.4134983333333333 0.053625 0.03699000000000001
0 0.8616225 0.37317500000000003 0.0155 0.04032333333333334
0 0.8729975 0.38833666666666666 0.01925 0.022660000000000007
0 0.6269974999999999 0.37617 0.03575 0.08031333333333335
0 0.6209975 0.42232333333333333 0.026 0.07264666666666668
0 0.6686224999999999 0.37142166666666665 0.02325 0.06481666666666668
0 0.6871225 0.38016833333333333 0.02725 0.07265000000000002
0 0.7043725 0.3775016666666666 0.02775 0.059650000000000016
0 0.6530599999999999 0.42832166666666666 0.042625 0.06265000000000001
0 0.6671225 0.444235 0.04175 0.06748333333333335
0 0.60081 0.40791000000000005 0.031125 0.06881333333333335
0 0.7654125 0.4298766666666667 0.0555 0.043986666666666605
0 0.837705 0.44679 0.04075 0.026493333333333265
0 0.8275175 0.473865 0.056875 0.03232333333333334
0 0.87770375 0.46053499999999997 0.05324749999999995 0.041990000000000006
0 0.79208 0.4811966666666666 0.0225 0.07264666666666668
0 0.7611425 0.48678 0.045375 0.053153333333333344
0 0.70935125 0.46911833333333336 0.04137250000000006 0.06314999999999994
0 0.6773525 0.47211499999999995 0.025125 0.06648333333333335
0 0.5944775 0.45392499999999997 0.027625 0.03765666666666668
0 0.6425399999999999 0.48258666666666666 0.06825 0.05032000000000001
0 0.655415 0.5034133333333333 0.045 0.05132000000000001
0 0.70328875 0.5067483333333334 0.03574750000000006 0.08931000000000001
0 0.69872625 0.5340733333333334 0.04412250000000006 0.05732000000000001
0 0.7401625000000001 0.556485 0.0415 0.05748333333333335
0 0.72435125 0.5759783333333334 0.06687250000000006 0.04349000000000001
0 0.7375375000000001 0.520995 0.03475 0.03715666666666668
0 0.7768725 0.5235216666666667 0.024 0.060650000000000016
0 0.7572475 0.56651 0.03325 0.04965333333333335
0 0.78718375 0.5595950000000001 0.028872500000000058 0.07048333333333334
0 0.75506 0.5280199999999999 0.017875 0.03199333333333334
0 0.82862 0.5059966666666667 0.02325 0.05248666666666668
0 0.8243075 0.5442366666666667 0.029625 0.07898000000000002
0 0.5675825 0.5508466666666667 0.031 0.08464666666666669
0 0.5973099999999999 0.4745616666666667 0.038625 0.07215000000000002
0 0.58931 0.5443766666666667 0.023625 0.0671466666666666
0 0.6087475 0.52763 0.028 0.027660000000000007
0 0.6451849999999999 0.54346 0.067875 0.03565999999999993
0 0.6332474999999999 0.5687866666666668 0.06625 0.04931999999999993
0 0.6694975 0.5563733333333334 0.0475 0.03615999999999993
0 0.53249875 0.627605 0.056747499999999944 0.06731666666666668
0 0.58156 0.6002766666666667 0.046875 0.05098666666666668
0 0.6110399999999999 0.6287699999999999 0.0485 0.05632000000000001
0 0.6034149999999999 0.6564316666666666 0.051 0.06298333333333335
0 0.637415 0.6333533333333333 0.03275 0.09447333333333335
0 0.6567899999999999 0.6446 0.03825 0.1006400000000001
0 0.6802274999999999 0.5841149999999999 0.031375 0.059650000000000016
0 0.7222887499999999 0.6088583333333333 0.06024750000000006 0.042156666666666676
0 0.7636224999999999 0.6146633333333333 0.04375 0.038986666666666676
0 0.5846849999999999 0.6728416666666667 0.070625 0.06281666666666669
0 0.5445599999999999 0.650515 0.026375 0.049823333333333344
0 0.5384975 0.69392 0.03575 0.07198000000000002
0 0.56156 0.7075 0.034375 0.06681333333333328
0 0.599685 0.71983 0.043875 0.04581999999999986
0 0.6537474999999999 0.70525 0.0755 0.05332000000000001
0 0.5484550000000001 0.5356566666666667 0.01425 0.04998666666666668
0 0.362625 0.5868216666666666 0.0505 0.040656666666666674
0 0.331125 0.601485 0.0485 0.03865666666666667
0 0.35337500000000005 0.6238116666666667 0.054 0.03999000000000001
0 0.40299875 0.6068183333333333 0.039747500000000005 0.033656666666666675
0 0.40968625 0.62273 0.0528725 0.036826666666666674
0 0.3601875 0.6373933333333334 0.051375 0.053820000000000014
0 0.39387375 0.6552216666666667 0.054747500000000004 0.03782333333333334
0 0.44631 0.6344766666666667 0.040875 0.03166000000000001
0 0.4407475 0.6567216666666666 0.04125 0.03649000000000001
0 0.422935 0.6812983333333335 0.040375 0.03665666666666668
0 0.47480999999999995 0.6327283333333333 0.026125 0.041823333333333344
0 0.4578525 0.6718016666666666 0.035875 0.03698999999999993
0 0.49854000000000004 0.6741333333333334 0.05049999999999994 0.04365333333333334
0 0.39955999999999997 0.7184733333333334 0.059375 0.05098666666666668
0 0.443185 0.7193066666666665 0.030625 0.03266000000000001
0 0.4667475 0.7248883333333332 0.0255 0.07081666666666661
0 0.480185 0.699645 0.036125 0.03832333333333334
0 0.4382475 0.7535466666666666 0.0465 0.04348666666666668
0 0.37181125000000004 0.7517983333333333 0.061622500000000004 0.044323333333333416
0 0.309625 0.702145 0.05175 0.03932333333333334
0 0.3174375 0.7271383333333333 0.051375 0.03932333333333342
0 0.36456125 0.7138066666666666 0.0511225 0.04832000000000001
0 0.36362375 0.7841233333333334 0.0367475 0.07164666666666668
0 0.3195 0.7618783333333333 0.045 0.04082333333333327
0 0.33275 0.7967033333333333 0.0415 0.07114666666666669
0 0.3929975 0.7802066666666667 0.048 0.04448666666666668
0 0.3846225 0.8085333333333333 0.03075 0.04915333333333335
0 0.41718500000000003 0.8023683333333334 0.030375 0.06548333333333327
0 0.41649749999999996 0.7502150000000001 0.04975 0.04615666666666675
0 0.38862375 0.84694 0.0502475 0.05132000000000001
0 0.322665 0.8588250000000001 0.063 0.09197666666666661
0 0.4374775 0.8236683333333334 0.027375 0.0653166666666666
0 0.4239775 0.8601566666666667 0.027125 0.07498000000000002
0 0.49764250000000004 0.74505 0.031875000000000056 0.05848666666666668
0 0.51608 0.746715 0.045000000000000054 0.08614333333333343
0 0.5213925 0.7159733333333335 0.04087500000000006 0.05665333333333335
0 0.46329000000000004 0.7727366666666666 0.06225 0.039653333333333346
0 0.489915 0.7923983333333333 0.05774999999999994 0.03398999999999993
0 0.473415 0.8169466666666667 0.04175 0.030993333333333338
0 0.51154 0.8186983333333333 0.03624999999999994 0.061483333333333424
0 0.4872275 0.8481883333333333 0.037125 0.06648333333333327
0 0.44879 0.8654333333333333 0.02525 0.07798000000000002
0 0.46710250000000003 0.8728483333333333 0.025625 0.0858100000000001
0 0.5023525 0.8735166666666667 0.04512499999999994 0.07248000000000002
0 0.74433 0.4699533333333334 0.0475 0.04265333333333327
0 0.779455 0.44579166666666664 0.03775 0.03432333333333327
0 0.6976849999999999 0.63266 0.060625 0.04415333333333334
0 0.6866224999999999 0.6605700000000001 0.06125 0.046653333333333345
0 0.6727474999999999 0.6936433333333334 0.042 0.04915333333333327
0 0.727935 0.6740649999999999 0.030375 0.08230999999999994
0 0.7286212499999999 0.7396316666666667 0.03224750000000006 0.06648333333333327
0 0.7030375000000001 0.724705 0.02625 0.08580999999999994
0 0.59504 0.7583633333333334 0.06075 0.05748666666666668
0 0.6345399999999999 0.7447833333333335 0.03225 0.07864666666666668
0 0.65360125 0.7567799999999999 0.03362250000000006 0.07998000000000002
0 0.6951625 0.7726933333333333 0.0375 0.08381333333333335
0 0.6715375 0.78996 0.03 0.09130666666666669
0 0.6204774999999999 0.8146216666666666 0.056125 0.0636500000000001
0 0.5719774999999999 0.8034566666666667 0.044875 0.04698666666666668
0 0.6001025 0.8378633333333333 0.035875 0.07348000000000002
0 0.5256225 0.8680516666666667 0.01925 0.0386566666666666
0 0.53906 0.8667183333333334 0.040875 0.08097666666666661
0 0.5708724999999999 0.8619683333333333 0.04225 0.08647666666666662
0 0.4938525 0.9311733333333333 0.07337499999999994 0.04415333333333334
0 0.48979 0.9715783333333333 0.04175 0.056316666666666605
0 0.647745 0.8574899999999999 0.018 0.05032000000000001
0 0.764285 0.6566 0.02675 0.08131333333333335
0 0.7481599999999999 0.66793 0.036 0.07864666666666677
0 0.79241 0.6322716666666667 0.0305 0.06331666666666669
0 0.8967425 0.5415183333333333 0.0615 0.08264333333333336
0 0.8308675 0.5968383333333334 0.02725 0.06265000000000001
0 0.8828674999999999 0.608835 0.06625 0.05465000000000002
0 0.8614925 0.5676783333333334 0.04 0.05698333333333335
0 0.8241175 0.6308283333333333 0.05625 0.04665666666666667
0 0.9307425 0.47670333333333337 0.0595 0.044986666666666605
0 0.9470750000000001 0.194055 0.0315 0.05998333333333333
0 0.9695750000000001 0.19722166666666666 0.0305 0.05898333333333333
0 0.907325 0.20538499999999998 0.025 0.04532333333333334
0 0.890825 0.21505 0.039 0.045986666666666676
0 0.9373250000000001 0.24802999999999997 0.0235 0.07064666666666665
0 0.9176837499999999 0.13891666666666666 0.04337250000000006 0.05132000000000001
0 0.93293375 0.10492499999999999 0.05087250000000006 0.03665666666666666
0 0.9470575 0.08676333333333333 0.043625 0.02399333333333332
0 0.9858925000000001 0.14597166666666667 0.014875 0.03498999999999999
0 0.9872675 0.18879333333333334 0.026125 0.05132000000000001
0 0.9830175000000001 0.17346333333333333 0.035125 0.024660000000000005
0 0.9917675000000001 0.10056666666666667 0.015875 0.03149333333333333
0 0.9878300000000001 0.23944666666666667 0.02025 0.05665333333333335
0 0.9578925 0.25444333333333335 0.027875 0.07064666666666665
0 0.9735800000000001 0.259275 0.0215 0.059649999999999974
0 0.9412675 0.2992633333333333 0.054625 0.04698666666666668
0 0.9862675000000001 0.2894333333333334 0.026875 0.04431999999999998
0 0.9391425000000001 0.327785 0.058375 0.043823333333333304
0 0.9756425000000001 0.35919333333333336 0.047125 0.06797999999999998
0 0.9827675 0.3169533333333333 0.030625 0.023160000000000007
0 0.9868925 0.33544833333333335 0.026625 0.03748999999999997
0 0.92608 0.3616083333333333 0.05325 0.03582333333333334
0 0.91537125 0.3945716666666667 0.05674750000000006 0.034323333333333345
0 0.94962 0.3875733333333333 0.02325 0.020660000000000005
0 0.9739949999999999 0.39199 0.053 0.05182000000000001
0 0.9445575 0.406985 0.034875 0.03782333333333334
0 0.9767450000000001 0.41540000000000005 0.0475 0.03466
0 0.90355875 0.42773000000000005 0.04837250000000006 0.045986666666666676
0 0.96462 0.4503916666666667 0.06675 0.04532333333333334
0 0.967495 0.4325616666666667 0.0645 0.04099000000000001
0 0.98512 0.48163333333333336 0.02875 0.03282666666666667
0 0.9768075 0.49871166666666666 0.043875 0.06098333333333327
0 0.8887050000000001 0.42567499999999997 0.04525 0.03299000000000001
0 0.86135 0.4874083333333334 0.048625 0.03615666666666668
0 0.904475 0.47666166666666665 0.054375 0.06731666666666668
0 0.92935 0.51082 0.060375 0.03399333333333334
0 0.9728925 0.5249266666666667 0.053625 0.07331333333333336
0 0.98258 0.5645 0.037 0.05082000000000001
0 0.931205 0.5576416666666667 0.05425 0.06465000000000001
0 0.886455 0.5857166666666667 0.027 0.02849333333333334
0 0.9234550000000001 0.6179583333333334 0.02425 0.08130999999999995
0 0.9423925 0.6180966666666666 0.024125 0.06948000000000001
0 0.9705175 0.62068 0.039125 0.07531333333333336
0 0.9857675 0.5977683333333333 0.026875 0.03282333333333334
0 0.9907675 0.6308433333333333 0.016375 0.03466
0 0.9873700000000001 0.670195 0.02425 0.059150000000000015
0 0.9661200000000001 0.6866066666666667 0.0315 0.09430666666666676
0 0.98287 0.7277616666666666 0.03475 0.08397666666666662
0 0.94787 0.70027 0.04325 0.09897333333333336
0 0.92055875 0.7019366666666667 0.04362250000000006 0.1003066666666667
0 0.8727050000000001 0.6498666666666666 0.0665 0.03182666666666667
0 0.885955 0.6881900000000001 0.05875 0.05615333333333342
0 0.8932675 0.717265 0.057875 0.056983333333333275
0 0.84933 0.6836916666666667 0.06075 0.06015000000000009
0 0.7977675 0.67761 0.053375 0.05298666666666668
0 0.8249550000000001 0.701435 0.05325 0.06398333333333342
0 0.77854 0.7190433333333334 0.04675 0.047653333333333346
0 0.7588524999999999 0.756865 0.050625 0.06431666666666676
0 0.80104 0.7372033333333333 0.039 0.07498000000000002
0 0.76654 0.7758600000000001 0.05975 0.07098000000000002
0 0.84291375 0.7317883333333334 0.05299750000000006 0.038489999999999934
0 0.8881625 0.7554500000000001 0.0385 0.07714666666666668
0 0.8677250000000001 0.7816083333333333 0.043625 0.09247666666666661
0 0.84235125 0.7891900000000001 0.04887250000000006 0.09697333333333336
0 0.80766375 0.8035183333333333 0.05699750000000006 0.06765000000000009
0 0.7650399999999999 0.8365666666666666 0.06025 0.04198666666666668
0 0.8152262499999999 0.8268183333333333 0.04337250000000006 0.06348333333333327
0 0.9361212499999999 0.7671666666666667 0.06624750000000006 0.05082000000000001
0 0.97512 0.7982433333333333 0.04875 0.05932000000000001
0 0.9244924999999999 0.8238133333333333 0.067 0.05198666666666668
0 0.8689925 0.8664666666666666 0.0785 0.07064666666666669
0 0.12407750000000001 0.389615 0.031499999999999986 0.06598333333333335
0 0.190075 0.4539316666666666 0.0505 0.03599000000000001
0 0.211325 0.5768983333333334 0.029 0.060650000000000016
0 0.23932499999999998 0.6902016666666667 0.043 0.055316666666666604
0 0.23832499999999998 0.777845 0.071 0.06531666666666676
0 0.39306 0.160935 0.027375 0.02998999999999999
0 0.344495 0.06056666666666667 0.021 0.028659999999999998
0 0.7002474999999999 0.11827499999999999 0.02 0.033990000000000006
0 0.83768375 0.09553 0.01862250000000006 0.04381999999999999
0 0.50546875 0.6331883333333334 0.0405625 0.046736666666666676
