0 0.609 0.2475 0.024 0.02033333333333333
0 0.06225 0.37266666666666665 0.023 0.030666666666666665
0 0.064625 0.298 0.02425 0.015333333333333332
0 0.08925 0.34933333333333333 0.026 0.034
0 0.8055 0.5217916666666668 0.0255 0.03841666666666667
0 0.9315 0.5308333333333333 0.029 0.033
0 0.362625 0.469 0.02225 0.034666666666666665
0 0.7043750000000001 0.45616666666666666 0.02025 0.03833333333333333
0 0.5700000000000001 0.4583333333333333 0.0235 0.023333333333333334
0 0.71675 0.2871666666666667 0.016 0.028333333333333332
0 0.267 0.2886666666666666 0.013 0.02266666666666667
0 0.826875 0.3496666666666667 0.03425 0.016666666666666666
0 0.984125 0.5226666666666666 0.02475 0.03666666666666667
0 0.44175 0.5545 0.0295 0.042333333333333334
0 0.90825 0.3745 0.023 0.034333333333333334
0 0.55025 0.30983333333333335 0.028 0.019
0 0.36762500000000004 0.4966666666666667 0.02775 0.032
0 0.553125 0.5366666666666666 0.02275 0.03666666666666667
0 0.93705 0.368915 0.022100000000000022 0.028836666666666663
0 0.5456249999999999 0.58 0.01975 0.03666666666666667
0 0.50275 0.47 0.018 0.029333333333333333
0 0.841 0.5566666666666666 0.025 0.042666666666666665
0 0.823375 0.3168333333333333 0.04125 0.021666666666666667
0 0.711125 0.5215000000000001 0.02275 0.041666666666666664
0 0.831375 0.25766666666666665 0.01775 0.016666666666666666
0 0.56525 0.49466666666666664 0.0195 0.03133333333333333
0 0.656 0.5155 0.024 0.037
0 0.963375 0.535 0.01875 0.030666666666666665
0 0.18537499999999998 0.5106666666666667 0.02625 0.03266666666666666
0 0.660375 0.2771666666666667 0.01725 0.021666666666666667
0 0.013625 0.4686666666666667 0.02675 0.03133333333333333
0 0.699625 0.3501666666666667 0.03275 0.017
0 0.346625 0.39749999999999996 0.02825 0.033666666666666664
0 0.45599999999999996 0.5548333333333334 0.0165 0.033666666666666664
0 0.31393625000000003 0.5395 0.021627499999999997 0.042333333333333334
0 0.255 0.294 0.012 0.024666666666666667
0 0.856875 0.625 0.03275 0.04666666666666667
0 0.028374999999999997 0.3706666666666667 0.02025 0.032
0 0.551625 0.48716666666666664 0.02625 0.036333333333333336
0 0.856125 0.5529999999999999 0.01875 0.03866666666666667
0 0.5577500000000001 0.2935 0.0155 0.024333333333333332
0 0.565875 0.6281666666666667 0.04075 0.025666666666666667
0 0.895625 0.6636666666666666 0.03575 0.034666666666666665
0 0.90675 0.32283333333333336 0.017 0.031
0 0.49575 0.293 0.027 0.015333333333333332
0 0.6597500000000001 0.6076666666666667 0.0235 0.046
0 0.516375 0.5321666666666667 0.02275 0.041
0 0.37324999999999997 0.51017 0.0275 0.030326666666666672
0 0.32975 0.4845 0.02 0.028333333333333332
0 0.94075 0.619 0.018 0.043333333333333335
0 0.8616250000000001 0.48983333333333334 0.02425 0.037
0 0.407125 0.4625 0.01475 0.030333333333333334
0 0.674875 0.6141666666666666 0.02625 0.045
0 0.498685 0.5683683333333333 0.016370000000000006 0.045403333333333344
0 0.8171250000000001 0.6696666666666666 0.02425 0.04933333333333333
0 0.36271749999999997 0.44448 0.021435000000000003 0.03496000000000004
0 0.11 0.4628333333333333 0.021 0.03833333333333333
0 0.92525 0.32516666666666666 0.0175 0.030333333333333334
0 0.056624999999999995 0.5128333333333333 0.02525 0.04033333333333333
0 0.773 0.475 0.0365 0.034666666666666665
0 0.48125 0.427 0.022 0.036
0 0.10925 0.365 0.0185 0.03266666666666666
0 0.9031250000000001 0.6296666666666667 0.02225 0.038
0 0.653875 0.5596666666666666 0.02325 0.051333333333333335
0 0.23925000000000002 0.5123333333333333 0.017 0.03666666666666667
0 0.011375 0.43166666666666664 0.02275 0.03666666666666667
0 0.27725 0.5045 0.017 0.035
0 0.09 0.4255 0.03 0.024333333333333332
0 0.1985 0.46900000000000003 0.0205 0.032
0 0.08875 0.303 0.0255 0.013333333333333334
0 0.653375 0.43216666666666664 0.01725 0.030333333333333334
0 0.596 0.44816666666666666 0.0205 0.034333333333333334
0 0.071125 0.5041666666666667 0.01875 0.029666666666666668
0 0.8905 0.43033333333333335 0.026 0.03
0 0.5792499999999999 0.4961666666666667 0.023 0.031
0 0.49812500000000004 0.5266666666666666 0.02275 0.042666666666666665
0 0.9447875 0.568565 0.030075000000000046 0.03353666666666663
0 0.62125 0.5505 0.024 0.041
0 0.4875 0.474 0.0205 0.042666666666666665
0 0.9255 0.5606666666666666 0.034 0.030666666666666665
0 0.6671250000000001 0.45333333333333337 0.02425 0.034
0 0.9417500000000001 0.6598333333333334 0.0335 0.05366666666666667
0 0.42504 0.4662133333333333 0.022579999999999985 0.035093333333333324
0 0.4875 0.49866666666666665 0.033 0.030666666666666665
0 0.072625 0.5368333333333333 0.01875 0.031
0 0.591375 0.41433333333333333 0.02075 0.030666666666666665
0 0.06425 0.45116666666666666 0.0175 0.034333333333333334
0 0.244375 0.5978333333333333 0.02525 0.052333333333333336
0 0.352875 0.564 0.03225 0.03266666666666666
0 0.871625 0.5416666666666666 0.01925 0.03866666666666667
0 0.14225000000000002 0.49416666666666664 0.0245 0.042333333333333334
0 0.2675 0.5075000000000001 0.017 0.030333333333333334
0 0.487875 0.25766666666666665 0.01875 0.02266666666666667
0 0.17225000000000001 0.5125 0.0245 0.041
0 0.6322500000000001 0.5971666666666666 0.0375 0.039
0 0.5249999999999999 0.3465 0.031 0.018333333333333333
0 0.7542500000000001 0.31333333333333335 0.0255 0.014666666666666666
0 0.8624999999999999 0.3095 0.0165 0.022333333333333334
0 0.5005 0.22783333333333333 0.018 0.021666666666666667
0 0.420125 0.423 0.02275 0.037333333333333336
0 0.377375 0.5216666666666667 0.02275 0.032
0 0.29312499999999997 0.547 0.02025 0.05
0 0.7701250000000001 0.6178333333333333 0.01625 0.04566666666666667
0 0.23625000000000002 0.30050000000000004 0.0275 0.015666666666666666
0 0.980375 0.6701666666666667 0.02375 0.04833333333333333
0 0.640375 0.26283333333333336 0.01425 0.023
0 0.437375 0.264 0.02475 0.02
0 0.729 0.30133333333333334 0.026 0.017333333333333333
0 0.7140000000000001 0.24716666666666665 0.0275 0.018333333333333333
0 0.25443625 0.5438333333333333 0.022872500000000004 0.045
0 0.11549999999999999 0.41200000000000003 0.024 0.026
0 0.0995 0.2898333333333334 0.03 0.017666666666666667
0 0.417625 0.5155 0.03225 0.018333333333333333
0 0.36287499999999995 0.5783333333333334 0.03675 0.034
0 0.23485375 0.4442466666666667 0.01879249999999999 0.03550666666666666
0 0.266125 0.41333333333333333 0.02525 0.032
0 0.9772500000000001 0.5628333333333333 0.0275 0.042333333333333334
0 0.7835 0.6338333333333334 0.0185 0.05566666666666667
0 0.123 0.48516666666666663 0.0265 0.021666666666666667
0 0.7472500000000001 0.5121666666666667 0.0255 0.033666666666666664
0 0.58125 0.5458333333333334 0.038 0.029666666666666668
0 0.640875 0.283 0.02075 0.027333333333333334
0 0.1245 0.3358333333333333 0.0315 0.018333333333333333
0 0.03625 0.38049999999999995 0.028 0.03166666666666667
0 0.152375 0.44549999999999995 0.02625 0.029666666666666668
0 0.289 0.5086666666666666 0.015 0.034
0 0.80875 0.3343333333333333 0.031 0.019333333333333334
0 0.7022499999999999 0.5608333333333333 0.021 0.044333333333333336
0 0.8505 0.3005 0.0245 0.025666666666666667
0 0.95025 0.53 0.018 0.036
0 0.904625 0.5511666666666667 0.02175 0.027666666666666666
0 0.754 0.2861666666666667 0.02 0.021
0 0.23875000000000002 0.3788333333333333 0.0285 0.028333333333333332
0 0.05424999999999999 0.5455 0.022 0.045
0 0.7374999999999999 0.3473333333333333 0.0205 0.030666666666666665
0 0.811125 0.6293333333333333 0.02275 0.06066666666666667
0 0.82508125 0.6161416666666667 0.01833749999999998 0.06094999999999997
0 0.826625 0.24866666666666667 0.01675 0.016666666666666666
0 0.3785 0.4288333333333333 0.029 0.021666666666666667
0 0.6348750000000001 0.4378333333333333 0.02075 0.033666666666666664
0 0.8466250000000001 0.3615 0.02875 0.024333333333333332
0 0.05975 0.4716666666666667 0.022 0.023333333333333334
0 0.844375 0.5903333333333334 0.02525 0.029333333333333333
0 0.17093624999999998 0.43574166666666664 0.028627499999999997 0.029849999999999984
0 0.524875 0.37766666666666665 0.02725 0.024666666666666667
0 0.609375 0.2828333333333333 0.02025 0.025
0 0.351375 0.31733333333333336 0.02975 0.016
0 0.8722500000000001 0.49633333333333335 0.0195 0.027333333333333334
0 0.461375 0.261 0.01625 0.02666666666666667
0 0.39349999999999996 0.4706666666666666 0.0175 0.03666666666666667
0 0.88225 0.6371666666666667 0.02 0.04633333333333333
0 0.521625 0.567 0.01975 0.034666666666666665
0 0.46975 0.5888333333333333 0.03 0.022333333333333334
0 0.8313250000000001 0.377275 0.04075 0.015449999999999969
0 0.9345 0.39816666666666667 0.026 0.025666666666666667
0 0.7956625 0.27003666666666665 0.022325000000000046 0.03607333333333334
0 0.297 0.47333333333333333 0.0195 0.029333333333333333
0 0.42975 0.2836666666666667 0.022 0.025333333333333333
0 0.7555587500000001 0.5481666666666666 0.03611749999999995 0.017
0 0.123375 0.431 0.01825 0.029333333333333333
0 0.277625 0.287 0.01775 0.02666666666666667
0 0.72622625 0.32772 0.016952499999999985 0.028559999999999985
0 0.863125 0.584 0.02825 0.04066666666666666
0 0.035875 0.2823333333333333 0.02725 0.023333333333333334
0 0.5870000000000001 0.295 0.0175 0.026
0 0.546625 0.24283333333333335 0.02725 0.017666666666666667
0 0.018625000000000003 0.43883333333333335 0.01675 0.025
0 0.2625 0.4593333333333333 0.022 0.03333333333333333
0 0.18537499999999998 0.47683333333333333 0.01775 0.029666666666666668
0 0.39529 0.5951116666666667 0.03857999999999998 0.03444333333333331
0 0.44478999999999996 0.5161666666666667 0.024420000000000015 0.03233333333333333
0 0.7685000000000001 0.29283333333333333 0.0235 0.023666666666666666
0 0.701625 0.23716666666666666 0.01625 0.021666666666666667
0 0.45803999999999995 0.4835 0.021579999999999985 0.025
0 0.77375 0.5158333333333334 0.0295 0.025666666666666667
0 0.475875 0.5333333333333333 0.01825 0.04066666666666666
0 0.741125 0.5763333333333334 0.03325 0.021333333333333333
0 0.39275 0.257 0.0135 0.021333333333333333
0 0.31512500000000004 0.4508333333333333 0.01875 0.035666666666666666
0 0.956625 0.6281666666666667 0.02125 0.03833333333333333
0 0.132875 0.406 0.01575 0.03
0 0.730625 0.604 0.01725 0.04733333333333333
0 0.8574999999999999 0.2746666666666666 0.0185 0.020666666666666667
0 0.892125 0.40549999999999997 0.01925 0.022333333333333334
0 0.20800000000000002 0.4995 0.0155 0.042333333333333334
0 0.552375 0.6883333333333334 0.02525 0.037333333333333336
0 0.986875 0.31033333333333335 0.02525 0.018666666666666668
0 0.9916250000000001 0.34883333333333333 0.01625 0.024333333333333332
0 0.029625 0.4085 0.02975 0.012333333333333333
0 0.961875 0.6616666666666666 0.01925 0.04533333333333334
0 0.5098750000000001 0.24483333333333335 0.02525 0.015
0 0.916 0.32266666666666666 0.014 0.027333333333333334
0 0.56475 0.6033333333333333 0.027 0.04133333333333333
0 0.171875 0.4688333333333333 0.01975 0.019
0 0.5905 0.31183333333333335 0.0275 0.015666666666666666
0 0.525 0.23083333333333333 0.02 0.01633333333333333
0 0.7518750000000001 0.268 0.01625 0.023333333333333334
0 0.8102875 0.26187166666666667 0.019575000000000044 0.02174333333333334
0 0.4995 0.30983333333333335 0.019 0.017666666666666667
0 0.399125 0.575 0.02525 0.02266666666666667
0 0.121875 0.4651666666666667 0.01775 0.035666666666666666
0 0.67875 0.21783333333333332 0.017 0.021666666666666667
0 0.5527500000000001 0.44266666666666665 0.0135 0.03133333333333333
0 0.7072499999999999 0.49001833333333333 0.033 0.0292966666666667
0 0.07625 0.3988333333333334 0.031 0.021666666666666667
0 0.74225 0.6091666666666666 0.016 0.039
0 0.87675 0.32416666666666666 0.018 0.029666666666666668
0 0.72775 0.27416666666666667 0.024 0.013
0 0.683 0.3021666666666667 0.0295 0.027
0 0.503125 0.26466666666666666 0.03275 0.017333333333333333
0 0.75575 0.6153333333333333 0.0195 0.05333333333333334
0 0.692875 0.2813333333333333 0.01875 0.024666666666666667
0 0.883125 0.5578333333333334 0.02275 0.033666666666666664
0 0.891125 0.4958333333333333 0.02125 0.03766666666666667
0 0.8358749999999999 0.27749999999999997 0.01375 0.027666666666666666
0 0.7255 0.5385000000000001 0.0185 0.04766666666666667
0 0.8925 0.32316666666666666 0.016 0.025666666666666667
0 0.8655 0.3655 0.016 0.03166666666666667
0 0.5750000000000001 0.43316666666666664 0.034 0.02033333333333333
0 0.798375 0.6123333333333333 0.01775 0.050666666666666665
0 0.64325 0.3261666666666667 0.012 0.019666666666666666
0 0.052250000000000005 0.2901666666666667 0.038 0.021
0 0.043375 0.451 0.02775 0.024
0 0.323875 0.5623333333333334 0.01675 0.043333333333333335
0 0.871 0.29100000000000004 0.015 0.018666666666666668
0 0.989 0.43766666666666665 0.0215 0.035333333333333335
0 0.8847499999999999 0.297 0.0145 0.019333333333333334
0 0.220375 0.5798333333333333 0.03125 0.024333333333333332
0 0.7527499999999999 0.3046666666666667 0.023 0.012666666666666666
0 0.02035375 0.5221666666666667 0.0162925 0.041
0 0.9051 0.349085 0.036700000000000045 0.017163333333333336
0 0.00725 0.2848333333333333 0.0145 0.022333333333333334
0 0.82437125 0.5356666666666666 0.02425750000000005 0.020666666666666667
0 0.004582500000000001 0.37079 0.0125 0.030326666666666596
0 0.013832500000000001 0.37195666666666666 0.024 0.043986666666666605
0 0.046625 0.4288016666666667 0.037 0.03899000000000001
0 0.0065 0.4054766666666667 0.0135 0.027660000000000007
0 0.0050625 0.42222 0.010625 0.021160000000000005
0 0.006875 0.45312833333333336 0.01525 0.01199666666666667
0 0.01125 0.46171 0.02375 0.022493333333333265
0 0.1036875 0.3963683333333333 0.041125 0.02474333333333334
0 0.10403125 0.407825 0.0281875 0.016163333333333335
0 0.0584375 0.43052666666666667 0.046875 0.03190666666666667
0 0.07303124999999999 0.425695 0.0265625 0.020076666666666673
0 0.07571875 0.44864833333333337 0.0173125 0.033656666666666675
0 0.09737499999999999 0.44156500000000004 0.030875 0.035156666666666676
0 0.09490625 0.454355 0.0421875 0.05040333333333335
0 0.08786374999999999 0.4710166666666667 0.0350625 0.041573333333333344
0 0.03898 0.46761499999999995 0.027624999999999997 0.03182333333333334
0 0.02713625 0.4836366666666667 0.0333125 0.02549333333333334
0 0.00738625 0.50934 0.0153125 0.04724000000000001
0 0.026355000000000003 0.5042166666666668 0.0345 0.04482000000000001
0 0.03607375 0.5029666666666667 0.026562499999999996 0.03432666666666667
0 0.03427 0.5303616666666666 0.022875000000000003 0.05073666666666668
0 0.0072387499999999995 0.5414016666666667 0.0151875 0.03499000000000001
0 0.1033325 0.5160316666666667 0.01975 0.046236666666666676
0 0.10639499999999999 0.4979133333333333 0.038625 0.02499333333333334
0 0.1145825 0.5231966666666666 0.033750000000000016 0.04507333333333334
0 0.1212075 0.53486 0.03700000000000001 0.041906666666666675
0 0.1422075 0.5309866666666667 0.03537500000000002 0.04115333333333335
0 0.14862375 0.54533 0.025122500000000002 0.0459066666666666
0 0.16318625 0.5449550000000001 0.031872500000000005 0.0376566666666666
0 0.1276025 0.37786166666666665 0.023749999999999986 0.03291000000000001
0 0.150415 0.3852766666666667 0.02475 0.03640666666666668
0 0.19229 0.36719666666666667 0.022 0.04057333333333334
0 0.17004 0.3824016666666667 0.015625 0.03249000000000001
0 0.15013375 0.41543500000000005 0.0206875 0.03441
0 0.1323125 0.44236 0.01925 0.04898666666666668
0 0.14618750000000003 0.4628616666666667 0.028 0.029410000000000006
0 0.16171875 0.48735666666666666 0.0230625 0.04274000000000001
0 0.1926225 0.5187916666666667 0.0185 0.04998999999999993
0 0.19911375 0.44423999999999997 0.0396875 0.023160000000000007
0 0.21073875 0.4295333333333334 0.0351875 0.018580000000000003
0 0.1935825 0.4522366666666667 0.025375 0.02899333333333334
0 0.21345750000000002 0.4506133333333333 0.016125 0.03790666666666668
0 0.22698875 0.45473500000000006 0.0200625 0.034156666666666675
0 0.20648875000000003 0.41174666666666665 0.0203125 0.020826666666666674
0 0.24755125000000003 0.44235166666666664 0.0141875 0.03899000000000001
0 0.22764500000000001 0.48325666666666667 0.025 0.04398666666666668
0 0.23605125000000002 0.4824233333333333 0.0304375 0.046653333333333345
0 0.2424575 0.48588 0.027124999999999972 0.03790666666666668
0 0.2588325 0.4393933333333333 0.014374999999999971 0.03774000000000001
0 0.27540375 0.44342000000000004 0.0286875 0.02108
0 0.29706000000000005 0.4488766666666667 0.01775 0.043653333333333266
0 0.2827475 0.4692883333333333 0.0175 0.03748999999999993
0 0.27205999999999997 0.47375833333333334 0.0185 0.03932333333333334
0 0.3056225 0.49038 0.028875 0.04274000000000001
0 0.31534124999999996 0.4905883333333333 0.0299375 0.042156666666666676
0 0.32577875 0.45430666666666664 0.0173125 0.035073333333333345
0 0.23512375000000002 0.55078 0.0193725 0.03890666666666667
0 0.27896624999999997 0.53062 0.0176875 0.03674000000000001
0 0.30090374999999997 0.5231216666666666 0.0273125 0.023243333333333338
0 0.29896625 0.3875416666666667 0.0228125 0.05023666666666668
0 0.28606125 0.38066833333333333 0.015622500000000003 0.04099000000000001
0 0.34282999999999997 0.451285 0.0205 0.04349000000000001
0 0.34732999999999997 0.4753616666666666 0.017 0.040656666666666674
0 0.3787675 0.402715 0.016625 0.03799000000000001
0 0.395455 0.4077116666666667 0.01925 0.039989999999999935
0 0.38390375000000004 0.4618366666666667 0.0209375 0.037073333333333264
0 0.35736375 0.49809000000000003 0.0233125 0.027326666666666673
0 0.38955124999999996 0.49075833333333335 0.0273125 0.028156666666666677
0 0.4128525 0.5003666666666666 0.033125 0.018826666666666672
0 0.395165 0.521945 0.01425 0.042323333333333345
0 0.3507275 0.53528 0.02025 0.05215333333333334
0 0.39200875 0.5473616666666666 0.0290625 0.04515666666666668
0 0.33569625000000003 0.5499499999999999 0.0159375 0.04815333333333335
0 0.31681 0.5134466666666667 0.0165 0.03674000000000001
0 0.412705 0.5528133333333334 0.015625 0.04948666666666668
0 0.42514250000000003 0.548065 0.01975 0.03865666666666667
0 0.42892375 0.44656166666666663 0.0158125 0.04357000000000001
0 0.44539249999999997 0.45672666666666667 0.023875 0.03857333333333334
0 0.4547675 0.45680999999999994 0.014375 0.03207333333333334
0 0.44539249999999997 0.473555 0.019625 0.026743333333333338
0 0.47154875 0.4654316666666667 0.0199375 0.04615666666666668
0 0.44736125 0.4959783333333333 0.0294375 0.027576666666666673
0 0.421425 0.49372833333333327 0.032935 0.031243333333333338
0 0.4685575 0.5532483333333333 0.019375 0.04299000000000001
0 0.486495 0.5645783333333333 0.0175 0.04399000000000001
0 0.508745 0.5663283333333334 0.01675 0.04482333333333334
0 0.5024150000000001 0.5020866666666667 0.015125 0.028739999999999932
0 0.514665 0.4900466666666667 0.020374999999999942 0.049819999999999934
0 0.5295387500000001 0.496755 0.021122500000000058 0.04606999999999994
0 0.5379525 0.45302833333333326 0.024 0.041156666666666675
0 0.5454525 0.47294 0.02725 0.03132666666666667
0 0.5137025000000001 0.4329516666666666 0.02075 0.03865666666666667
0 0.53629875 0.5454766666666666 0.0234375 0.04874000000000001
0 0.5544100000000001 0.5861916666666667 0.02025 0.03299000000000001
0 0.58591 0.5975216666666666 0.02275 0.03632333333333334
0 0.6025349999999999 0.5711966666666667 0.02325 0.027326666666666673
0 0.5858475 0.4820516666666667 0.037875 0.04365666666666668
0 0.60066 0.4768866666666667 0.0325 0.03232666666666667
0 0.6087224999999999 0.48122000000000004 0.022625 0.044653333333333343
0 0.6263475 0.48371833333333336 0.018875 0.04432333333333334
0 0.6027225 0.523625 0.012625 0.036823333333333264
0 0.6230975 0.5318716666666666 0.023875 0.0406566666666666
0 0.645555 0.4731383333333334 0.020875 0.03649000000000001
0 0.6876175 0.4388133333333334 0.01875 0.05215333333333334
0 0.685305 0.5063783333333334 0.039875 0.03432333333333327
0 0.6818675 0.5217916666666667 0.03725 0.044823333333333264
0 0.639685 0.5046466666666667 0.04175 0.03024000000000001
0 0.6693925000000001 0.5570916666666667 0.029875 0.049823333333333344
0 0.679455 0.5507599999999999 0.02575 0.03432666666666667
0 0.6782362500000001 0.53239 0.0281875 0.03190666666666667
0 0.72008 0.5616333333333333 0.019375 0.04024000000000001
0 0.691785 0.60017 0.0235 0.04998666666666668
0 0.7093474999999999 0.604085 0.017375 0.043156666666666677
0 0.720035 0.5960033333333333 0.014 0.052653333333333344
0 0.7227225 0.4527083333333334 0.023125 0.039989999999999935
0 0.7317849999999999 0.4811183333333333 0.0225 0.040156666666666674
0 0.7384099999999999 0.5021116666666666 0.02175 0.03682333333333334
0 0.7544087500000001 0.5325216666666667 0.03874750000000006 0.01899666666666667
0 0.7991174999999999 0.46017833333333336 0.028 0.03549000000000001
0 0.8038049999999999 0.489755 0.021375 0.03765666666666668
0 0.8242425 0.5057516666666666 0.01875 0.03832333333333334
0 0.7831175 0.5475733333333334 0.02025 0.04798666666666668
0 0.7929924999999999 0.551405 0.0205 0.04699000000000001
0 0.8147424999999999 0.5539866666666667 0.03775 0.03149333333333334
0 0.77093 0.5722316666666667 0.036375 0.03799000000000001
0 0.8147424999999999 0.5788150000000001 0.02075 0.04082333333333334
0 0.7590549999999999 0.5860616666666667 0.026875 0.04499000000000001
0 0.78843 0.589395 0.021375 0.03732333333333334
0 0.85355375 0.52283 0.02312250000000006 0.028160000000000004
0 0.89324 0.5264949999999999 0.02075 0.03649000000000001
0 0.9288675 0.49792166666666665 0.022 0.03999000000000001
0 0.9214500000000001 0.58387 0.04675 0.02349333333333334
0 0.91595 0.6008666666666667 0.03625 0.022826666666666672
0 0.9843875000000001 0.6444533333333333 0.030875 0.05631999999999994
0 0.985825 0.552645 0.029 0.028656666666666674
0 0.9662000000000001 0.5683066666666667 0.03775 0.047320000000000015
0 0.9526375000000001 0.5889683333333333 0.019875 0.042656666666666676
0 0.9707625000000001 0.599465 0.021875 0.043323333333333346
0 0.9865750000000001 0.6044633333333334 0.0175 0.051319999999999935
0 0.9927625000000001 0.576305 0.015875 0.05198333333333335
0 0.9957 0.6357066666666668 0.00975 0.04315333333333327
0 0.9172825 0.46617666666666663 0.02475 0.02599333333333334
0 0.9591575 0.4662616666666667 0.02275 0.04249000000000001
0 0.9734700000000001 0.42660499999999996 0.020875 0.03882333333333334
0 0.9946575 0.39344666666666667 0.0105 0.02749333333333334
0 0.9361575 0.425855 0.0305 0.03932333333333334
0 0.9085325000000001 0.43843499999999996 0.02475 0.03549000000000001
0 0.86953375 0.4106916666666667 0.01924750000000006 0.042323333333333345
0 0.8529725 0.4018616666666666 0.023125 0.03799000000000001
0 0.8389725 0.41894 0.020875 0.04482000000000001
0 0.9647000000000001 0.30526333333333333 0.0215 0.02749333333333334
0 0.9533875 0.3154266666666667 0.020125 0.01649333333333334
0 0.9752625 0.335505 0.030125 0.03232333333333334
0 0.9675750000000001 0.3447516666666667 0.02475 0.04415666666666668
0 0.9528875 0.3358383333333333 0.018875 0.03199000000000001
0 0.93695 0.32409166666666667 0.017 0.03715666666666668
0 0.8998674999999999 0.30418 0.021 0.019326666666666673
0 0.8813675 0.35883166666666666 0.0325 0.04032333333333334
0 0.8769925 0.36399666666666664 0.01925 0.04165333333333335
0 0.831825 0.30240333333333336 0.02075 0.025326666666666674
0 0.7997000000000001 0.31939833333333334 0.0295 0.01733
0 0.84595 0.27491 0.0145 0.029660000000000006
0 0.8223875 0.27907499999999996 0.013875 0.03099000000000001
0 0.8786 0.30616 0.02125 0.021413333333333336
0 0.7827625 0.24008000000000002 0.026375 0.02499333333333334
0 0.7740750000000001 0.24849500000000002 0.0155 0.02949000000000001
0 0.7616387499999999 0.24508000000000002 0.01987250000000006 0.022993333333333338
0 0.7738250000000001 0.26699 0.02025 0.023826666666666673
0 0.75201375 0.24841166666666667 0.02687250000000006 0.02699000000000001
0 0.73613125 0.26845 0.0208125 0.03449333333333334
0 0.70369375 0.28305833333333336 0.0185625 0.036656666666666636
0 0.7552224999999999 0.347015 0.024125 0.03549000000000001
0 0.7829725 0.3620116666666667 0.022875 0.03715666666666668
0 0.763785 0.37442333333333333 0.02225 0.02799333333333334
0 0.7866825000000001 0.40119166666666667 0.020045000000000073 0.04520333333333337
0 0.804535 0.3919183333333333 0.01675 0.03699000000000001
0 0.6615349999999999 0.25077166666666667 0.03625 0.020829999999999967
0 0.6722225 0.27618166666666666 0.016125 0.03232333333333334
0 0.6854724999999999 0.2812633333333333 0.018375 0.027826666666666673
0 0.6539725 0.27435 0.014125 0.024326666666666674
0 0.6214725 0.28484666666666664 0.016375 0.03199333333333334
0 0.61266 0.3136716666666667 0.01675 0.033656666666666675
0 0.6317849999999999 0.36565833333333336 0.02125 0.03732333333333334
0 0.6032649999999999 0.3890416666666667 0.021375 0.038323333333333265
0 0.5569525 0.26707333333333333 0.018 0.022993333333333338
0 0.5714525 0.30306333333333335 0.01725 0.029659999999999968
0 0.5676399999999999 0.334805 0.043875 0.018163333333333375
0 0.5159525 0.2934 0.02525 0.02099333333333334
0 0.35818249999999996 0.29464999999999997 0.019125 0.028160000000000004
0 0.30424625000000005 0.29340000000000005 0.017497500000000003 0.030660000000000007
0 0.31312 0.2973983333333333 0.01925 0.029656666666666637
0 0.323495 0.30006499999999997 0.0225 0.0333233333333333
0 0.4343075 0.2560766666666667 0.020875 0.021326666666666674
0 0.1482675 0.35585500000000003 0.016375 0.03348999999999997
0 0.221205 0.38368166666666664 0.01925 0.033490000000000006
0 0.083145 0.38226499999999997 0.03912499999999999 0.021330000000000002
0 0.01256125 0.3072016666666667 0.0258725 0.041490000000000006
0 0.022123749999999998 0.27670999999999996 0.016247499999999998 0.020160000000000008
0 0.0368725 0.26929499999999995 0.022250000000000002 0.021330000000000002
0 0.98849 0.9317933333333334 0.021 0.02932666666666667
