0 0.596625 0.446 0.02175 0.043333333333333335
0 0.6508750000000001 0.36816666666666664 0.02625 0.04633333333333333
0 0.7100000000000001 0.408 0.0175 0.06066666666666667
0 0.33575 0.44266666666666665 0.023 0.04666666666666667
0 0.167125 0.22083333333333333 0.01675 0.039
0 0.01725 0.243 0.0175 0.050666666666666665
0 0.688875 0.4656666666666667 0.02225 0.04933333333333333
0 0.26537499999999997 0.4695 0.03025 0.041666666666666664
0 0.193125 0.5813333333333334 0.03075 0.037333333333333336
0 0.242375 0.4568333333333333 0.02025 0.030333333333333334
0 0.563625 0.5853333333333333 0.01925 0.03933333333333333
0 0.2555 0.46266666666666667 0.0265 0.03666666666666667
0 0.32499999999999996 0.35316666666666663 0.0205 0.059666666666666666
0 0.66125 0.4111666666666667 0.0275 0.039
0 0.39675 0.5803333333333334 0.021 0.043333333333333335
0 0.6008749999999999 0.48883333333333334 0.02575 0.043666666666666666
0 0.691375 0.5955 0.01925 0.041666666666666664
0 0.38375000000000004 0.422 0.019 0.050666666666666665
0 0.7757499999999999 0.4876666666666667 0.0245 0.05533333333333333
0 0.053375 0.20249999999999999 0.03325 0.036333333333333336
0 0.31325 0.49350000000000005 0.0185 0.057
0 0.503 0.5108333333333334 0.0215 0.047
0 0.5415 0.5531666666666667 0.0205 0.021666666666666667
0 0.49512500000000004 0.36333333333333334 0.02375 0.04133333333333333
0 0.59825 0.29333333333333333 0.0345 0.034
0 0.40437500000000004 0.3565 0.02475 0.04633333333333333
0 0.45049999999999996 0.26266666666666666 0.0255 0.051333333333333335
0 0.43025 0.5710000000000001 0.022 0.042
0 0.791125 0.5408333333333334 0.03175 0.04033333333333333
0 0.40850000000000003 0.5875 0.023 0.033666666666666664
0 0.50875 0.40116666666666667 0.0285 0.055
0 0.11274999999999999 0.5493333333333332 0.0215 0.04733333333333333
0 0.392875 0.5286666666666666 0.02625 0.04133333333333333
0 0.19325 0.36033333333333334 0.023 0.052
0 0.72975 0.477 0.0245 0.042666666666666665
0 0.544 0.5916666666666666 0.0285 0.043333333333333335
0 0.4535 0.5978333333333333 0.033 0.030333333333333334
0 0.45325 0.5871666666666666 0.027 0.01633333333333333
0 0.21587499999999998 0.5023333333333333 0.01725 0.048666666666666664
0 0.293625 0.43666666666666665 0.02275 0.035333333333333335
0 0.316 0.41650000000000004 0.0385 0.029
0 0.7945 0.48750000000000004 0.0135 0.043
0 0.46525 0.37195 0.015 0.05543333333333332
0 0.744375 0.2688333333333333 0.02375 0.04633333333333333
0 0.20225 0.501 0.019 0.046
0 0.277125 0.48266666666666663 0.02325 0.034666666666666665
0 0.427625 0.4901666666666667 0.02625 0.043
0 0.035500000000000004 0.5413333333333333 0.0205 0.027333333333333334
0 0.6675 0.37066666666666664 0.024 0.037333333333333336
0 0.626 0.29583333333333334 0.022 0.051666666666666666
0 0.487625 0.21666666666666667 0.02225 0.042666666666666665
0 0.5543750000000001 0.3625 0.02225 0.051666666666666666
0 0.627125 0.4688333333333333 0.02225 0.030333333333333334
0 0.356375 0.4071666666666666 0.03425 0.03766666666666667
0 0.602 0.277 0.036 0.032
0 0.44999999999999996 0.5618333333333333 0.0245 0.04633333333333333
0 0.6849999999999999 0.27366666666666667 0.0245 0.028666666666666667
0 0.33687500000000004 0.58 0.03275 0.026
0 0.562125 0.5503333333333333 0.02075 0.03666666666666667
0 0.35612499999999997 0.523 0.01925 0.04466666666666667
0 0.58575 0.5968333333333333 0.0305 0.029
0 0.603 0.2385 0.019 0.047
0 0.50925 0.4411666666666667 0.0225 0.053
0 0.630375 0.5476666666666666 0.01525 0.044
0 0.494875 0.402 0.02475 0.04133333333333333
0 0.3635 0.5848333333333333 0.0165 0.04833333333333333
0 0.345 0.3626666666666667 0.0325 0.042
0 0.16025 0.5611666666666667 0.0165 0.035666666666666666
0 0.081375 0.27249999999999996 0.02775 0.03166666666666667
0 0.5660000000000001 0.38216666666666665 0.0255 0.04033333333333333
0 0.663625 0.47350000000000003 0.02625 0.051
0 0.6342500000000001 0.43233333333333335 0.0235 0.04
0 0.30374999999999996 0.371 0.0235 0.05733333333333333
0 0.318875 0.44966666666666666 0.02775 0.04133333333333333
0 0.491375 0.2693333333333333 0.02625 0.042666666666666665
0 0.772625 0.4445 0.03125 0.04033333333333333
0 0.52775 0.48816666666666664 0.0215 0.03966666666666667
0 0.7765000000000001 0.3521666666666667 0.0175 0.034333333333333334
0 0.11574999999999999 0.30183333333333334 0.028 0.030333333333333334
0 0.128 0.2225 0.029 0.043
0 0.470125 0.4598333333333333 0.02225 0.049666666666666665
0 0.74625 0.47783333333333333 0.022 0.047
0 0.76 0.3898333333333333 0.0275 0.04833333333333333
0 0.08675 0.5606666666666666 0.0225 0.04933333333333333
0 0.519625 0.17986666666666667 0.02275 0.05373333333333335
0 0.241 0.26233333333333336 0.03 0.025333333333333333
0 0.253625 0.4165 0.01875 0.03233333333333333
0 0.34837500000000005 0.451 0.02475 0.043333333333333335
0 0.165375 0.5985 0.02125 0.024333333333333332
0 0.326625 0.491 0.01425 0.04666666666666667
0 0.49112500000000003 0.308 0.03075 0.034
0 0.68525 0.5025000000000001 0.0185 0.034333333333333334
0 0.714125 0.272 0.02175 0.044
0 0.375375 0.6869999999999999 0.01875 0.02666666666666667
0 0.4315 0.4036666666666667 0.017 0.038
0 0.751375 0.5755 0.02975 0.03966666666666667
0 0.6431875 0.31844 0.018125 0.05445333333333334
0 0.30575 0.23433333333333334 0.026 0.024
0 0.55125 0.2905 0.0265 0.044333333333333336
0 0.7572500000000001 0.49083333333333334 0.0235 0.04833333333333333
0 0.22375 0.2818333333333333 0.018 0.041666666666666664
0 0.6702499999999999 0.4995 0.021 0.04633333333333333
0 0.686 0.5231666666666667 0.024 0.029
0 0.27434375 0.4005533333333333 0.0386875 0.03510666666666665
0 0.067625 0.5816666666666667 0.02875 0.03
0 0.14550000000000002 0.5335 0.026 0.039
0 0.5775 0.558 0.0185 0.052
0 0.561875 0.43733333333333335 0.03475 0.03133333333333333
0 0.20350000000000001 0.5558333333333333 0.017 0.04833333333333333
0 0.34325 0.5168333333333334 0.021 0.03766666666666667
0 0.08975 0.30783333333333335 0.0255 0.03833333333333333
0 0.5465 0.5675 0.021 0.019
0 0.17375000000000002 0.5648333333333333 0.0135 0.04833333333333333
0 0.7364999999999999 0.30733333333333335 0.0325 0.04
0 0.73 0.5156666666666666 0.0175 0.044
0 0.3155 0.5711666666666667 0.0155 0.041666666666666664
0 0.573875 0.5145000000000001 0.01875 0.051666666666666666
0 0.032625 0.509555 0.02925 0.051776666666666644
0 0.56175 0.19616666666666668 0.024 0.05433333333333333
0 0.101625 0.23966666666666667 0.02325 0.044
0 0.295875 0.3123333333333333 0.02025 0.05266666666666667
0 0.560875 0.47500000000000003 0.01925 0.052
0 0.216875 0.2095 0.03375 0.029666666666666668
0 0.652625 0.5376666666666667 0.02025 0.04
0 0.35775 0.48466666666666663 0.014 0.03133333333333333
0 0.663 0.5581666666666667 0.03 0.04033333333333333
0 0.57175 0.22966666666666666 0.016 0.042
0 0.53925 0.39816666666666667 0.025 0.049666666666666665
0 0.51675 0.587 0.0295 0.03266666666666666
0 0.2455 0.5205 0.013 0.045
0 0.5449999999999999 0.1955 0.029 0.042333333333333334
0 0.45825 0.418 0.016 0.04133333333333333
0 0.692 0.30883333333333335 0.031 0.030333333333333334
0 0.276875 0.19383333333333333 0.03075 0.035666666666666666
0 0.18587499999999998 0.3875 0.02325 0.050333333333333334
0 0.355 0.30016666666666664 0.0225 0.05566666666666667
0 0.460125 0.18916666666666665 0.01525 0.05366666666666667
0 0.214375 0.46399999999999997 0.03325 0.029333333333333333
0 0.5764999999999999 0.4708333333333333 0.021 0.04566666666666667
0 0.34237500000000004 0.49 0.02175 0.04533333333333334
0 0.09899999999999999 0.5226666666666667 0.0255 0.026
0 0.193625 0.4191666666666667 0.01475 0.028333333333333332
0 0.1815 0.3213333333333333 0.033 0.028666666666666667
0 0.6833750000000001 0.42283333333333334 0.02425 0.05366666666666667
0 0.40249999999999997 0.3993333333333333 0.0185 0.05333333333333334
0 0.6725 0.5960000000000001 0.021 0.04133333333333333
0 0.264625 0.5438333333333333 0.01825 0.039
0 0.70325 0.5251666666666667 0.028 0.041
0 0.47062499999999996 0.3363333333333333 0.03175 0.023333333333333334
0 0.04391625 0.39560833333333334 0.0276675 0.048783333333333304
0 0.07475 0.4891666666666667 0.031 0.043
0 0.299875 0.275 0.02925 0.028
0 0.528875 0.19499999999999998 0.01775 0.046
0 0.202625 0.2996666666666667 0.02825 0.04133333333333333
0 0.1865 0.187 0.0295 0.04
0 0.586625 0.4355 0.02375 0.039
0 0.6702499999999999 0.42616666666666664 0.023 0.04566666666666667
0 0.689875 0.29233333333333333 0.02075 0.014666666666666666
0 0.425375 0.23216666666666666 0.02925 0.034333333333333334
0 0.638 0.36533333333333334 0.02 0.04733333333333333
0 0.72375 0.6086666666666667 0.025 0.03266666666666666
0 0.7265 0.24333333333333335 0.0315 0.02666666666666667
0 0.767375 0.5913333333333333 0.02325 0.043333333333333335
0 0.6325 0.48016666666666663 0.021 0.04766666666666667
0 0.6691250000000001 0.5728333333333334 0.02225 0.027666666666666666
0 0.224375 0.3175 0.02225 0.035666666666666666
0 0.243125 0.3748333333333333 0.02375 0.03766666666666667
0 0.163625 0.39416666666666667 0.03125 0.03233333333333333
0 0.417125 0.403 0.02675 0.059333333333333335
0 0.278125 0.24733333333333335 0.02825 0.02
0 0.58975 0.37866666666666665 0.022 0.05333333333333334
0 0.610125 0.20566666666666666 0.01625 0.05266666666666667
0 0.68275 0.375 0.018 0.05
0 0.1705 0.2788333333333334 0.024 0.043
0 0.699625 0.36 0.01425 0.04733333333333333
0 0.27625 0.2623333333333333 0.029 0.017333333333333333
0 0.718125 0.34199999999999997 0.02625 0.025333333333333333
0 0.71775 0.37316666666666665 0.021 0.03833333333333333
0 0.196375 0.22566666666666665 0.02475 0.037333333333333336
0 0.53025 0.5305 0.018 0.03233333333333333
0 0.097 0.5940000000000001 0.0295 0.027333333333333334
0 0.0705 0.289 0.018 0.035333333333333335
0 0.427625 0.26866666666666666 0.02025 0.042666666666666665
0 0.436625 0.5163333333333333 0.01825 0.05733333333333333
0 0.5539999999999999 0.3205 0.0205 0.05366666666666667
0 0.023375 0.348 0.01975 0.04466666666666667
0 0.5201250000000001 0.5656666666666667 0.02875 0.018
0 0.7012499999999999 0.483 0.015 0.062
0 0.0535 0.28733333333333333 0.017 0.043333333333333335
0 0.299 0.25316666666666665 0.018 0.02033333333333333
0 0.517875 0.5058333333333334 0.01925 0.04566666666666667
0 0.578125 0.301 0.01375 0.024
0 0.332625 0.23833333333333334 0.03825 0.020666666666666667
0 0.5048750000000001 0.20850000000000002 0.01625 0.033666666666666664
0 0.571875 0.31949999999999995 0.02175 0.029666666666666668
0 0.4890625 0.24610833333333332 0.026875 0.05021666666666666
0 0.26437499999999997 0.28700000000000003 0.01725 0.04
0 0.468125 0.5573333333333333 0.01925 0.04666666666666667
0 0.0043324999999999995 0.24447166666666664 0.0115 0.03582333333333334
0 0.0104575 0.27404666666666666 0.02075 0.028326666666666674
0 0.011832500000000001 0.22172833333333333 0.025 0.014329999999999964
0 0.031395000000000006 0.24763666666666664 0.020625000000000004 0.05248666666666668
0 0.050269999999999995 0.24746999999999997 0.039625 0.05215333333333334
0 0.053145 0.2515533333333333 0.03812499999999999 0.054320000000000014
0 0.08070749999999999 0.22989166666666666 0.023 0.054316666666666645
0 0.091395 0.27346333333333334 0.034125 0.05548666666666668
0 0.11308249999999999 0.26471666666666666 0.0225 0.05498666666666668
0 0.0278325 0.30338499999999996 0.018250000000000002 0.060650000000000016
0 0.010270000000000001 0.29272 0.021375 0.03199333333333334
0 0.011957500000000001 0.32879333333333327 0.025 0.04215333333333331
0 0.045270000000000005 0.33512666666666663 0.028125000000000004 0.05181999999999998
0 0.048895 0.31354666666666664 0.025875 0.05098666666666668
0 0.067895 0.3253783333333333 0.023624999999999993 0.06531666666666665
0 0.07845749999999999 0.3305433333333333 0.019 0.055653333333333305
0 0.09577 0.3478716666666667 0.018125 0.05731666666666664
0 0.0687075 0.3642 0.034249999999999996 0.05365333333333331
0 0.008332500000000001 0.312965 0.0175 0.02849000000000001
0 0.0395825 0.35653666666666667 0.024750000000000005 0.04498666666666664
0 0.0657075 0.38563000000000003 0.03549999999999999 0.049819999999999934
0 0.02377 0.3849633333333333 0.036625 0.059486666666666604
0 0.017394999999999997 0.39779333333333333 0.035875 0.0414866666666666
0 0.02302 0.42336999999999997 0.040125 0.021660000000000006
0 0.00527 0.36671833333333337 0.010375 0.034323333333333345
0 0.1099575 0.4015433333333333 0.0335 0.04831999999999994
0 0.10916624999999999 0.444885 0.0354975 0.05369000000000006
0 0.1295825 0.39954666666666666 0.016500000000000015 0.05331999999999994
0 0.10926999999999999 0.34564333333333336 0.019375 0.06848000000000001
0 0.12002000000000002 0.3410616666666667 0.016125000000000014 0.06498333333333335
0 0.1339575 0.34639333333333333 0.018250000000000013 0.05765333333333335
0 0.14826999999999999 0.35014333333333336 0.019375 0.05548666666666668
0 0.15920750000000003 0.349225 0.0175 0.06331666666666669
0 0.148145 0.40204666666666666 0.024875 0.052986666666666606
0 0.1508325 0.4222083333333333 0.03475 0.0386566666666666
0 0.1715825 0.34839333333333333 0.01925 0.07031333333333335
0 0.129895 0.26997333333333334 0.033125000000000016 0.04681999999999997
0 0.13589500000000002 0.25431000000000004 0.024875000000000015 0.05548666666666664
0 0.14658250000000003 0.24581166666666665 0.021 0.06448333333333331
0 0.15452000000000002 0.23281666666666664 0.025625 0.05248666666666664
0 0.18220750000000002 0.23739833333333332 0.0195 0.05631666666666665
0 0.16427 0.26447333333333334 0.024375 0.05048666666666664
0 0.14002 0.30288000000000004 0.032375000000000015 0.045986666666666676
0 0.14852 0.313295 0.036875 0.02849000000000001
0 0.18445750000000002 0.28121833333333335 0.0245 0.06265000000000001
0 0.166605 0.30040333333333336 0.0145 0.013413333333333336
0 0.2002075 0.26189833333333334 0.0195 0.05131666666666664
0 0.2167075 0.26422999999999996 0.01775 0.0289933333333333
0 0.2239575 0.23232333333333335 0.03975 0.03316000000000001
0 0.21477000000000002 0.3359616666666666 0.016125 0.061149999999999975
0 0.206895 0.35020833333333334 0.023875 0.06531666666666665
0 0.24008250000000003 0.302305 0.0225 0.05981666666666664
0 0.252645 0.299555 0.023624999999999972 0.05631666666666665
0 0.23052 0.34587666666666667 0.026125 0.047653333333333305
0 0.246645 0.35620666666666667 0.02187499999999997 0.05265333333333331
0 0.24402000000000001 0.20624166666666666 0.033374999999999974 0.03832333333333334
0 0.2422075 0.22157 0.01775 0.026993333333333338
0 0.2560425 0.229785 0.019875000000000028 0.022663333333333337
0 0.23415625 0.24811333333333335 0.0455625 0.027660000000000007
0 0.27796875 0.21540833333333334 0.0355625 0.04357000000000001
0 0.274 0.22553 0.031625 0.03399333333333334
0 0.25846875 0.26681166666666667 0.0145625 0.0212433333333333
0 0.274625 0.29353666666666667 0.0225 0.05898666666666668
0 0.29525 0.19064666666666666 0.02175 0.04248666666666666
0 0.30775 0.18639833333333333 0.03325 0.05131666666666664
0 0.3086875 0.21988833333333332 0.044875 0.023330000000000004
0 0.3384375 0.20772500000000002 0.020875 0.05498333333333331
0 0.35443749999999996 0.20081000000000002 0.016875 0.049819999999999975
0 0.3610625 0.23879999999999998 0.019375 0.05548666666666668
0 0.334375 0.25654499999999997 0.03725 0.027323333333333342
0 0.30993750000000003 0.25954333333333335 0.036375 0.02799333333333334
0 0.3420625 0.29145333333333334 0.015375 0.05115333333333334
0 0.309875 0.3062933333333333 0.02225 0.06948000000000001
0 0.327 0.29571333333333333 0.019 0.054320000000000014
0 0.36862500000000004 0.30529166666666663 0.02575 0.06281666666666669
0 0.36412500000000003 0.2636383333333333 0.04425 0.03749000000000001
0 0.3738125 0.23173000000000002 0.017125 0.047653333333333305
0 0.385625 0.21681666666666666 0.022 0.056819999999999975
0 0.3924375 0.20357 0.025125 0.045986666666666676
0 0.4024375 0.19249000000000002 0.024125 0.054820000000000015
0 0.39225 0.27846666666666664 0.0265 0.06948000000000001
0 0.4003125 0.2557216666666667 0.016375 0.061649999999999976
0 0.41174875 0.2533066666666667 0.020997500000000002 0.06681333333333331
0 0.40137500000000004 0.308125 0.03275 0.06748333333333331
0 0.3824375 0.3233883333333334 0.026625 0.06598333333333335
0 0.4078125 0.31872166666666674 0.040875 0.06398333333333335
0 0.42325 0.341715 0.021 0.06464999999999997
0 0.43506249999999996 0.31788833333333333 0.018875 0.06165000000000002
0 0.44906125 0.309975 0.018372500000000003 0.06048333333333331
0 0.44362375 0.360045 0.028247500000000002 0.05664999999999998
0 0.3809375 0.3726233333333333 0.031125 0.0494866666666666
0 0.363375 0.37937333333333334 0.01825 0.04465333333333327
0 0.21131250000000001 0.40654 0.025625 0.05531999999999994
0 0.221 0.40137500000000004 0.01875 0.05564999999999994
0 0.236125 0.393545 0.03075 0.055983333333333274
0 0.237875 0.41686999999999996 0.02675 0.05065333333333327
0 0.26225 0.4303683333333333 0.0255 0.03699000000000001
0 0.259875 0.34689000000000003 0.01975 0.07064666666666669
0 0.277875 0.3368916666666667 0.02525 0.06231666666666668
0 0.278 0.36746666666666666 0.023 0.052486666666666716
0 0.29381250000000003 0.3608016666666667 0.018375 0.06281666666666672
0 0.29075 0.4985866666666667 0.02 0.04965333333333335
0 0.29974999999999996 0.51425 0.0165 0.046320000000000014
0 0.3184375 0.5426200000000001 0.022625 0.04715333333333327
0 0.35675 0.4628816666666667 0.00775 0.02099666666666667
0 0.3671875 0.4521333333333334 0.016625 0.05248666666666668
0 0.37925000000000003 0.47196333333333335 0.016 0.051819999999999936
0 0.3705625 0.5045366666666666 0.017625 0.0559866666666666
0 0.395 0.4845433333333333 0.027 0.04631999999999994
0 0.3980625 0.46588166666666664 0.023875 0.05831666666666661
0 0.4055625 0.45346833333333336 0.024625 0.05681666666666668
0 0.4261875 0.4441366666666667 0.021625 0.055820000000000015
0 0.44856250000000003 0.43905500000000003 0.031375 0.05731666666666668
0 0.4501875 0.38606833333333335 0.021375 0.05465000000000002
0 0.38425000000000004 0.5148683333333333 0.023 0.05298333333333327
0 0.4459375 0.4709633333333333 0.020125 0.0404866666666666
0 0.47393625 0.4091466666666667 0.015622500000000003 0.05115333333333334
0 0.48375 0.37622333333333335 0.02375 0.061986666666666676
0 0.5037499999999999 0.33356833333333336 0.03425 0.034323333333333345
0 0.5385625 0.352895 0.019875 0.06498333333333335
0 0.5311875 0.41263 0.023625 0.0494866666666666
0 0.5315625 0.44403833333333337 0.033875 0.02798999999999993
0 0.488875 0.44337166666666666 0.02075 0.04832333333333327
0 0.413625 0.16615 0.02925 0.05131999999999998
0 0.429125 0.19373833333333335 0.03325 0.04099000000000001
0 0.440375 0.20240166666666667 0.03825 0.04032333333333334
0 0.446625 0.20773333333333335 0.01775 0.03232666666666667
0 0.45775 0.23589333333333334 0.039 0.04331999999999998
0 0.47650000000000003 0.18707166666666666 0.02 0.05631666666666668
0 0.49506249999999996 0.17707333333333333 0.019875 0.05098666666666668
0 0.5044375 0.18823833333333334 0.011125 0.016663333333333336
0 0.46799999999999997 0.2570533333333333 0.02025 0.054320000000000014
0 0.469125 0.30362500000000003 0.02375 0.04449000000000001
0 0.5010625 0.2812133333333333 0.017875 0.046653333333333345
0 0.512 0.2940433333333333 0.0245 0.05165333333333334
0 0.509625 0.22706166666666666 0.01825 0.022329999999999964
0 0.527125 0.2243116666666667 0.03375 0.042823333333333304
0 0.5816874999999999 0.20206666666666667 0.018625 0.056653333333333306
0 0.59475 0.19657 0.01825 0.04965333333333335
0 0.600125 0.16999166666666668 0.03975 0.03049000000000001
0 0.5509375 0.24913833333333332 0.022625 0.03982333333333334
0 0.55525 0.23081000000000002 0.02425 0.05381999999999997
0 0.5350625 0.2763816666666667 0.025625 0.06398333333333335
0 0.52325 0.24722166666666667 0.026 0.04099000000000001
0 0.5139999999999999 0.25222 0.025 0.04298666666666668
0 0.5898125 0.243475 0.020625 0.05181666666666664
0 0.572875 0.27513333333333334 0.0225 0.05882000000000001
0 0.6263125 0.194405 0.019625 0.05598333333333335
0 0.6301249999999999 0.23172666666666666 0.0325 0.07597999999999998
0 0.63475 0.23847666666666667 0.02475 0.055153333333333304
0 0.647375 0.24830833333333333 0.022 0.060816666666666644
0 0.6688124999999999 0.22431333333333334 0.029375 0.040819999999999974
0 0.6660625 0.24997333333333333 0.029875 0.05648666666666664
0 0.6756875 0.2552216666666667 0.027625 0.05698333333333331
0 0.6565624999999999 0.2958783333333333 0.038625 0.03499000000000001
0 0.6691875 0.29329500000000003 0.030875 0.03449000000000001
0 0.6769375 0.33103499999999997 0.036875 0.03898999999999997
0 0.6670625 0.33545166666666665 0.031875 0.04115666666666664
0 0.5738125 0.34029 0.019375 0.05215333333333331
0 0.5889375 0.32646000000000003 0.015625 0.06148666666666664
0 0.6018125000000001 0.3353733333333333 0.017875 0.056653333333333306
0 0.6160625000000001 0.3369566666666666 0.015125 0.05381999999999997
0 0.62975 0.33420833333333333 0.0165 0.07098333333333331
0 0.6096875 0.3945383333333333 0.019875 0.06298333333333327
0 0.6226875000000001 0.4067033333333333 0.021125 0.06897999999999994
0 0.5779375 0.4033 0.030125 0.04182000000000001
0 0.59075 0.4158800000000001 0.021 0.026326666666666672
0 0.608375 0.44179 0.02725 0.058819999999999935
0 0.6437499999999999 0.4022166666666667 0.029 0.023326666666666673
0 0.696125 0.23581666666666667 0.0235 0.05381999999999997
0 0.7030624999999999 0.2618933333333333 0.020625 0.056319999999999974
0 0.7239375 0.27947333333333335 0.026875 0.048819999999999975
0 0.7104999999999999 0.316805 0.04625 0.03682333333333334
0 0.74125 0.32330333333333333 0.031 0.042486666666666714
0 0.7485625 0.33413333333333334 0.035625 0.04848666666666672
0 0.7584375 0.3515466666666667 0.030125 0.04331999999999998
0 0.7326875 0.3667916666666667 0.034375 0.0311566666666666
0 0.6996249999999999 0.3953666666666666 0.0245 0.053986666666666676
0 0.738375 0.39520666666666665 0.0215 0.044986666666666605
0 0.726 0.41170166666666663 0.02275 0.042656666666666676
0 0.7670625 0.40262166666666666 0.026625 0.05248333333333327
0 0.6501250000000001 0.46187833333333334 0.02 0.06198333333333327
0 0.6158125 0.48454 0.010125 0.025993333333333264
0 0.624 0.5067833333333333 0.04175 0.025160000000000005
0 0.72025 0.45409666666666665 0.021 0.05065333333333335
0 0.7782475 0.50725 0.0205 0.04832000000000001
0 0.7162499999999999 0.5389066666666666 0.0205 0.047653333333333346
0 0.7076875 0.5601166666666666 0.025625 0.04215333333333335
0 0.6759999999999999 0.5466916666666666 0.013 0.03232333333333334
0 0.6841875000000001 0.5692699999999999 0.010625 0.04348666666666668
0 0.6965 0.56827 0.01775 0.047153333333333346
0 0.7084374999999999 0.5884383333333334 0.0165 0.030656666666666676
0 0.73128125 0.5874366666666666 0.0296875 0.04998666666666668
0 0.643625 0.55023 0.0155 0.04832000000000001
0 0.64525 0.512155 0.03275 0.03082333333333334
0 0.6119375 0.5365650000000001 0.025125 0.04099000000000001
0 0.5945625 0.55606 0.027375 0.05832000000000001
0 0.61375 0.5615600000000001 0.02475 0.05165333333333334
0 0.5964999999999999 0.5774716666666667 0.02175 0.03682333333333334
0 0.5553125 0.5092266666666667 0.019625 0.04865333333333335
0 0.5435625 0.5190566666666667 0.018875 0.05065333333333335
0 0.49175 0.5199733333333334 0.023 0.04748666666666668
0 0.497375 0.5650449999999999 0.02725 0.04498999999999993
0 0.47875 0.578625 0.017 0.05281666666666661
0 0.50225 0.5975366666666666 0.0315 0.03266000000000001
0 0.49262500000000004 0.6055349999999999 0.01975 0.03165666666666667
0 0.47562499999999996 0.5042266666666667 0.0155 0.04532000000000001
0 0.46225 0.5088916666666666 0.01675 0.057983333333333345
0 0.4500625 0.5188050000000001 0.016875 0.05681666666666668
0 0.4256875 0.5403833333333333 0.019875 0.054320000000000014
0 0.413875 0.5484633333333333 0.0215 0.04681999999999994
0 0.3985 0.5457983333333334 0.02825 0.057483333333333275
0 0.3803125 0.5789566666666667 0.019875 0.042819999999999935
0 0.37212500000000004 0.5497133333333334 0.02575 0.03432666666666667
0 0.35950000000000004 0.56096 0.01375 0.028826666666666598
0 0.3484375 0.5620433333333333 0.013125 0.030993333333333265
0 0.33181249999999995 0.55413 0.023125 0.04681999999999994
0 0.3030625 0.56175 0.020375 0.053486666666666675
0 0.28443749999999995 0.5540016666666666 0.025125 0.05731666666666668
0 0.2856875 0.5925750000000001 0.028875 0.03915666666666667
0 0.2705 0.5731633333333334 0.018 0.07231333333333335
0 0.312 0.6034900000000001 0.031 0.02899333333333334
0 0.253 0.57283 0.02275 0.05832000000000001
0 0.23750000000000002 0.5421716666666667 0.0145 0.030656666666666676
0 0.2593125 0.5206766666666667 0.020125 0.04932000000000001
0 0.2424375 0.57133 0.032625 0.04532000000000001
0 0.24287499999999998 0.6006566666666666 0.036 0.01999333333333334
0 0.215 0.5803283333333333 0.0165 0.034323333333333345
0 0.2208125 0.5480866666666667 0.017875 0.054820000000000015
0 0.192125 0.5411733333333333 0.02375 0.04832000000000001
0 0.1844375 0.5142533333333333 0.019125 0.05115333333333334
0 0.169625 0.5153366666666667 0.0185 0.05932000000000001
0 0.1571875 0.51967 0.022125 0.04932000000000001
0 0.1793125 0.5986483333333334 0.021125 0.030656666666666676
0 0.159 0.5922333333333334 0.02175 0.023826666666666673
0 0.131375 0.5582433333333333 0.02025 0.04948666666666668
0 0.2316875 0.510255 0.019875 0.04682333333333334
0 0.10912625000000001 0.57149 0.0272475 0.05165333333333334
0 0.09412749999999999 0.5444950000000001 0.01875 0.019663333333333335
0 0.060939999999999994 0.5354416666666666 0.028875 0.06131666666666668
0 0.055127499999999996 0.5497716666666667 0.02425 0.05331666666666668
0 0.01610625 0.5070333333333333 0.0276225 0.05115333333333334
0 0.0027949999999999997 0.535025 0.00575 0.03249000000000001
0 0.065355 0.5100333333333333 0.036375000000000005 0.05182000000000001
0 0.08233499999999999 0.6951983333333333 0.0245 0.033990000000000006
0 0.0635025 0.8111483333333332 0.039830000000000004 0.023243333333333338
0 0.0031675 0.45461666666666667 0.00675 0.026326666666666672
0 0.00448 0.47328 0.009625 0.024660000000000005
0 0.5988350000000001 0.7244 0.0215 0.018993333333333338
0 0.27399500000000004 0.8555166666666667 0.029 0.03532666666666667
