0 0.6523125 0.289355 0.014875 0.03598999999999997
0 0.7189374999999999 0.29125833333333334 0.018625 0.028183333333333317
0 0.279875 0.292 0.022 0.017
0 0.441895 0.3053516666666667 0.017875 0.04698999999999997
0 0.6953750000000001 0.3075983333333333 0.01875 0.03582333333333334
0 0.758625 0.30651 0.026 0.032646666666666685
0 0.602125 0.31016666666666665 0.0255 0.024666666666666667
0 0.9418125 0.35897833333333334 0.031625 0.06104333333333333
0 0.6235212499999999 0.34706 0.03270749999999998 0.029546666666666662
0 0.5496037500000001 0.346345 0.01704250000000002 0.021643333333333317
0 0.71725 0.35683333333333334 0.02075 0.03
0 0.460375 0.3555 0.0195 0.02
0 0.602 0.3636666666666667 0.03625 0.021666666666666667
0 0.607375 0.3891733333333333 0.015 0.038653333333333345
0 0.58 0.4036666666666667 0.01925 0.043
0 0.603 0.42183333333333334 0.03775 0.04133333333333333
0 0.56125 0.4191666666666667 0.03075 0.027333333333333334
0 0.59925 0.432 0.02725 0.018333333333333333
0 0.61575 0.45099999999999996 0.03275 0.021666666666666667
0 0.3165 0.37883333333333336 0.02975 0.04933333333333333
0 0.3210625 0.3701666666666667 0.020875 0.016
0 0.22425 0.3883333333333333 0.02725 0.03833333333333333
0 0.23775 0.39383333333333337 0.01825 0.032
0 0.18325 0.41183333333333333 0.01925 0.042
0 0.356625 0.4098333333333333 0.015 0.037333333333333336
0 0.294 0.4156666666666667 0.02825 0.03833333333333333
0 0.34575 0.4118333333333334 0.01075 0.020666666666666667
0 0.211 0.42433333333333334 0.01375 0.045
0 0.36375 0.41950000000000004 0.01725 0.032
0 0.196125 0.4150833333333333 0.017 0.0175
0 0.34162499999999996 0.43416666666666665 0.0185 0.04533333333333334
0 0.197625 0.4425 0.017 0.042666666666666665
0 0.372125 0.4565 0.0245 0.06333333333333334
0 0.182625 0.4451666666666667 0.014 0.04
0 0.29025 0.4478333333333333 0.01525 0.035333333333333335
0 0.33625 0.4525 0.04075 0.042
0 0.23475 0.45666666666666667 0.01775 0.043
0 0.2498025 0.4553333333333333 0.01614500000000001 0.04033333333333333
0 0.31287499999999996 0.46016666666666667 0.0165 0.04933333333333333
0 0.357625 0.45483333333333337 0.017 0.036
0 0.28099999999999997 0.4615 0.01825 0.042
0 0.3195 0.48083333333333333 0.01975 0.05333333333333334
0 0.179125 0.5011666666666666 0.0495 0.08533333333333333
0 0.20937499999999998 0.4776666666666667 0.031 0.037
0 0.36300000000000004 0.4826666666666667 0.02375 0.045
0 0.1799275 0.48823500000000003 0.02439500000000001 0.05531666666666668
0 0.2605 0.48133333333333334 0.01625 0.035
0 0.2725 0.48616666666666664 0.01725 0.03866666666666667
0 0.34550000000000003 0.48733333333333334 0.01975 0.03966666666666667
0 0.32675000000000004 0.4933333333333333 0.02175 0.04566666666666667
0 0.222365 0.48095333333333334 0.01752000000000001 0.019093333333333323
0 0.23725 0.5017816666666667 0.02775 0.047896666666666685
0 0.26575 0.5021666666666667 0.01525 0.043333333333333335
0 0.24975 0.5065 0.01675 0.044
0 0.30787499999999995 0.508 0.0205 0.04633333333333333
0 0.21925 0.5011583333333334 0.02725 0.03131666666666668
0 0.21195875 0.49550000000000005 0.01583250000000001 0.016666666666666666
0 0.36625 0.508 0.02825 0.039
0 0.19208375 0.52115 0.02491749999999999 0.0530333333333333
0 0.287375 0.5238333333333333 0.026 0.04933333333333333
0 0.34750000000000003 0.5321666666666667 0.01875 0.052
0 0.20417625 0.5271683333333333 0.0193125 0.036669999999999994
0 0.37179125 0.5388333333333333 0.030667500000000018 0.05466666666666667
0 0.218625 0.535 0.0175 0.04033333333333333
0 0.29500000000000004 0.543 0.03175 0.050333333333333334
0 0.328625 0.5493333333333333 0.0195 0.04833333333333333
0 0.22924999999999998 0.5365000000000001 0.00875 0.021333333333333333
0 0.23875 0.5417933333333333 0.01475 0.03274666666666667
0 0.25397875000000003 0.5434483333333333 0.01979249999999999 0.03676999999999998
0 0.33862499999999995 0.5513333333333333 0.0145 0.042333333333333334
0 0.31475 0.5621666666666667 0.01525 0.06066666666666667
0 0.16347875 0.5632466666666667 0.03670750000000001 0.06183999999999999
0 0.19087500000000002 0.5538333333333334 0.031 0.03333333333333333
0 0.2245 0.5721666666666667 0.03825 0.06466666666666666
0 0.269625 0.5716666666666667 0.0235 0.04766666666666667
0 0.22979249999999998 0.5627766666666667 0.01775 0.03344666666666664
0 0.354125 0.566 0.039 0.029
0 0.242625 0.5683333333333332 0.0125 0.031
0 0.37725000000000003 0.5811233333333333 0.01975 0.05324666666666667
0 0.19787500000000002 0.5702783333333333 0.0315 0.03444333333333331
0 0.1379375 0.5821666666666666 0.022625 0.04733333333333333
0 0.16675 0.5793266666666668 0.02125 0.038346666666666654
0 0.21391749999999998 0.5763333333333334 0.012625 0.024333333333333332
0 0.32475 0.592 0.02025 0.052333333333333336
0 0.35112499999999996 0.5862499999999999 0.0395 0.03716666666666667
0 0.11535374999999999 0.5848333333333333 0.0320425 0.02666666666666667
0 0.30425 0.6244999999999999 0.02375 0.10133333333333333
0 0.199115 0.590955 0.02902000000000001 0.026423333333333326
0 0.053125000000000006 0.605485 0.023 0.048636666666666696
0 0.2465 0.6003333333333333 0.02275 0.03233333333333333
0 0.270125 0.6003333333333333 0.0155 0.029
0 0.280875 0.6018333333333333 0.0265 0.03
0 0.20998999999999998 0.6015366666666666 0.02122999999999999 0.028593333333333325
0 0.22387500000000002 0.616 0.017 0.051666666666666666
0 0.313125 0.6106666666666666 0.0165 0.039
0 0.346875 0.6081666666666666 0.0285 0.028
0 0.37775000000000003 0.6181666666666668 0.03375 0.04133333333333333
0 0.080865 0.6219533333333332 0.026980000000000004 0.04757333333333334
0 0.046625 0.6236666666666666 0.029 0.049
0 0.24625 0.6253333333333333 0.03125 0.051
0 0.06675 0.6266666666666667 0.02225 0.04566666666666667
0 0.23049999999999998 0.6278333333333334 0.02175 0.044
0 0.11820750000000001 0.6204316666666666 0.029375000000000016 0.03157666666666667
0 0.274 0.6553333333333333 0.05425 0.097
0 0.20514625 0.638285 0.025957500000000012 0.05976333333333332
0 0.19138624999999998 0.641035 0.0255625 0.061596666666666654
0 0.33999999999999997 0.636 0.01725 0.04766666666666667
0 0.278125 0.6398333333333334 0.022 0.05
0 0.256875 0.6373333333333333 0.0265 0.041
0 0.1163225 0.6455899999999999 0.032605 0.038179999999999985
0 0.37000000000000005 0.6483333333333333 0.02675 0.043666666666666666
0 0.071625 0.6491666666666667 0.018 0.026
0 0.172125 0.6566666666666666 0.0285 0.04033333333333333
0 0.38537499999999997 0.6498333333333334 0.0225 0.023333333333333334
0 0.0815 0.658 0.03225 0.033666666666666664
0 0.14937499999999998 0.6573333333333333 0.03 0.023666666666666666
0 0.36924999999999997 0.6831666666666667 0.03575 0.04666666666666667
0 0.06985374999999999 0.6765 0.019957499999999996 0.028
0 0.168375 0.6761666666666667 0.03 0.022
0 0.379125 0.6940000000000001 0.023 0.051666666666666666
0 0.144 0.6946666666666667 0.02475 0.051
0 0.2005 0.6898333333333333 0.03375 0.034666666666666665
0 0.153125 0.700035 0.0305 0.04626333333333332
0 0.1735 0.6923333333333332 0.02725 0.023
0 0.35025 0.706 0.01875 0.04633333333333333
0 0.369125 0.7081666666666666 0.0225 0.042666666666666665
0 0.179375 0.7143333333333333 0.032 0.047
0 0.244375 0.707 0.027 0.031
0 0.1955 0.7321666666666667 0.01875 0.06
0 0.165875 0.7198333333333334 0.0165 0.03333333333333333
0 0.234875 0.7271666666666667 0.0245 0.03133333333333333
0 0.1815 0.739 0.01875 0.04633333333333333
0 0.24287499999999998 0.742345 0.036 0.04430999999999995
0 0.20149999999999998 0.7566666666666667 0.01375 0.049666666666666665
0 0.16312500000000002 0.7686666666666667 0.024 0.06233333333333333
0 0.2535 0.7588433333333333 0.02825 0.040646666666666685
0 0.17775 0.7818333333333333 0.03075 0.050666666666666665
0 0.44479124999999997 0.37324833333333335 0.01833249999999998 0.03683
0 0.433375 0.37183333333333335 0.011 0.022
0 0.46175000000000005 0.3673333333333333 0.02075 0.023666666666666666
0 0.496 0.40225 0.02425 0.03983333333333333
0 0.772875 0.37224666666666667 0.0305 0.03216000000000001
0 0.8636875 0.37433 0.025875 0.027660000000000007
0 0.568 0.37466666666666665 0.01375 0.03233333333333333
0 0.7015825 0.36541833333333334 0.01675 0.018830000000000003
0 0.731375 0.3735 0.025 0.03
0 0.34199999999999997 0.38 0.03575 0.03833333333333333
0 0.850375 0.38166666666666665 0.034 0.041666666666666664
0 0.8524375000000001 0.40599999999999997 0.017125 0.049666666666666665
0 0.86575 0.4106666666666667 0.01825 0.04633333333333333
0 0.8238749999999999 0.3826666666666667 0.021 0.041
0 0.839 0.39733333333333337 0.01475 0.057
0 0.89575 0.3777466666666667 0.01725 0.02982666666666667
0 0.395 0.37583333333333335 0.01375 0.024
0 0.6877500000000001 0.37666666666666665 0.02025 0.025666666666666667
0 0.29750000000000004 0.381 0.01275 0.03233333333333333
0 0.659625 0.3785 0.0175 0.027333333333333334
0 0.16574999999999998 0.377 0.01625 0.021
0 0.15837500000000002 0.38666666666666666 0.0185 0.023
0 0.14841625 0.404 0.02308250000000001 0.047
0 0.18 0.3805 0.01275 0.028
0 0.16437500000000002 0.4066666666666667 0.022 0.043
0 0.17631249999999998 0.4069916666666667 0.015375 0.028983333333333347
0 0.16902 0.439735 0.018625 0.04415666666666668
0 0.145125 0.448245 0.0315 0.05317666666666666
0 0.138375 0.44433333333333336 0.0245 0.041
0 0.1494275 0.4663733333333333 0.03389500000000001 0.031586666666666666
0 0.1728325 0.47365333333333337 0.01875 0.028973333333333358
0 0.12125 0.49033333333333334 0.02225 0.053
0 0.16325 0.4939116666666667 0.01625 0.043843333333333324
0 0.13972999999999997 0.4952433333333333 0.020875 0.03517999999999999
0 0.15375 0.4993333333333333 0.01625 0.035666666666666666
0 0.129625 0.5223333333333333 0.019 0.049666666666666665
0 0.15020875 0.5223333333333333 0.03341749999999999 0.034333333333333334
0 0.119625 0.5366666666666667 0.022 0.04566666666666667
0 0.13204125 0.5578233333333333 0.045167500000000006 0.03664666666666668
0 0.464 0.38199999999999995 0.03525 0.03166666666666667
0 0.481875 0.39616666666666667 0.0175 0.034
0 0.46925 0.3983333333333333 0.01625 0.019
0 0.4585 0.4035 0.01275 0.014
0 0.6787500000000001 0.3803333333333333 0.02625 0.027666666666666666
0 0.778625 0.3833333333333333 0.0255 0.03233333333333333
0 0.761 0.39466666666666667 0.02075 0.030333333333333334
0 0.5422499999999999 0.38016666666666665 0.03225 0.024666666666666667
0 0.809125 0.38866666666666666 0.021 0.041666666666666664
0 0.110375 0.37933333333333336 0.031 0.021
0 0.19225 0.37966666666666665 0.00975 0.022333333333333334
0 0.20099999999999998 0.3893333333333333 0.01425 0.035666666666666666
0 0.21275 0.38666666666666666 0.01425 0.027666666666666666
0 0.36462500000000003 0.38466666666666666 0.012 0.033
0 0.688625 0.4061666666666667 0.016 0.029333333333333333
0 0.75904125 0.4184866666666667 0.02333249999999998 0.054320000000000014
0 0.7033750000000001 0.41433333333333333 0.0155 0.035
0 0.6902499999999999 0.4131666666666667 0.01375 0.02266666666666667
0 0.71922875 0.4313283333333333 0.01729250000000002 0.04500999999999999
0 0.67897875 0.4355 0.03429250000000002 0.02
0 0.73627 0.43564833333333336 0.022875 0.030656666666666676
0 0.75475 0.4398333333333333 0.01525 0.020666666666666667
0 0.6885 0.455 0.01875 0.03233333333333333
0 0.6740412499999999 0.45008000000000004 0.013832499999999982 0.020173333333333328
0 0.7088749999999999 0.47350000000000003 0.029 0.046
0 0.7913749999999999 0.38883333333333336 0.015 0.034
0 0.79591625 0.41633333333333333 0.018417500000000017 0.03833333333333333
0 0.41850000000000004 0.38433333333333336 0.02275 0.023
0 0.38875000000000004 0.4028333333333333 0.01475 0.043333333333333335
0 0.40800000000000003 0.39783333333333337 0.01675 0.016666666666666666
0 0.4215 0.40599999999999997 0.02225 0.023666666666666666
0 0.43025 0.4224966666666667 0.02275 0.04267333333333333
0 0.417875 0.43083333333333335 0.0185 0.037333333333333336
0 0.390625 0.439 0.022 0.033666666666666664
0 0.90925 0.39016666666666666 0.00975 0.03266666666666666
0 0.37487499999999996 0.395 0.0145 0.039
0 0.8055825 0.393995 0.01525 0.033656666666666675
0 0.117125 0.40058 0.0165 0.039173333333333324
0 0.09937499999999999 0.4121666666666667 0.0225 0.023333333333333334
0 0.12866625 0.43152833333333335 0.02058250000000001 0.04775
0 0.07854125 0.43407666666666667 0.025167500000000002 0.04151333333333332
0 0.28212499999999996 0.3948333333333333 0.0225 0.03333333333333333
0 0.2685 0.3985 0.02425 0.03
0 0.72066625 0.40207666666666664 0.021082499999999983 0.045820000000000013
0 0.7102499999999999 0.39516666666666667 0.02375 0.03133333333333333
0 0.67416625 0.403915 0.017082499999999983 0.048163333333333336
0 0.8965000000000001 0.40850000000000003 0.02275 0.05
0 0.331625 0.397 0.0235 0.026333333333333334
0 0.32375 0.4126666666666666 0.02025 0.041666666666666664
0 0.44225000000000003 0.40049999999999997 0.02675 0.03266666666666666
0 0.44287499999999996 0.42983333333333335 0.0215 0.03
0 0.527375 0.4058333333333333 0.014 0.04466666666666667
0 0.5465 0.39866666666666667 0.02525 0.027
0 0.55625 0.40658333333333335 0.02575 0.028833333333333332
0 0.65725 0.3973333333333333 0.01675 0.023
0 0.5102500000000001 0.3975 0.01425 0.02
0 0.655625 0.41333333333333333 0.0205 0.042333333333333334
0 0.518375 0.41566666666666663 0.014 0.04566666666666667
0 0.50425 0.4201666666666667 0.01525 0.029333333333333333
0 0.5789375 0.4435 0.022375 0.04466666666666667
0 0.5765 0.4668333333333333 0.04125 0.078
0 0.5566249999999999 0.45533333333333337 0.021 0.045
0 0.660375 0.4545 0.0175 0.04133333333333333
0 0.427 0.45316 0.02625 0.02267999999999999
0 0.475375 0.4736666666666667 0.0225 0.052333333333333336
0 0.5333749999999999 0.463 0.013 0.031
0 0.440625 0.47483333333333333 0.0205 0.048666666666666664
0 0.551 0.46316666666666667 0.01225 0.023333333333333334
0 0.409875 0.4633333333333333 0.0295 0.022333333333333334
0 0.62525 0.4698333333333333 0.03525 0.024
0 0.578875 0.47483333333333333 0.0165 0.023333333333333334
0 0.41674999999999995 0.47583333333333333 0.03175 0.024
0 0.5770000000000001 0.48800000000000004 0.02825 0.043
0 0.655 0.48749333333333333 0.02825 0.04067999999999999
0 0.44825000000000004 0.49283333333333335 0.01775 0.046
0 0.468375 0.5015 0.0185 0.04733333333333333
0 0.628 0.4921666666666667 0.03925 0.028
0 0.5229275 0.49929666666666667 0.018605000000000017 0.04440666666666668
0 0.50377125 0.501665 0.02379250000000002 0.03899666666666667
0 0.423 0.5031666666666667 0.02025 0.042
0 0.493 0.5066666666666667 0.01825 0.04566666666666667
0 0.637 0.5051666666666667 0.03575 0.028666666666666667
0 0.457375 0.5173333333333333 0.0195 0.043666666666666666
0 0.43925000000000003 0.5221666666666667 0.01375 0.048666666666666664
0 0.477 0.5238333333333334 0.02325 0.043333333333333335
0 0.58225 0.5251666666666667 0.02525 0.044
0 0.593125 0.5278333333333334 0.016 0.044
0 0.609125 0.5358333333333333 0.0215 0.050666666666666665
0 0.514875 0.5385 0.0185 0.05466666666666667
0 0.45325 0.5416666666666667 0.02025 0.049666666666666665
0 0.5005000000000001 0.5436666666666666 0.02025 0.04633333333333333
0 0.56575 0.5451666666666667 0.02075 0.048
0 0.48875 0.5605 0.01575 0.048
0 0.5375 0.5603333333333332 0.01975 0.029
0 0.448375 0.5638333333333334 0.024 0.035333333333333335
0 0.50429125 0.57872 0.022167500000000017 0.05156000000000002
0 0.47825 0.572 0.01825 0.028333333333333332
0 0.5848749999999999 0.5806666666666667 0.017 0.03966666666666667
0 0.4455 0.5816666666666667 0.02725 0.033
0 0.531625 0.5841666666666666 0.0345 0.03266666666666666
0 0.5745 0.5943333333333333 0.01825 0.049
0 0.44637499999999997 0.6126666666666666 0.0245 0.049
0 0.4665 0.619 0.02475 0.04766666666666667
0 0.521625 0.6118333333333333 0.035 0.02666666666666667
0 0.633 0.6218333333333333 0.04575 0.04
0 0.58520875 0.624615 0.018667500000000017 0.052436666666666645
0 0.48975 0.6351666666666667 0.01725 0.03866666666666667
0 0.4019375 0.6345 0.014125 0.014
0 0.47400000000000003 0.658 0.01975 0.057666666666666665
0 0.452 0.6731666666666667 0.02425 0.072
0 0.41312499999999996 0.65625 0.0355 0.029833333333333333
0 0.43837499999999996 0.6715 0.0195 0.054
0 0.49500000000000005 0.6703333333333333 0.02475 0.037
0 0.47275 0.6968333333333333 0.02225 0.048
0 0.4975 0.697 0.01925 0.039
0 0.4655 0.7073333333333333 0.02825 0.057
0 0.49275 0.7116666666666667 0.01875 0.03233333333333333
0 0.501625 0.735 0.0435 0.029666666666666668
0 0.47912499999999997 0.7633333333333333 0.0155 0.06633333333333333
0 0.73322875 0.4052483333333334 0.014292500000000019 0.04317
0 0.780375 0.4155 0.014 0.043333333333333335
0 0.06072875 0.4213216666666667 0.032792499999999995 0.04631000000000002
0 0.6423749999999999 0.41950000000000004 0.017 0.042
0 0.8296662499999999 0.4254966666666667 0.02708249999999998 0.05067333333333333
0 0.26402125 0.41824333333333336 0.017792500000000017 0.02748666666666668
0 0.224 0.41966666666666663 0.01275 0.029666666666666668
0 0.7737912499999999 0.42416166666666666 0.017667500000000017 0.04200999999999999
0 0.81360375 0.42616666666666664 0.016957499999999983 0.03266666666666666
0 0.8082287499999999 0.438 0.016207499999999982 0.03966666666666667
0 0.23199999999999998 0.42739333333333335 0.02475 0.0355466666666667
0 0.214125 0.45766666666666667 0.019 0.036333333333333336
0 0.537125 0.4295 0.019 0.03666666666666667
0 0.47725 0.4345 0.01325 0.044
0 0.492 0.44266666666666665 0.01625 0.042333333333333334
0 0.4995 0.4718333333333333 0.03525 0.03266666666666666
0 0.37487499999999996 0.42666666666666664 0.0105 0.022333333333333334
0 0.701125 0.4374883333333333 0.026 0.029976666666666686
0 0.65054125 0.44824833333333336 0.013832499999999982 0.04050333333333333
0 0.797125 0.451825 0.026 0.034683333333333316
0 0.11462499999999999 0.47099 0.019 0.04968666666666665
0 0.10149999999999999 0.4825716666666667 0.01875 0.05118999999999998
0 0.080125 0.4704466666666667 0.0265 0.03322666666666669
0 0.389625 0.48433333333333334 0.0225 0.058333333333333334
0 0.07214625 0.479285 0.022042500000000003 0.025096666666666656
0 0.08595875 0.491065 0.014167500000000005 0.019330000000000003
0 0.06770875 0.4998116666666667 0.029667500000000003 0.034156666666666675
0 0.413375 0.5146666666666667 0.0245 0.051
0 0.4 0.5155 0.02875 0.048
0 0.4003125 0.5388333333333333 0.037875 0.04733333333333333
0 0.427625 0.5476666666666666 0.0155 0.047
0 0.39975 0.571 0.02025 0.041
0 0.41100000000000003 0.5758333333333333 0.01675 0.04933333333333333
0 0.390625 0.5943333333333334 0.0145 0.03966666666666667
0 0.399 0.5933333333333333 0.00775 0.019
0 0.1005425 0.5141833333333333 0.020125 0.03840666666666668
0 0.08449999999999999 0.5148333333333334 0.02475 0.03
0 0.08274999999999999 0.5305 0.01525 0.012
0 0.06080125 0.5371766666666667 0.033062499999999995 0.042073333333333345
0 0.09825999999999999 0.5363850000000001 0.022769999999999995 0.01899666666666667
0 0.0755 0.5556666666666666 0.02475 0.037
0 0.673875 0.5148333333333334 0.0285 0.023333333333333334
0 0.23771875 0.5166999999999999 0.0131875 0.020933333333333318
0 0.6547499999999999 0.5238333333333333 0.03575 0.02266666666666667
0 0.63275 0.5318333333333333 0.03125 0.028666666666666667
0 0.64025 0.5598333333333333 0.03575 0.042666666666666665
0 0.658 0.5401666666666667 0.02825 0.025333333333333333
0 0.5616249999999999 0.5536666666666666 0.0085 0.027
0 0.097635 0.5568283333333333 0.03298 0.025343333333333325
0 0.087375 0.5713333333333332 0.033 0.029
0 0.1019375 0.571 0.017125 0.013
0 0.662375 0.5701666666666666 0.0275 0.04933333333333333
0 0.6392500000000001 0.5811666666666666 0.03225 0.04466666666666667
0 0.63675 0.5958333333333334 0.02925 0.035333333333333335
0 0.06253125 0.58144 0.0196875 0.04078666666666663
0 0.5535 0.5901666666666666 0.02925 0.042666666666666665
0 0.564875 0.6153333333333333 0.022 0.055
0 0.55902125 0.6381666666666667 0.04279250000000002 0.054
0 0.08512499999999999 0.5900000000000001 0.029 0.027666666666666666
0 0.508375 0.6271666666666667 0.021 0.042666666666666665
0 0.5081249999999999 0.6536666666666667 0.022 0.041666666666666664
0 0.359125 0.622 0.022 0.023666666666666666
0 0.32525 0.6436666666666667 0.01725 0.05433333333333333
0 0.31875000000000003 0.6859999999999999 0.01975 0.053
0 0.334125 0.6913333333333334 0.0175 0.05633333333333333
0 0.30525 0.6985 0.01575 0.06
0 0.289375 0.7038333333333333 0.0185 0.058
0 0.3475 0.75465 0.02025 0.05236666666666664
0 0.3305 0.7926666666666667 0.02625 0.05566666666666667
0 0.340125 0.8059999999999999 0.0305 0.049
0 0.349125 0.6589999999999999 0.021 0.055
0 0.5509999999999999 0.6683333333333333 0.03025 0.03833333333333333
0 0.5487500000000001 0.6930000000000001 0.03025 0.04766666666666667
0 0.11024999999999999 0.67 0.04575 0.03833333333333333
0 0.08631249999999999 0.6836216666666667 0.030875 0.055870000000000045
0 0.10074999999999999 0.6948333333333333 0.02475 0.018
0 0.09 0.7098333333333333 0.02475 0.024666666666666667
0 0.095 0.7256666666666667 0.03675 0.043
0 0.395 0.676 0.01975 0.04633333333333333
0 0.418875 0.6916666666666667 0.03 0.043
0 0.3975 0.7108333333333333 0.02725 0.059333333333333335
0 0.42575 0.7231666666666667 0.03125 0.044
0 0.4495 0.7196666666666667 0.02775 0.035666666666666666
0 0.39795875 0.7401666666666666 0.02933249999999998 0.04533333333333334
0 0.449125 0.757 0.018 0.063
0 0.46475 0.7593333333333333 0.01675 0.052333333333333336
0 0.42624999999999996 0.8037266666666667 0.03575 0.05821333333333329
0 0.5217499999999999 0.6898333333333333 0.03225 0.03
0 0.521875 0.7143333333333334 0.028 0.051666666666666666
0 0.269875 0.7138333333333334 0.0265 0.03333333333333333
0 0.54025 0.7226666666666667 0.03075 0.039
0 0.145375 0.7361666666666666 0.0285 0.050666666666666665
0 0.10675 0.734 0.02725 0.04033333333333333
0 0.12175 0.7398333333333333 0.03125 0.05
0 0.36550000000000005 0.7748333333333334 0.02875 0.10666666666666667
0 0.38475000000000004 0.793 0.02475 0.06433333333333334
0 0.216625 0.7511666666666666 0.0165 0.056666666666666664
0 0.28900000000000003 0.7541666666666667 0.01875 0.062
0 0.305 0.775 0.02225 0.091
0 0.315 0.7863333333333333 0.01625 0.03833333333333333
0 0.2825 0.8128333333333333 0.03025 0.06133333333333333
0 0.264625 0.79967 0.026 0.03432666666666667
0 0.271875 0.7551666666666667 0.0225 0.06333333333333334
0 0.37587499999999996 0.7605666666666666 0.0195 0.06919999999999997
0 0.502 0.7646666666666667 0.03025 0.057666666666666665
0 0.437125 0.77 0.024 0.06566666666666666
0 0.493625 0.773 0.0175 0.050333333333333334
0 0.22587500000000002 0.7755066666666667 0.0285 0.03732000000000001
0 0.135125 0.776 0.0375 0.029666666666666668
0 0.25575000000000003 0.7818333333333334 0.02275 0.029333333333333333
0 0.2954375 0.8398333333333334 0.038375 0.03933333333333333
0 0.346625 0.8716666666666666 0.0405 0.043
0 0.0875425 0.415405 0.0235 0.041823333333333344
0 0.0977925 0.3980766666666667 0.026 0.016826666666666674
0 0.1290425 0.39782666666666666 0.022499999999999985 0.04365333333333334
0 0.1122925 0.4353166666666667 0.029 0.044653333333333343
0 0.0964175 0.44406500000000004 0.01875 0.041490000000000006
0 0.10023 0.6282266666666666 0.019 0.05032000000000001
0 0.1106675 0.6019 0.034125 0.02799333333333334
0 0.17176124999999998 0.584235 0.0260625 0.03632333333333334
0 0.1430425 0.6146433333333333 0.031374999999999986 0.053653333333333345
0 0.188 0.61503 0.025125 0.04798666666666668
0 0.1715625 0.6193216666666667 0.019 0.047903333333333346
0 0.14825000000000002 0.626985 0.036625 0.05357000000000001
0 0.12608250000000001 0.6862516666666667 0.030500000000000013 0.05631666666666668
0 0.133645 0.69275 0.033125000000000016 0.05232000000000001
0 0.2099175 0.6642016666666667 0.0205 0.05198333333333327
0 0.22935499999999998 0.6717833333333334 0.035875 0.04848666666666668
0 0.23173 0.6912766666666667 0.034625 0.07214666666666676
0 0.20852 0.71672 0.01725 0.029573333333333267
0 0.26323875 0.6720583333333333 0.03856249999999997 0.02474333333333334
0 0.26423875 0.6584366666666667 0.04293749999999997 0.02399333333333334
0 0.25529250000000003 0.576795 0.018500000000000027 0.040489999999999936
0 0.26498 0.5345566666666667 0.02187500000000003 0.05965333333333334
0 0.29591750000000006 0.5597166666666666 0.041 0.0646466666666666
0 0.28241750000000004 0.50698 0.025 0.054153333333333345
0 0.25810500000000003 0.4401933333333333 0.019125000000000027 0.05032000000000001
0 0.2745425 0.4375266666666666 0.02125 0.053986666666666676
0 0.30816750000000004 0.42486333333333326 0.023 0.045986666666666676
0 0.2974175 0.468185 0.0195 0.05398333333333335
0 0.32679250000000004 0.5178116666666667 0.02175 0.040156666666666674
0 0.4055625 0.393595 0.022625 0.03899000000000001
0 0.405125 0.42250333333333334 0.01975 0.027826666666666673
0 0.40049999999999997 0.43666499999999997 0.0225 0.03282333333333334
0 0.4600625 0.4236416666666667 0.032875 0.04599000000000001
0 0.4583125 0.46423 0.019875 0.04918666666666665
0 0.49323875 0.38312833333333335 0.0154375 0.0431566666666666
0 0.50755125 0.372965 0.0340625 0.03599000000000001
0 0.509395 0.4476383333333333 0.019875 0.04773666666666668
0 0.51986375 0.46421999999999997 0.0218125 0.05440000000000002
0 0.41148 0.620965 0.040875 0.03165666666666667
0 0.42673 0.59196 0.020125 0.04829333333333329
0 0.4237925 0.63621 0.045 0.04815333333333327
0 0.47348 0.6028033333333334 0.031875 0.05132000000000001
0 0.49041750000000006 0.5976383333333334 0.03175 0.03732333333333334
0 0.469875 0.5578983333333334 0.0225 0.041823333333333344
0 0.5365825 0.6392933333333333 0.03925 0.042319999999999934
0 0.525645 0.6613716666666667 0.023125 0.05615000000000001
0 0.5260825 0.5441866666666666 0.02875 0.07164666666666668
0 0.5363325 0.5061133333333333 0.02125 0.03282666666666667
0 0.54452 0.46928833333333336 0.025625 0.05281666666666661
0 0.55977 0.4967816666666667 0.024875 0.03815666666666668
0 0.5540200000000001 0.5056116666666667 0.027875 0.03882333333333334
0 0.5495424999999999 0.5463283333333333 0.019 0.05548333333333335
0 0.5902925 0.5579083333333333 0.03525 0.03965666666666667
0 0.60273 0.5823183333333334 0.024875 0.03549000000000001
0 0.6162299999999999 0.5732383333333333 0.018625 0.06165000000000002
0 0.6002925 0.61356 0.019 0.055653333333333346
0 0.31904250000000006 0.74249 0.02275 0.07314666666666668
0 0.3335425 0.7490716666666666 0.022 0.0656500000000001
0 0.41770749999999995 0.7482816666666667 0.0195 0.06631666666666676
0 0.4045825 0.77719 0.01675 0.04148666666666668
0 0.3922075 0.8186783333333334 0.02425 0.05815000000000009
0 0.4154575 0.81768 0.024 0.05048666666666668
0 0.6044175 0.4930833333333333 0.02925 0.04865333333333335
0 0.599105 0.45742499999999997 0.022125 0.03665666666666668
0 0.591625 0.39194166666666663 0.024 0.03765666666666668
0 0.61675 0.39219333333333334 0.03125 0.05015333333333335
0 0.6311875 0.4266 0.031875 0.06998000000000001
0 0.7440199999999999 0.39532666666666666 0.020625 0.052653333333333344
0 0.7289574999999999 0.4722216666666667 0.03225 0.04049000000000001
0 0.7487075 0.45581000000000005 0.04525 0.02932666666666667
0 0.7442075 0.48555166666666666 0.0485 0.034823333333333345
0 0.8705625 0.3720816666666667 0.026875 0.03615666666666668
0 0.8801875 0.41207166666666667 0.020875 0.04649000000000001
0 0.673395 0.4775466666666667 0.020875 0.04865333333333327
0 0.6893325 0.4828766666666667 0.0225 0.027326666666666596
0 0.463645 0.3302616666666667 0.027625 0.04482333333333334
