0 0.083375 0.2285 0.016 0.020666666666666667
0 0.035 0.2331666666666667 0.01725 0.022
0 0.3725 0.298 0.01325 0.024333333333333332
0 0.7248749999999999 0.37 0.0145 0.025
0 0.14834375 0.3862083333333333 0.0296875 0.02808333333333333
0 0.1654375 0.39341666666666664 0.02575 0.0315
0 0.17996875 0.39975 0.0156875 0.0365
0 0.20203125000000002 0.39916666666666667 0.0151875 0.03333333333333333
0 0.19037500000000002 0.403 0.013 0.036333333333333336
0 0.11884375 0.404 0.0159375 0.035
0 0.287625 0.408375 0.020375 0.03975
0 0.2335625 0.405125 0.01975 0.03125
0 0.22025 0.4099166666666667 0.01575 0.03983333333333333
0 0.1303125 0.40991666666666665 0.01325 0.0385
0 0.3125 0.40850000000000003 0.02425 0.028
0 0.23781249999999998 0.4134583333333333 0.018375 0.03575
0 0.24859375 0.4131666666666666 0.0199375 0.03266666666666666
0 0.2598125 0.42166666666666663 0.030125 0.027666666666666666
0 0.385 0.426 0.01575 0.035666666666666666
0 0.37209375 0.43066666666666664 0.0175625 0.043666666666666666
0 0.39315625 0.4315 0.0144375 0.04466666666666667
0 0.33709374999999997 0.427625 0.0134375 0.035583333333333335
0 0.35115625 0.41925 0.0200625 0.016833333333333332
0 0.40325 0.43066666666666664 0.01075 0.036333333333333336
0 0.31625 0.4320833333333333 0.01625 0.03933333333333333
0 0.36103125 0.433 0.0179375 0.03833333333333333
0 0.412375 0.4315 0.0125 0.036
0 0.34850000000000003 0.4362083333333333 0.012375 0.028583333333333332
0 0.6398750000000001 0.44366666666666665 0.0155 0.04033333333333333
0 0.647375 0.438 0.0115 0.028333333333333332
0 0.48800000000000004 0.43816666666666665 0.02075 0.027333333333333334
0 0.446375 0.4485 0.013 0.04533333333333334
0 0.459625 0.44133333333333336 0.011 0.025
0 0.47012499999999996 0.44616666666666666 0.0125 0.036
0 0.41775 0.4433333333333333 0.01725 0.026333333333333334
0 0.42725 0.44566666666666666 0.02375 0.027
0 0.605625 0.451 0.022 0.034333333333333334
0 0.6353749999999999 0.45316666666666666 0.015 0.034666666666666665
0 0.54525 0.4508333333333333 0.02075 0.028666666666666667
0 0.557875 0.45366666666666666 0.0145 0.034333333333333334
0 0.5780000000000001 0.45549999999999996 0.01475 0.034666666666666665
0 0.589625 0.4565 0.0145 0.03133333333333333
0 0.43425 0.45816666666666667 0.01475 0.03333333333333333
0 0.508625 0.4615 0.0195 0.03933333333333333
0 0.38403125 0.4572083333333333 0.0153125 0.030083333333333333
0 0.51475 0.45999999999999996 0.01825 0.03166666666666667
0 0.480125 0.466 0.015 0.041
0 0.604625 0.4643333333333334 0.017 0.035
0 0.6283749999999999 0.4673333333333333 0.011 0.03966666666666667
0 0.619 0.4678333333333333 0.01075 0.037333333333333336
0 0.495625 0.4675 0.016 0.032
0 0.8285 0.46316666666666667 0.02325 0.022
0 0.747625 0.4651666666666666 0.014 0.02266666666666667
0 0.463875 0.4678333333333333 0.0115 0.025333333333333333
0 0.411875 0.4655 0.0185 0.014
0 0.5599999999999999 0.4811666666666667 0.01375 0.04133333333333333
0 0.5750000000000001 0.48283333333333334 0.01075 0.03933333333333333
0 0.737375 0.484 0.013 0.04033333333333333
0 0.7916249999999999 0.4811666666666667 0.029 0.03333333333333333
0 0.539625 0.47983333333333333 0.014 0.028666666666666667
0 0.68575 0.4831666666666667 0.01925 0.034
0 0.6526249999999999 0.4761666666666667 0.011 0.014666666666666666
0 0.72725 0.48516666666666663 0.01525 0.03266666666666666
0 0.599375 0.4841666666666667 0.017 0.026
0 0.548375 0.4858333333333333 0.009 0.028666666666666667
0 0.586875 0.49016666666666664 0.0115 0.03666666666666667
0 0.6425 0.489 0.01525 0.035
0 0.663 0.4935 0.01125 0.043333333333333335
0 0.677 0.489 0.01525 0.035
0 0.715375 0.4873333333333333 0.0125 0.03166666666666667
0 0.385 0.4811666666666667 0.02225 0.016666666666666666
0 0.7471249999999999 0.4923333333333333 0.0145 0.03766666666666667
0 0.766 0.48916666666666664 0.01225 0.03133333333333333
0 0.670125 0.4906666666666667 0.013 0.033
0 0.5676249999999999 0.4933333333333333 0.0125 0.033666666666666664
0 0.6536875 0.5 0.012875 0.042333333333333334
0 0.755 0.4955 0.01225 0.03333333333333333
0 0.18362499999999998 0.49366666666666664 0.0305 0.028333333333333332
0 0.777 0.49866666666666665 0.01475 0.03833333333333333
0 0.636625 0.5018333333333334 0.0135 0.043333333333333335
0 0.622625 0.49483333333333335 0.019 0.016666666666666666
0 0.23199999999999998 0.5135 0.02025 0.03666666666666667
0 0.7855 0.5128333333333334 0.01175 0.035333333333333335
0 0.21975 0.5123333333333333 0.01825 0.033666666666666664
0 0.806625 0.5203333333333333 0.016 0.047
0 0.7328749999999999 0.5121666666666667 0.0225 0.02666666666666667
0 0.7251249999999999 0.5183333333333333 0.023 0.03233333333333333
0 0.911625 0.5186666666666667 0.0165 0.03766666666666667
0 0.793 0.5193333333333333 0.01225 0.036333333333333336
0 0.235875 0.5251666666666667 0.0165 0.044
0 0.9029999999999999 0.5208333333333334 0.01175 0.036
0 0.891125 0.5246666666666667 0.0145 0.03766666666666667
0 0.84995875 0.52294 0.01666750000000002 0.03888000000000003
0 0.84397875 0.531065 0.020207499999999982 0.03713000000000003
0 0.7612500000000001 0.5185 0.01425 0.02666666666666667
0 0.33983874999999997 0.5199216666666667 0.020282500000000026 0.03257666666666667
0 0.33361375 0.5508716666666666 0.0174375 0.039330000000000004
0 0.698875 0.5233333333333333 0.0155 0.035
0 0.247625 0.5263333333333333 0.017 0.037
0 0.861875 0.5263333333333333 0.0105 0.03766666666666667
0 0.87175 0.5285 0.01675 0.042
0 0.75125 0.5266666666666666 0.01375 0.031
0 0.832125 0.5316666666666666 0.021 0.035
0 0.76875 0.5308333333333333 0.01925 0.030666666666666665
0 0.29997875 0.528165 0.02670749999999998 0.02740999999999993
0 0.883 0.5345 0.01725 0.03666666666666667
0 0.289385 0.540455 0.020519999999999983 0.0356566666666666
0 0.305385 0.5513083333333333 0.014019999999999982 0.022283333333333304
0 0.32052 0.5449533333333333 0.01875 0.04215333333333327
0 0.328895 0.5429550000000001 0.015 0.031323333333333266
0 0.28391625 0.5450783333333333 0.01808249999999998 0.029076666666666674
0 0.34673875 0.5490433333333333 0.0173125 0.03065999999999993
0 0.35977 0.5555 0.0255 0.034666666666666665
0 0.556375 0.5615 0.0185 0.037333333333333336
0 0.37698875 0.5617466666666667 0.0155625 0.039239999999999935
0 0.519 0.5609416666666667 0.01275 0.03288333333333336
0 0.5460412499999999 0.5641083333333333 0.013832499999999982 0.037883333333333366
0 0.36477 0.5664549999999999 0.01525 0.0471566666666666
0 0.455125 0.5650000000000001 0.013 0.033666666666666664
0 0.46547875 0.5724999999999999 0.01679250000000002 0.04733333333333333
0 0.51079125 0.5686666666666667 0.01883249999999998 0.039
0 0.526875 0.5681666666666667 0.013 0.038
0 0.628625 0.568 0.0155 0.03833333333333333
0 0.42330124999999996 0.5632483333333334 0.0249375 0.023743333333333262
0 0.50179125 0.5711666666666667 0.016832499999999983 0.038
0 0.59625 0.5798333333333333 0.01725 0.042666666666666665
0 0.47479125 0.570775 0.012667500000000019 0.02055000000000003
0 0.34504375 0.572605 0.024202499999999988 0.029856666666666646
0 0.5369575 0.5728016666666667 0.0145 0.030156666666666675
0 0.49075 0.5753333333333334 0.01725 0.029666666666666668
0 0.4859575 0.5858816666666666 0.016 0.03999000000000001
0 0.738615 0.5918916666666667 0.023480000000000018 0.03144999999999997
0 0.670125 0.5955 0.026 0.03133333333333333
0 0.43880125 0.6024516666666666 0.0176875 0.03249000000000001
0 0.7781725 0.60964 0.02088499999999999 0.04161333333333331
0 0.7898124999999999 0.6184399999999999 0.018789999999999963 0.03730666666666669
0 0.8576987500000001 0.606785 0.0250625 0.03749000000000001
0 0.68575 0.6046666666666666 0.01275 0.029
0 0.7514175 0.6089933333333333 0.00975 0.03924000000000001
0 0.7369899999999999 0.6062016666666665 0.030730000000000018 0.02849000000000001
0 0.8452925 0.61041 0.01725 0.040406666666666674
0 0.76513625 0.613 0.0183125 0.025666666666666667
0 0.83714625 0.6198333333333333 0.01604250000000002 0.038
0 0.82569875 0.6199066666666666 0.0200625 0.03690666666666668
0 0.8732075 0.6222816666666667 0.0135 0.03756333333333335
0 0.733125 0.6164766666666667 0.024 0.02471333333333337
0 0.43441624999999995 0.6318649999999999 0.019417500000000018 0.03615666666666668
0 0.5141249999999999 0.6328333333333334 0.0165 0.029333333333333333
0 0.44364 0.6356099999999999 0.014259999999999991 0.025480000000000017
0 0.459375 0.6425 0.0195 0.028
0 0.45097374999999995 0.6537383333333333 0.02880250000000001 0.022189999999999977
0 0.5773750000000001 0.6498333333333334 0.0195 0.028
0 0.66 0.6581666666666667 0.01475 0.03666666666666667
0 0.3927075 0.6585433333333334 0.0165 0.034826666666666596
0 0.40355125 0.6599166666666666 0.0196875 0.03557333333333327
0 0.42630125 0.6618766666666667 0.0159375 0.02965999999999993
0 0.547135 0.6651683333333333 0.02151999999999998 0.02590999999999993
0 0.46055125 0.676625 0.0165625 0.034323333333333345
0 0.5699575 0.6781250000000001 0.021875 0.03299000000000001
0 0.70723 0.6792866666666666 0.021875 0.02599333333333334
0 0.46911375 0.68554 0.0178125 0.03332666666666667
0 0.5334162499999999 0.69204 0.017082499999999983 0.05482666666666667
0 0.534645 0.724035 0.016375 0.02066333333333326
0 0.49905125 0.6865833333333333 0.0204375 0.033573333333333344
0 0.5086087499999999 0.6999900000000001 0.01455250000000001 0.03672000000000003
0 0.50127 0.71287 0.019 0.025653333333333344
0 0.39380125 0.6822033333333334 0.0236875 0.022826666666666672
0 0.59273875 0.6927716666666667 0.0153125 0.040789999999999965
0 0.440895 0.6854133333333333 0.0225 0.02258000000000008
0 0.58242625 0.690205 0.0178125 0.0326566666666666
0 0.48362499999999997 0.6940999999999999 0.0125 0.03519999999999997
0 0.418375 0.688645 0.0185 0.024376666666666703
0 0.5593325 0.6892466666666667 0.0295 0.027739999999999935
0 0.6542925 0.696535 0.02 0.03949000000000009
0 0.5763849999999999 0.6958116666666666 0.014019999999999982 0.031376666666666705
0 0.5212600000000001 0.7002516666666666 0.015769999999999982 0.03640999999999993
0 0.6825212500000001 0.6988916666666667 0.01579250000000002 0.03144999999999997
0 0.5437075 0.7068733333333332 0.013875 0.04148666666666668
0 0.66564125 0.7024016666666668 0.01569749999999999 0.030923333333333327
0 0.47408249999999996 0.7039949999999999 0.017625 0.023576666666666673
0 0.7424275 0.7133466666666667 0.02860500000000002 0.036359999999999976
0 0.7342500000000001 0.7171666666666667 0.02225 0.03133333333333333
0 0.5560425 0.7114583333333333 0.01475 0.036083333333333335
0 0.6193237500000001 0.7085383333333333 0.0221875 0.025996666666666744
0 0.7167925 0.7155133333333333 0.0225 0.035359999999999975
0 0.64623 0.717765 0.016 0.03853000000000005
0 0.48667625 0.712825 0.0230625 0.03224333333333334
0 0.5915425 0.7179533333333332 0.02175 0.03623999999999993
0 0.69339625 0.7142266666666667 0.02195749999999998 0.03121333333333329
0 0.632125 0.7200566666666667 0.016 0.03711333333333338
0 0.46658249999999996 0.7163250000000001 0.01725 0.02874333333333334
0 0.60924 0.72039 0.01723000000000002 0.035113333333333385
0 0.7572712500000001 0.7216383333333333 0.013792500000000018 0.03760999999999998
0 0.77494875 0.7162416666666667 0.0226875 0.029410000000000006
0 0.45467624999999995 0.72553 0.0193125 0.04115333333333335
0 0.5692925000000001 0.71854 0.0135 0.02258666666666674
0 0.57498 0.7255366666666666 0.016875 0.026739999999999934
0 0.67002125 0.7259350000000001 0.014792500000000017 0.037796666666666624
0 0.68164625 0.7306950000000001 0.012542500000000019 0.04215666666666675
0 0.7823862500000001 0.7268633333333333 0.0278125 0.026826666666666672
0 0.59902125 0.729075 0.011292500000000018 0.019243333333333338
0 0.60794875 0.7396383333333334 0.0281875 0.02027666666666664
0 0.56464625 0.7377866666666667 0.013957499999999982 0.01876000000000007
0 0.6395525 0.7488333333333334 0.019644999999999982 0.03266666666666666
0 0.649615 0.75165 0.019519999999999982 0.03723999999999993
0 0.61714625 0.750195 0.023957499999999982 0.029490000000000086
0 0.60875 0.782 0.02575 0.022333333333333334
0 0.31186375 0.5309166666666666 0.0069375 0.014246666666666593
0 0.4002075 0.5655416666666666 0.01775 0.036823333333333264
0 0.40417624999999996 0.5525033333333333 0.0168125 0.039239999999999935
0 0.410145 0.6733316666666667 0.019375 0.02474333333333334
0 0.52067125 0.7235266666666667 0.01832249999999999 0.03080666666666669
0 0.55942625 0.67046 0.0223125 0.03265999999999993
0 0.58826125 0.7394066666666668 0.0139375 0.030573333333333265
0 0.59423 0.7509033333333334 0.013625 0.01941333333333326
