0 0.15699999999999997 0.49416666666666664 0.032 0.03233333333333333
0 0.650125 0.4856666666666667 0.02325 0.032
0 0.7937500000000001 0.521 0.0235 0.023333333333333334
0 0.272625 0.37533333333333335 0.03325 0.04
0 0.7435 0.5148333333333334 0.0195 0.045
0 0.21350000000000002 0.6176666666666667 0.0275 0.03866666666666667
0 0.6955 0.5023333333333333 0.0195 0.04
0 0.483 0.5518333333333334 0.0275 0.043666666666666666
0 0.39149999999999996 0.27 0.0235 0.035333333333333335
0 0.594125 0.48483333333333334 0.01325 0.041666666666666664
0 0.81425 0.5961666666666666 0.022 0.050333333333333334
0 0.6331249999999999 0.42333333333333334 0.02175 0.05733333333333333
0 0.40575 0.46699999999999997 0.021 0.034666666666666665
0 0.303875 0.44266666666666665 0.02275 0.030666666666666665
0 0.492 0.4543333333333333 0.0305 0.02666666666666667
0 0.587375 0.38716666666666666 0.03025 0.045
0 0.667625 0.48333333333333334 0.02475 0.03266666666666666
0 0.41075 0.401 0.0225 0.035333333333333335
0 0.8778750000000001 0.6225 0.02875 0.04766666666666667
0 0.17375000000000002 0.452 0.0245 0.06333333333333334
0 0.6615 0.7848333333333334 0.022 0.04566666666666667
0 0.547875 0.48783333333333334 0.02675 0.037
0 0.47675 0.49766666666666665 0.0195 0.04066666666666666
0 0.4565 0.72 0.027 0.04733333333333333
0 0.6108750000000001 0.6206666666666667 0.02675 0.05
0 0.42375 0.45966666666666667 0.016 0.04933333333333333
0 0.321625 0.4946666666666667 0.02725 0.044
0 0.255625 0.5551666666666667 0.03775 0.028333333333333332
0 0.65075 0.5638333333333333 0.0215 0.041
0 0.42974999999999997 0.41300000000000003 0.0285 0.042
0 0.697375 0.5515 0.01925 0.058333333333333334
0 0.167625 0.5091666666666667 0.03475 0.035
0 0.3 0.4698333333333333 0.0305 0.04766666666666667
0 0.24250000000000002 0.36000000000000004 0.023 0.056
0 0.351375 0.5995 0.02825 0.049666666666666665
0 0.528875 0.42733333333333334 0.01925 0.048666666666666664
0 0.679 0.5 0.026 0.028
0 0.3765 0.4415 0.028 0.051
0 0.389 0.4005 0.024 0.05433333333333333
0 0.47850000000000004 0.6735 0.024 0.05366666666666667
0 0.224625 0.4251666666666667 0.02225 0.061
0 0.593625 0.7416666666666667 0.02375 0.048666666666666664
0 0.622875 0.5033333333333333 0.02325 0.054
0 0.264375 0.3481666666666667 0.03175 0.04833333333333333
0 0.669625 0.6823333333333332 0.02975 0.04733333333333333
0 0.4775 0.624 0.0205 0.048666666666666664
0 0.324375 0.3948333333333333 0.01175 0.036333333333333336
0 0.379375 0.5508333333333334 0.02375 0.05366666666666667
0 0.667375 0.7165 0.01825 0.027666666666666666
0 0.40700000000000003 0.4355 0.024 0.033
0 0.3245 0.445 0.027 0.056666666666666664
0 0.457125 0.6065 0.03025 0.03966666666666667
0 0.566875 0.5233333333333333 0.02375 0.04933333333333333
0 0.186 0.5641666666666667 0.037 0.029666666666666668
0 0.7282500000000001 0.5158333333333334 0.0195 0.039
0 0.57925 0.47950000000000004 0.024 0.053
0 0.2595 0.42500000000000004 0.023 0.066
0 0.509875 0.4653333333333334 0.02875 0.038
0 0.57125 0.5793333333333334 0.024 0.04466666666666667
0 0.8035 0.6548333333333334 0.022 0.06366666666666666
0 0.66025 0.5208333333333333 0.014 0.037
0 0.765 0.5335 0.0205 0.030333333333333334
0 0.264625 0.5081666666666667 0.02775 0.061
0 0.546875 0.5651666666666666 0.02525 0.045
0 0.303875 0.7516666666666666 0.03025 0.034666666666666665
0 0.34787500000000005 0.4673333333333333 0.02375 0.05733333333333333
0 0.69725 0.7025 0.0315 0.050333333333333334
0 0.28487500000000004 0.3901666666666667 0.02175 0.055
0 0.479625 0.5913333333333334 0.02075 0.029333333333333333
0 0.49962875 0.43274999999999997 0.03925750000000005 0.0305
0 0.276625 0.448 0.02475 0.059333333333333335
0 0.49862500000000004 0.6846666666666666 0.01675 0.048666666666666664
0 0.5825 0.6963333333333334 0.0235 0.054
0 0.739375 0.6565 0.02675 0.049
0 0.6106250000000001 0.7738333333333333 0.02025 0.035
0 0.534 0.7756666666666667 0.018 0.038
0 0.347875 0.27216666666666667 0.02325 0.03233333333333333
0 0.774625 0.5198333333333334 0.01675 0.035666666666666666
0 0.599625 0.6868333333333333 0.02575 0.05633333333333333
0 0.778 0.6731666666666666 0.028 0.051
0 0.376 0.7005 0.0255 0.05633333333333333
0 0.634375 0.5816666666666667 0.02125 0.025333333333333333
0 0.818875 0.6651666666666667 0.02175 0.07233333333333333
0 0.757875 0.5193333333333333 0.01275 0.03
0 0.33775 0.39566666666666667 0.0145 0.04733333333333333
0 0.500625 0.6376666666666666 0.02675 0.056666666666666664
0 0.221875 0.38716666666666666 0.02375 0.045
0 0.45775 0.7998333333333333 0.026 0.050333333333333334
0 0.439 0.6765 0.023 0.059666666666666666
0 0.602875 0.5043333333333333 0.02025 0.06266666666666666
0 0.554875 0.6473333333333333 0.02425 0.04
0 0.635875 0.6841666666666666 0.02325 0.063
0 0.606125 0.538 0.03375 0.05
0 0.647625 0.5101666666666667 0.01775 0.022333333333333334
0 0.456375 0.758 0.02525 0.035333333333333335
0 0.440625 0.7779999999999999 0.02325 0.06533333333333333
0 0.7108749999999999 0.48783333333333334 0.01575 0.042333333333333334
0 0.169375 0.38116666666666665 0.02425 0.050333333333333334
0 0.48212499999999997 0.3151666666666667 0.04675 0.037
0 0.58075 0.5353333333333333 0.0275 0.058666666666666666
0 0.190875 0.5216666666666667 0.02475 0.048666666666666664
0 0.6933750000000001 0.5995 0.01625 0.043666666666666666
0 0.296375 0.4023333333333334 0.02425 0.054
0 0.53025 0.5595 0.0195 0.034333333333333334
0 0.721125 0.5824999999999999 0.01475 0.029
0 0.347875 0.4041666666666667 0.01825 0.04833333333333333
0 0.307375 0.41350000000000003 0.02425 0.035
0 0.28075 0.5198333333333334 0.025 0.04033333333333333
0 0.7843749999999999 0.5721666666666666 0.03625 0.027
0 0.13775625 0.39308333333333334 0.0525025 0.04716666666666667
0 0.14425625 0.40275000000000005 0.0340025 0.03983333333333333
0 0.16882124999999998 0.41466666666666663 0.0411275 0.05566666666666667
0 0.19157249999999998 0.3775 0.024875 0.03
0 0.20369875 0.43733333333333335 0.020627499999999997 0.05333333333333334
0 0.23751375 0.42325 0.029502499999999997 0.0685
0 0.19732375 0.399 0.0361275 0.06633333333333333
0 0.19719625 0.4663333333333333 0.0338775 0.073
0 0.21438624999999997 0.49083333333333334 0.024002499999999996 0.051666666666666666
0 0.23057499999999997 0.494 0.027875 0.056666666666666664
0 0.2385125 0.4611666666666666 0.051754999999999995 0.024666666666666667
0 0.24432625 0.49616666666666664 0.039877499999999996 0.05266666666666667
0 0.20488625 0.536 0.031502499999999996 0.04766666666666667
0 0.2273875 0.5461666666666666 0.046005 0.06133333333333333
0 0.29163625 0.48841666666666667 0.022502499999999998 0.0325
0 0.30413749999999995 0.5259999999999999 0.053005 0.037
0 0.346265 0.5265833333333333 0.02725 0.059833333333333336
0 0.33582625 0.5524166666666667 0.022127499999999998 0.0735
0 0.31938875 0.5556666666666666 0.028002499999999996 0.065
0 0.35807625 0.5449166666666666 0.0276275 0.07716666666666666
0 0.32744999999999996 0.6121666666666666 0.024875 0.07066666666666667
0 0.30851124999999996 0.5884999999999999 0.020752499999999997 0.08933333333333333
0 0.28713374999999997 0.5790833333333334 0.028502499999999997 0.07816666666666666
0 0.27863375 0.5995833333333334 0.0342525 0.0885
0 0.26632 0.58275 0.019375 0.043833333333333335
0 0.20956875 0.5895833333333333 0.0513775 0.0315
0 0.24157125 0.5800833333333334 0.0346275 0.025833333333333333
0 0.23807125 0.6155 0.0448775 0.058333333333333334
0 0.24832125 0.62475 0.0413775 0.049833333333333334
0 0.24682125 0.65125 0.0363775 0.027833333333333335
0 0.28388625 0.661 0.054502499999999995 0.07433333333333333
0 0.28602125 0.6763333333333333 0.0410025 0.066
0 0.24789375 0.6845 0.03825249999999997 0.06366666666666666
0 0.23826874999999997 0.7121666666666667 0.04150249999999997 0.08033333333333334
0 0.21589124999999998 0.7078333333333333 0.026752500000000026 0.069
0 0.23751875 0.7708333333333333 0.029502499999999997 0.067
0 0.26364375 0.7795 0.03475249999999997 0.08433333333333333
0 0.28189624999999996 0.7553333333333334 0.0427525 0.068
0 0.28401 0.7175833333333334 0.052004999999999996 0.026166666666666668
0 0.30038625 0.6791666666666667 0.0340025 0.056
0 0.31151249999999997 0.70675 0.044004999999999996 0.06916666666666667
0 0.33338875 0.6905833333333333 0.038002499999999995 0.0745
0 0.33226374999999997 0.6605833333333333 0.0495025 0.0585
0 0.33663999999999994 0.7361666666666667 0.053255 0.037333333333333336
0 0.29501625 0.7995 0.0430025 0.058333333333333334
0 0.32901874999999997 0.7845 0.0325025 0.07566666666666666
0 0.34526999999999997 0.7919999999999999 0.026 0.08733333333333333
0 0.36314625 0.8223333333333334 0.038252499999999995 0.074
0 0.36951125 0.75225 0.030002499999999998 0.06683333333333333
0 0.389825 0.7625 0.04087999999999999 0.060333333333333336
0 0.39670125 0.7770833333333333 0.0346275 0.05383333333333333
0 0.38063625 0.839 0.0370025 0.07433333333333333
0 0.40044625 0.8383333333333334 0.0368775 0.062
0 0.42038625 0.8294999999999999 0.024252499999999996 0.07333333333333333
0 0.43307375 0.863 0.031377499999999996 0.08033333333333334
0 0.45288874999999995 0.8740416666666667 0.0237525 0.09108333333333334
0 0.46926 0.8245 0.047255 0.07866666666666666
0 0.48957375 0.7808333333333333 0.0358775 0.06533333333333333
0 0.5084512499999999 0.8000833333333334 0.0348775 0.07416666666666667
0 0.48027125 0.8708333333333333 0.032002499999999996 0.08766666666666667
0 0.5095237499999999 0.8753333333333333 0.0370025 0.051333333333333335
0 0.5372775 0.8670000000000001 0.06250499999999999 0.035333333333333335
0 0.5477775 0.8248333333333333 0.044504999999999996 0.07633333333333334
0 0.5705287499999999 0.8256666666666667 0.04500249999999994 0.05466666666666667
0 0.515825 0.8155833333333333 0.042379999999999994 0.07683333333333334
0 0.41407125 0.7858333333333333 0.038877499999999995 0.058666666666666666
0 0.42732375 0.7345833333333334 0.0348775 0.0585
0 0.43844875 0.7460833333333334 0.0228775 0.0375
0 0.49594750000000004 0.7313333333333334 0.05763000000000005 0.044
0 0.5093237500000001 0.7483333333333333 0.052877500000000056 0.04833333333333333
0 0.48063375 0.6960000000000001 0.0340025 0.06766666666666667
0 0.51719875 0.6920833333333334 0.022627500000000054 0.0565
0 0.5325750000000001 0.69325 0.019875 0.0575
0 0.54970125 0.7099166666666666 0.04212749999999994 0.07083333333333333
0 0.55839 0.7354166666666667 0.04950499999999999 0.06383333333333334
0 0.39300624999999995 0.7220833333333333 0.0237525 0.0525
0 0.41688375 0.6940000000000001 0.028752499999999997 0.08033333333333334
0 0.39563125 0.6751666666666667 0.0275025 0.058666666666666666
0 0.35894375 0.7000833333333333 0.021627499999999997 0.0625
0 0.35988125000000004 0.6528333333333334 0.0340025 0.074
0 0.37075875 0.6238333333333334 0.026252499999999998 0.08733333333333333
0 0.43913875 0.61675 0.026252499999999998 0.07316666666666667
0 0.40719875 0.6214166666666667 0.038877499999999995 0.06616666666666667
0 0.41419875 0.6495000000000001 0.039627499999999996 0.051666666666666666
0 0.459265 0.6635833333333333 0.0235 0.0815
0 0.39389749999999996 0.5723333333333332 0.037755 0.06333333333333334
0 0.39877375 0.6093333333333333 0.0375025 0.06733333333333333
0 0.3668225 0.5005833333333333 0.021625 0.058166666666666665
0 0.38019875 0.49716666666666665 0.031877499999999996 0.075
0 0.40663875 0.5243333333333333 0.025502499999999997 0.062
0 0.39432125 0.470875 0.025882499999999992 0.08491666666666667
0 0.35763375000000003 0.4111666666666667 0.0362525 0.057666666666666665
0 0.36932125 0.4355 0.0268775 0.05366666666666667
0 0.44651124999999997 0.43783333333333335 0.0267525 0.055
0 0.46901374999999995 0.41683333333333333 0.024752499999999997 0.059333333333333335
0 0.4653875 0.46291666666666664 0.02025 0.052833333333333336
0 0.44826125 0.4624166666666667 0.016252499999999996 0.042833333333333334
0 0.4543875 0.4718333333333333 0.01225 0.039
0 0.42644624999999997 0.49666666666666665 0.032127499999999996 0.09266666666666666
0 0.43226 0.5175833333333333 0.02125 0.05216666666666667
0 0.44157375 0.51975 0.0188775 0.06183333333333333
0 0.45013625 0.5200833333333333 0.0160025 0.0605
0 0.48625999999999997 0.4880833333333333 0.0115 0.0465
0 0.49576125 0.5065000000000001 0.021002499999999997 0.05466666666666667
0 0.51851375 0.50525 0.029752499999999998 0.07216666666666667
0 0.53488875 0.51075 0.03275249999999994 0.08016666666666666
0 0.43988374999999996 0.5591666666666667 0.0367525 0.04033333333333333
0 0.46401 0.56025 0.0195 0.0585
0 0.45732125 0.5246666666666666 0.0336275 0.07133333333333333
0 0.4955125 0.5414166666666667 0.044254999999999996 0.04616666666666667
0 0.42369625 0.57775 0.0236275 0.051833333333333335
0 0.52727 0.594 0.05900500000000005 0.06533333333333333
0 0.52427 0.6113333333333333 0.039505000000000054 0.051333333333333335
0 0.52989625 0.649 0.04025250000000005 0.03133333333333333
0 0.49569625 0.5954999999999999 0.0236275 0.04533333333333334
0 0.55501375 0.6024166666666667 0.04050249999999994 0.051833333333333335
0 0.55701125 0.6686666666666666 0.030752500000000054 0.034666666666666665
0 0.5760125 0.6359166666666667 0.0185 0.07116666666666667
0 0.59176375 0.64225 0.02100249999999994 0.0635
0 0.6007662500000001 0.5941666666666667 0.04100250000000005 0.033666666666666664
0 0.63389375 0.6244999999999999 0.03025249999999994 0.069
0 0.64626 0.6253333333333333 0.0225 0.05433333333333333
0 0.66244875 0.60775 0.018627500000000054 0.07983333333333334
0 0.6785125 0.6032500000000001 0.02975 0.07216666666666667
0 0.6653862500000001 0.6560833333333332 0.04050250000000005 0.04516666666666667
0 0.70295125 0.6148333333333333 0.035877499999999944 0.07566666666666666
0 0.710765 0.6415833333333334 0.032 0.05216666666666667
0 0.69944375 0.6673749999999999 0.036502500000000056 0.041916666666666665
0 0.64339125 0.7175 0.028252500000000055 0.08366666666666667
0 0.65039125 0.75 0.035752500000000055 0.074
0 0.62314 0.7671666666666667 0.02675 0.041
0 0.5937625 0.7895 0.051004999999999995 0.029
0 0.59169375 0.7689166666666667 0.03187750000000005 0.027833333333333335
0 0.61532125 0.7203333333333334 0.03287749999999994 0.06166666666666667
0 0.5636287500000001 0.7600833333333332 0.04625249999999994 0.0615
0 0.6913262499999999 0.73575 0.05262749999999994 0.0455
0 0.7309450000000001 0.7545833333333333 0.052879999999999996 0.057166666666666664
0 0.72869625 0.702 0.05312749999999994 0.057
0 0.7398850000000001 0.6855 0.051254999999999995 0.03766666666666667
0 0.61438625 0.667 0.027752500000000055 0.05466666666666667
0 0.7418950000000001 0.6338333333333334 0.044754999999999996 0.07833333333333334
0 0.6329474999999999 0.48574999999999996 0.022625 0.04883333333333333
0 0.5592537500000001 0.51875 0.02700249999999994 0.06883333333333333
0 0.5951325 0.5679166666666666 0.046505 0.024833333333333332
0 0.62294625 0.5555833333333333 0.04462749999999994 0.05316666666666667
0 0.67851375 0.5449166666666667 0.02700249999999994 0.0725
0 0.71789125 0.5347500000000001 0.030252500000000054 0.06383333333333334
0 0.7136362500000001 0.5550833333333333 0.011252500000000054 0.028833333333333332
0 0.7327625000000001 0.5700000000000001 0.01825 0.04566666666666667
0 0.5395087500000001 0.44516666666666665 0.02025249999999994 0.050333333333333334
0 0.5648237500000001 0.4483333333333333 0.044877500000000056 0.050666666666666665
0 0.4840675 0.43141666666666667 0.024125 0.0475
0 0.75107625 0.6146666666666667 0.03912749999999994 0.068
0 0.77701625 0.6234166666666667 0.024752500000000056 0.07783333333333334
0 0.7957037499999999 0.6125833333333334 0.019127500000000054 0.05583333333333333
0 0.76538875 0.54975 0.03925249999999994 0.030833333333333334
0 0.7967037499999999 0.5595 0.025127500000000056 0.04933333333333333
0 0.84202 0.6154166666666666 0.041754999999999994 0.09283333333333334
0 0.8700175 0.667 0.06375499999999999 0.052
0 0.68120375 0.8158333333333333 0.036877500000000056 0.05266666666666667
0 0.29716375 0.20502 0.0424975 0.04565333333333331
0 0.3125375 0.09838 0.03525 0.033659999999999995
0 0.16479 0.057725 0.02325 0.040323333333333336
0 0.31578750000000005 0.06922166666666667 0.02575 0.02199666666666667
0 0.3392875 0.358145 0.02125 0.030656666666666676
