0 0.625593932748538 0.3174342105263158 0.025127923976608187 0.04358552631578947
0 0.6407163742690059 0.3305921052631579 0.038559941520467836 0.02823464912280702
0 0.5565606725146199 0.3344298245614035 0.025219298245614034 0.027138157894736843
0 0.9362207602339182 0.40309758771929827 0.01882309941520468 0.054276315789473686
0 0.9545869883040935 0.40625 0.021198830409356724 0.05180921052631579
0 0.822094298245614 0.40529057017543857 0.028143274853801168 0.05317982456140351
0 0.4515716374269006 0.4043311403508772 0.016264619883040937 0.04523026315789474
0 0.40323464912280704 0.4088541666666667 0.017178362573099414 0.05043859649122807
0 0.797514619883041 0.4129660087719298 0.024671052631578948 0.0581140350877193
0 0.4693896198830409 0.40995065789473684 0.021929824561403508 0.046600877192982455
0 0.5014619883040936 0.41721491228070173 0.01516812865497076 0.05400219298245614
0 0.4912280701754386 0.42009320175438597 0.023574561403508772 0.0537280701754386
0 0.6629660087719298 0.420812774122807 0.021290204678362575 0.05407072368421053
0 0.6830226608187135 0.4288651315789474 0.019371345029239765 0.052083333333333336
0 0.6910635964912281 0.48108552631578944 0.023026315789473683 0.04906798245614035
0 0.674296418128655 0.49050849780701755 0.04148391812865497 0.043242872807017545
0 0.677905701754386 0.5101425438596491 0.027046783625730993 0.04084429824561404
0 0.6483689692982456 0.4161184210526316 0.03193530701754386 0.04139254385964912
0 0.42333698830409355 0.4274945175438597 0.02010233918128655 0.06030701754385965
0 0.4174205043859649 0.46984649122807015 0.018137792397660817 0.05455043859649123
0 0.7169225146198831 0.42420504385964913 0.01918859649122807 0.0537280701754386
0 0.8825840643274854 0.41584429824561403 0.021564327485380116 0.036458333333333336
0 0.7322733918128655 0.42543859649122806 0.01663011695906433 0.0512609649122807
0 0.8348866959064327 0.4192708333333333 0.02850877192982456 0.03837719298245614
0 0.4406067251461988 0.4290021929824561 0.01516812865497076 0.057291666666666664
0 0.6999269005847952 0.4258497807017544 0.020650584795321638 0.047149122807017545
0 0.8613852339181286 0.4246162280701754 0.02266081871345029 0.04523026315789474
0 0.9842836257309941 0.4290021929824561 0.01918859649122807 0.04906798245614035
0 0.6236293859649122 0.4258497807017544 0.014619883040935672 0.0400219298245614
0 0.9141995614035088 0.42228618421052627 0.03837719298245614 0.029605263157894735
0 0.9255299707602339 0.4395559210526316 0.035818713450292396 0.021929824561403508
0 0.3843201754385965 0.4311951754385965 0.02284356725146199 0.04632675438596491
0 0.5503472222222222 0.4417489035087719 0.017178362573099414 0.06085526315789474
0 0.7549342105263158 0.4379111842105263 0.01663011695906433 0.051535087719298246
0 0.5745614035087719 0.44037828947368424 0.012609649122807017 0.05098684210526316
0 0.3534356725146199 0.4461348684210526 0.022478070175438597 0.0581140350877193
0 0.5966739766081872 0.4436677631578947 0.018457602339181287 0.05317982456140351
0 0.6130299707602339 0.44627192982456143 0.01864035087719298 0.05235745614035088
0 0.6198830409356725 0.4692982456140351 0.046600877192982455 0.04742324561403509
0 0.5300621345029239 0.4493558114035087 0.0222953216374269 0.05688048245614035
0 0.7694627192982456 0.4476425438596491 0.017909356725146198 0.05345394736842105
0 0.7892909356725146 0.4453125 0.026498538011695907 0.046052631578947366
0 0.7786915204678363 0.47382127192982454 0.022478070175438597 0.042214912280701754
0 0.7955043859649122 0.4857456140350877 0.019919590643274854 0.05071271929824561
0 0.7670869883040936 0.5069901315789473 0.01864035087719298 0.043859649122807015
0 0.8187134502923977 0.5071271929824561 0.034173976608187134 0.021655701754385966
0 0.802905701754386 0.5234375 0.03983918128654971 0.024671052631578948
0 0.8265716374269007 0.5435855263157894 0.017726608187134504 0.05071271929824561
0 0.8366228070175439 0.5574287280701755 0.018457602339181287 0.0581140350877193
0 0.903874269005848 0.47683662280701755 0.03490497076023392 0.030153508771929825
0 0.8813048245614036 0.5008223684210527 0.017909356725146198 0.057839912280701754
0 0.8896198830409356 0.5169956140350878 0.031615497076023395 0.05400219298245614
0 0.46600877192982454 0.4468201754385965 0.015899122807017545 0.04194078947368421
0 0.5106907894736842 0.44764254385964913 0.02887426900584795 0.04413377192982456
0 0.5583881578947368 0.45723684210526316 0.019005847953216373 0.061677631578947366
0 0.5647843567251462 0.47423245614035087 0.020833333333333332 0.04194078947368421
0 0.4515716374269006 0.45490679824561403 0.016264619883040937 0.052083333333333336
0 0.6445769371345029 0.4536732456140351 0.02206688596491228 0.046875
0 0.618969298245614 0.48711622807017546 0.03673245614035088 0.03262061403508772
0 0.6353252923976608 0.4976699561403509 0.02887426900584795 0.04111842105263158
0 0.607547514619883 0.5115131578947368 0.03837719298245614 0.03481359649122807
0 0.6466557017543859 0.5442365679824561 0.013888888888888888 0.05215186403508772
0 0.6250913742690059 0.5614035087719298 0.014985380116959063 0.05071271929824561
0 0.6419042397660818 0.5579769736842106 0.020833333333333332 0.04276315789473684
0 0.6016995614035087 0.5749040570175439 0.027412280701754384 0.054961622807017545
0 0.6260964912280702 0.5863486842105263 0.04586988304093567 0.0693530701754386
0 0.7374817251461988 0.4566885964912281 0.023757309941520467 0.05235745614035088
0 0.745796783625731 0.47738486842105265 0.01699561403508772 0.044407894736842105
0 0.40076754385964913 0.4550438596491228 0.01516812865497076 0.04632675438596491
0 0.9889437134502924 0.45860745614035087 0.016812865497076022 0.0512609649122807
0 0.3356176900584795 0.4616228070175439 0.01864035087719298 0.05674342105263158
0 0.852156432748538 0.4525767543859649 0.019554093567251463 0.0381030701754386
0 0.8335160818713451 0.4525767543859649 0.02540204678362573 0.03536184210526316
0 0.8122258771929824 0.4683388157894737 0.02046783625730994 0.0581140350877193
0 0.8238304093567251 0.47491776315789475 0.02138157894736842 0.052083333333333336
0 0.844298245614035 0.49479166666666663 0.027960526315789474 0.05400219298245614
0 0.8612938596491229 0.4868421052631579 0.03344298245614035 0.031524122807017545
0 0.8460343567251462 0.5228892543859649 0.023391812865497075 0.049890350877192985
0 0.86421783625731 0.5291940789473685 0.017726608187134504 0.05701754385964912
0 0.866593567251462 0.5775767543859649 0.022478070175438597 0.05893640350877193
0 0.8729897660818714 0.45723684210526316 0.017361111111111112 0.04468201754385965
0 0.5827850877192983 0.4677905701754386 0.01699561403508772 0.052083333333333336
0 0.5850237573099415 0.48752741228070173 0.031524122807017545 0.042214912280701754
0 0.7025767543859649 0.47738486842105265 0.02010233918128655 0.06798245614035088
0 0.7188413742690059 0.4671052631578947 0.020833333333333332 0.04139254385964912
0 0.714546783625731 0.5138432017543859 0.01663011695906433 0.05263157894736842
0 0.7053179824561404 0.5350877192982456 0.025950292397660817 0.0556469298245614
0 0.7223135964912281 0.5682565789473684 0.017543859649122806 0.060581140350877194
0 0.4790752923976608 0.4723135964912281 0.029239766081871343 0.05619517543859649
0 0.4631761695906433 0.5101425438596492 0.03179824561403509 0.02275219298245614
0 0.5010508040935673 0.5197532894736842 0.025676169590643276 0.035328947368421085
0 0.5043859649122807 0.5304276315789473 0.025767543859649123 0.04851973684210526
0 0.44919590643274854 0.5288349780701754 0.014802631578947368 0.04786732456140348
0 0.4642955043859649 0.5425575657894737 0.025995979532163743 0.04756030701754386
0 0.30710891812865493 0.4720394736842105 0.029239766081871343 0.04961622807017544
0 0.31569809941520466 0.5109649122807017 0.01023391812865497 0.030975877192982455
0 0.9887609649122807 0.5028782894736842 0.021564327485380116 0.025219298245614034
0 0.43594663742690054 0.4727247807017544 0.01827485380116959 0.049342105263157895
0 0.37646198830409355 0.47957785087719296 0.02320906432748538 0.05701754385964912
0 0.3838633040935672 0.5005482456140351 0.013888888888888888 0.0556469298245614
0 0.2911184210526316 0.48739035087719296 0.026498538011695907 0.05016447368421053
0 0.5430372807017544 0.49109100877192985 0.025950292397660817 0.04824561403508772
0 0.5673994883040936 0.5326548793859649 0.0342434210526316 0.03584155701754386
0 0.9492872807017544 0.48848684210526316 0.024853801169590642 0.04303728070175439
0 0.9661915204678363 0.5280975877192983 0.017361111111111112 0.044956140350877194
0 0.9798062865497076 0.530016447368421 0.019736842105263157 0.04824561403508772
0 0.9543128654970761 0.5298793859649122 0.01114766081871345 0.04577850877192982
0 0.26242690058479534 0.4887609649122807 0.01663011695906433 0.038651315789473686
0 0.41049890350877194 0.48958333333333337 0.0201937134502924 0.03974780701754386
0 0.24908625730994152 0.4927357456140351 0.012975146198830409 0.04057017543859649
0 0.9215095029239766 0.4851973684210526 0.031067251461988302 0.018914473684210526
0 0.2124451754385965 0.4890350877192982 0.035818713450292396 0.02275219298245614
0 0.23026315789473684 0.4991776315789474 0.0268640350877193 0.02768640350877193
0 0.19161184210526316 0.5179550438596491 0.027777777777777776 0.03618421052631579
0 0.19515259502923976 0.5294682017543859 0.031204312865497075 0.046600877192982455
0 0.20604897660818713 0.5631853070175439 0.021198830409356724 0.05646929824561404
0 0.2182017543859649 0.5614035087719298 0.022478070175438597 0.046875
0 0.6515899122807017 0.493421052631579 0.025584795321637425 0.029331140350877194
0 0.2765899122807018 0.49780701754385964 0.016812865497076022 0.034265350877192985
0 0.32693713450292394 0.5016447368421053 0.014437134502923976 0.04139254385964912
0 0.35617690058479534 0.5083607456140351 0.020285087719298246 0.03782894736842105
0 0.3388157894736842 0.5115131578947368 0.0268640350877193 0.03262061403508772
0 0.7333698830409356 0.5031524122807017 0.019919590643274854 0.044407894736842105
0 0.7223135964912281 0.5084978070175439 0.01827485380116959 0.05235745614035088
0 0.9410635964912281 0.5068530701754386 0.017178362573099414 0.04413377192982456
0 0.42662646198830406 0.5079495614035088 0.014619883040935672 0.04523026315789474
0 0.9153874269005848 0.5112390350877193 0.03453947368421053 0.03700657894736842
0 0.917671783625731 0.5237116228070176 0.03545321637426901 0.03728070175438596
0 0.9333881578947368 0.5301535087719299 0.01644736842105263 0.0424890350877193
0 0.936860380116959 0.5512609649122807 0.023757309941520467 0.04577850877192982
0 0.9417945906432749 0.5681195175438597 0.02850877192982456 0.046600877192982455
0 0.9689327485380117 0.5700383771929824 0.0400219298245614 0.03728070175438596
0 0.9931926169590642 0.5899122807017543 0.013249269005847953 0.04303728070175439
0 0.6612984283625731 0.5238829495614035 0.01722404970760234 0.061197916666666664
0 0.6698876096491228 0.5411184210526316 0.013843201754385965 0.0644188596491228
0 0.3049159356725146 0.5276864035087719 0.013523391812865496 0.05893640350877193
0 0.29294590643274854 0.5238486842105263 0.01663011695906433 0.05016447368421053
0 0.26845760233918126 0.5242598684210527 0.01516812865497076 0.04550438596491228
0 0.25703581871345027 0.5371436403508772 0.010964912280701754 0.05646929824561404
0 0.24812682748538012 0.540296052631579 0.014345760233918129 0.05345394736842105
0 0.36951754385964913 0.5270010964912281 0.019919590643274854 0.047149122807017545
0 0.3460343567251462 0.5383771929824561 0.03874269005847953 0.033168859649122806
0 0.335640533625731 0.5505756578947368 0.03138706140350877 0.0356359649122807
0 0.38007127192982454 0.5609923245614035 0.01800073099415205 0.052083333333333336
0 0.37417763157894735 0.5755208333333334 0.019371345029239765 0.04276315789473684
0 0.4809941520467836 0.5339912280701754 0.013706140350877192 0.0556469298245614
0 0.5329861111111112 0.517406798245614 0.03326023391812866 0.021929824561403508
0 0.5130665204678363 0.5515008223684211 0.01608187134502924 0.061060855263157895
0 0.5110562865497076 0.594983552631579 0.025219298245614034 0.05043859649122807
0 0.638797514619883 0.5261787280701754 0.027412280701754384 0.03673245614035088
0 0.2807017543859649 0.540296052631579 0.012244152046783625 0.05400219298245614
0 0.7584064327485379 0.5734649122807017 0.019919590643274854 0.06880482456140351
0 0.769828216374269 0.5738760964912281 0.012426900584795321 0.046052631578947366
0 0.5388340643274854 0.5357730263157894 0.03070175438596491 0.02850877192982456
0 0.5511695906432749 0.5711348684210527 0.01516812865497076 0.044956140350877194
0 0.38861476608187134 0.5556469298245614 0.015716374269005847 0.06661184210526316
0 0.6859466374269007 0.5479714912280701 0.017909356725146198 0.0512609649122807
0 0.6991045321637427 0.5490679824561403 0.01827485380116959 0.05180921052631579
0 0.5629568713450293 0.5523574561403509 0.021929824561403508 0.057291666666666664
0 0.43932748538011696 0.544407894736842 0.0133406432748538 0.036458333333333336
0 0.4432108918128655 0.5881304824561404 0.021655701754385966 0.06578947368421052
0 0.1701388888888889 0.5386513157894737 0.02138157894736842 0.022203947368421052
0 0.6580774853801169 0.5537280701754387 0.0133406432748538 0.04961622807017544
0 0.9180372807017544 0.5550986842105263 0.01608187134502924 0.05180921052631579
0 0.9030519005847953 0.5592105263157895 0.021564327485380116 0.05838815789473684
0 0.8845029239766082 0.5775767543859649 0.01918859649122807 0.061677631578947366
0 0.8968384502923976 0.604029605263158 0.036915204678362575 0.04057017543859649
0 0.527046783625731 0.5625 0.014071637426900584 0.05674342105263158
0 0.4022295321637427 0.5564692982456141 0.015533625730994151 0.04084429824561404
0 0.2913011695906433 0.5629111842105263 0.016264619883040937 0.052083333333333336
0 0.4613486842105263 0.5619174890350878 0.017178362573099414 0.04516173245614035
0 0.26553362573099415 0.5633223684210527 0.025767543859649123 0.046875
0 0.4847404970760234 0.5641447368421053 0.017543859649122806 0.04742324561403509
0 0.5366182383040936 0.5763432017543859 0.018320540935672515 0.06907894736842106
0 0.7876461988304093 0.5755208333333334 0.01663011695906433 0.05537280701754386
0 0.4990862573099415 0.5789473684210525 0.017726608187134504 0.060032894736842105
0 0.18905336257309943 0.5697642543859649 0.029970760233918127 0.04057017543859649
0 0.8040021929824561 0.5774396929824561 0.020833333333333332 0.05537280701754386
0 0.5786732456140351 0.5678453947368421 0.009137426900584795 0.03344298245614035
0 0.8175255847953217 0.5783991228070176 0.01864035087719298 0.05235745614035088
0 0.17498172514619884 0.5697642543859649 0.027412280701754384 0.03344298245614035
0 0.5919225146198831 0.5819627192982456 0.018092105263157895 0.055098684210526314
0 0.3630299707602339 0.5848410087719298 0.021564327485380116 0.05537280701754386
0 0.35508040935672514 0.5859375 0.017726608187134504 0.051535087719298246
0 0.3247441520467836 0.5794956140350878 0.017726608187134504 0.04194078947368421
0 0.3381761695906432 0.5853892543859649 0.017543859649122806 0.05317982456140351
0 0.8475877192982456 0.5907346491228069 0.015899122807017545 0.059484649122807015
0 0.7364766081871345 0.591077302631579 0.0133406432748538 0.05742872807017544
0 0.4017726608187135 0.5952576754385964 0.020833333333333332 0.051535087719298246
0 0.3862390350877193 0.6447368421052632 0.023026315789473683 0.04742324561403509
0 0.4268092105263158 0.59375 0.01608187134502924 0.04797149122807018
0 0.9678362573099416 0.6085526315789473 0.01918859649122807 0.0512609649122807
0 0.9830043859649122 0.615953947368421 0.02101608187134503 0.05400219298245614
0 0.6788194444444445 0.6199287280701755 0.019005847953216373 0.06524122807017543
0 0.6870431286549707 0.6382949561403509 0.013888888888888888 0.047149122807017545
0 0.4588815789473684 0.6105400219298246 0.015899122807017545 0.057154605263157895
0 0.46335891812865493 0.6435032894736843 0.025950292397660817 0.05701754385964912
0 0.7213998538011696 0.6100603070175439 0.02046783625730994 0.04550438596491228
0 0.47733918128654973 0.5963541666666667 0.028691520467836257 0.02631578947368421
0 0.6641081871345029 0.6037554824561403 0.021747076023391813 0.023026315789473683
0 0.8368055555555556 0.6177357456140351 0.01516812865497076 0.05043859649122807
0 0.5632309941520468 0.6221217105263158 0.02138157894736842 0.05537280701754386
0 0.41081871345029236 0.6185581140350878 0.017726608187134504 0.046600877192982455
0 0.8203125 0.6239035087719298 0.022203947368421052 0.055098684210526314
0 0.38358918128654973 0.6163651315789473 0.015899122807017545 0.03837719298245614
0 0.8568165204678363 0.623766447368421 0.031432748538011694 0.05098684210526316
0 0.7906615497076024 0.6225328947368421 0.03179824561403509 0.033717105263157895
0 0.5254934210526316 0.6350054824561403 0.02448830409356725 0.05263157894736842
0 0.5381030701754387 0.6413103070175439 0.019005847953216373 0.03289473684210526
0 0.5241228070175439 0.6592653508771931 0.023940058479532164 0.04303728070175439
0 0.5403874269005848 0.6174616228070176 0.024305555555555556 0.01864035087719298
0 0.9399671052631579 0.6339089912280701 0.029239766081871343 0.051535087719298246
0 0.48885233918128657 0.6359649122807017 0.02540204678362573 0.05400219298245614
0 0.5037463450292398 0.6403508771929824 0.017543859649122806 0.046875
0 0.6249086257309941 0.6411732456140351 0.01425438596491228 0.05455043859649123
0 0.6551535087719298 0.6313048245614035 0.031615497076023395 0.03042763157894737
0 0.6308479532163742 0.6544682017543859 0.028691520467836257 0.07401315789473684
0 0.6513157894736842 0.6522752192982456 0.01699561403508772 0.054276315789473686
0 0.8961074561403509 0.6350397478070176 0.03874269005847953 0.03570449561403509
0 0.6979166666666667 0.6480263157894737 0.017361111111111112 0.060032894736842105
0 0.721217105263158 0.643640350877193 0.024853801169590642 0.046875
0 0.7112573099415205 0.6617324561403509 0.023574561403508772 0.06332236842105263
0 0.724141081871345 0.6753015350877193 0.01425438596491228 0.04331140350877193
0 0.7753106725146199 0.650219298245614 0.01827485380116959 0.060032894736842105
0 0.7376644736842105 0.6450109649122807 0.013888888888888888 0.04468201754385965
0 0.9115497076023391 0.6441885964912281 0.02101608187134503 0.03755482456140351
0 0.9932383040935672 0.6510416666666666 0.0133406432748538 0.03042763157894737
0 0.6038011695906432 0.6411732456140351 0.030519005847953216 0.03042763157894737
0 0.4401498538011696 0.6520010964912281 0.02046783625730994 0.05098684210526316
0 0.3969298245614035 0.6507675438596491 0.022478070175438597 0.04577850877192982
0 0.8781067251461988 0.6552905701754386 0.024305555555555556 0.0537280701754386
0 0.8622989766081871 0.6725603070175439 0.025219298245614034 0.05756578947368421
0 0.8764619883040936 0.6788651315789473 0.015533625730994151 0.0400219298245614
0 0.8852339181286549 0.6987390350877193 0.012975146198830409 0.04029605263157895
0 0.7630208333333333 0.6592653508771931 0.027503654970760235 0.057839912280701754
0 0.5816885964912281 0.6521381578947368 0.017726608187134504 0.03536184210526316
0 0.5783077485380117 0.6694078947368421 0.019005847953216373 0.04851973684210526
0 0.5782163742690059 0.6938048245614036 0.025767543859649123 0.0556469298245614
0 0.5730080409356726 0.7116228070175439 0.02631578947368421 0.05016447368421053
0 0.423405519005848 0.6626918859649122 0.017406798245614034 0.05537280701754386
0 0.9439875730994152 0.662828947368421 0.027777777777777776 0.04797149122807018
0 0.6066337719298246 0.6709155701754387 0.023391812865497075 0.05701754385964912
0 0.5959429824561404 0.6709155701754386 0.01663011695906433 0.048793859649122806
0 0.8169773391812866 0.6659813596491229 0.031067251461988302 0.03399122807017544
0 0.5513523391812866 0.6677631578947368 0.036366959064327485 0.029331140350877194
0 0.7574926900584795 0.6721491228070176 0.026133040935672515 0.03700657894736842
0 0.17635233918128654 0.6787280701754386 0.028691520467836257 0.04413377192982456
0 0.6674890350877193 0.6813322368421052 0.016812865497076022 0.04331140350877193
0 0.4694809941520468 0.6898300438596491 0.01699561403508772 0.05482456140350877
0 0.8512426900584795 0.6848958333333334 0.020650584795321638 0.048793859649122806
0 0.9796235380116959 0.692845394736842 0.023391812865497075 0.06140350877192982
0 0.2650767543859649 0.6894188596491229 0.0222953216374269 0.05016447368421053
0 0.7480811403508772 0.7210800438596491 0.01644736842105263 0.06030701754385965
0 0.7701937134502924 0.7239583333333334 0.03070175438596491 0.033717105263157895
0 0.18896198830409355 0.6864035087719298 0.015533625730994151 0.03974780701754386
0 0.29979897660818716 0.695860745614035 0.02010233918128655 0.05921052631578947
0 0.5544590643274854 0.6942160087719298 0.020650584795321638 0.05263157894736842
0 0.27759502923976603 0.6927083333333333 0.021747076023391813 0.04413377192982456
0 0.5116959064327485 0.694078947368421 0.024671052631578948 0.04742324561403509
0 0.9030519005847953 0.6924342105263157 0.0266812865497076 0.04358552631578947
0 0.6294773391812865 0.7013432017543859 0.02010233918128655 0.05975877192982456
0 0.7309941520467836 0.7035361842105263 0.01882309941520468 0.06359649122807018
0 0.9458150584795322 0.6975054824561403 0.02412280701754386 0.05098684210526316
0 0.7130847953216375 0.6955866228070174 0.017726608187134504 0.04331140350877193
0 0.48236476608187134 0.6996984649122807 0.01425438596491228 0.049890350877192985
0 0.4940606725146199 0.7080592105263158 0.012426900584795321 0.0556469298245614
0 0.6882309941520468 0.701891447368421 0.02540204678362573 0.05263157894736842
0 0.6088267543859649 0.6976425438596491 0.019736842105263157 0.038651315789473686
0 0.5009137426900585 0.6994243421052632 0.017361111111111112 0.042214912280701754
0 0.5370065789473685 0.6966831140350876 0.02448830409356725 0.0356359649122807
0 0.7866410818713451 0.6959978070175439 0.02412280701754386 0.031524122807017545
0 0.640076754385965 0.7103892543859649 0.019005847953216373 0.054276315789473686
0 0.8054641812865497 0.7131304824561403 0.01827485380116959 0.046052631578947366
0 0.7958698830409356 0.7118969298245614 0.01516812865497076 0.04303728070175439
0 0.7783260233918129 0.7081962719298246 0.029788011695906433 0.03453947368421053
0 0.6101973684210527 0.7158717105263158 0.021747076023391813 0.04550438596491228
0 0.6534173976608187 0.7254660087719299 0.01644736842105263 0.06469298245614036
0 0.4269005847953216 0.7121710526315789 0.03527046783625731 0.02768640350877193
0 0.7116228070175438 0.7286184210526315 0.028326023391812866 0.05345394736842105
0 0.7383954678362573 0.7261513157894737 0.014619883040935672 0.04029605263157895
0 0.811860380116959 0.729577850877193 0.024853801169590642 0.03837719298245614
0 0.6901498538011696 0.7616502192982456 0.01644736842105263 0.05482456140350877
0 0.29139254385964913 0.8396381578947368 0.011695906432748537 0.04577850877192982
0 0.939327485380117 0.8692434210526315 0.023574561403508772 0.022203947368421052
0 0.962171052631579 0.8865131578947368 0.01882309941520468 0.03042763157894737
0 0.023483187134502925 0.9447642543859649 0.015716374269005847 0.027960526315789474
0 0.7581779970760234 0.9424342105263158 0.020741959064327485 0.024671052631578948
0 0.74515716374269 0.9701206140350878 0.017543859649122806 0.03508771929824561
0 0.737390350877193 0.9385964912280702 0.013706140350877192 0.02631578947368421
0 0.9908168859649124 0.6839364035087718 0.01836622807017544 0.05921052631578947
0 0.9941520467836258 0.7296463815789473 0.01114766081871345 0.03248355263157895
0 0.8980491593567251 0.6653645833333333 0.028645833333333332 0.03508771929824561
0 0.9151133040935673 0.6709155701754386 0.0222953216374269 0.044407894736842105
0 0.9657328216374268 0.44373629385964913 0.01964546783625731 0.049890350877192985
0 0.961577119883041 0.47364994517543857 0.03718932748538012 0.042557565789473686
0 0.9737298976608186 0.4901315789473684 0.02138157894736842 0.0424890350877193
0 0.9926900584795322 0.4706003289473684 0.014619883040935672 0.043722587719298246
0 0.993969298245614 0.5304961622807017 0.012244152046783625 0.04618969298245614
0 0.9959694809941521 0.546469298245614 0.00811220760233924 0.02261513157894737
0 0.8901937134502925 0.4489871162280702 0.01663011695906433 0.053780153508771945
0 0.9132629751461988 0.45291940789473684 0.03540752923976608 0.026726973684210526
0 0.7556195175438597 0.4890693530701754 0.023574561403508772 0.045435855263157895
0 0.7834429824561403 0.5164473684210527 0.021929824561403508 0.06140350877192982
0 0.7996162280701755 0.5398848684210527 0.04203216374269006 0.025219298245614034
0 0.7384411549707602 0.5405016447368421 0.03042763157894737 0.04838267543859649
0 0.7606451023391813 0.5274972587719298 0.03271198830409357 0.04944627192982459
0 0.7500913742690059 0.5621573464912281 0.026041666666666668 0.05742872807017544
0 0.6032529239766081 0.5226151315789473 0.03728070175438596 0.030975877192982455
0 0.5985233918128655 0.5413815789473685 0.038651315789473686 0.02799342105263155
0 0.5683251096491229 0.5101082785087719 0.0325749269005848 0.03721217105263158
0 0.3964391447368421 0.6786595394736842 0.037805190058479515 0.06743421052631579
0 0.4115378289473684 0.685718201754386 0.019851973684210548 0.04961622807017544
0 0.4559347587719298 0.4875616776315789 0.029468201754385966 0.045572916666666664
0 0.40063048245614036 0.5107935855263158 0.02046783625730994 0.06339089912280702
0 0.4114409722222222 0.5224794407894737 0.016482090643274865 0.04899945175438596
0 0.4298017178362573 0.5232319078947368 0.02700109649122807 0.0546875
0 0.3051900584795322 0.5748355263157895 0.021198830409356724 0.06112938596491228
0 0.3163377192982456 0.5582853618421053 0.015716374269005847 0.06133497807017544
0 0.21393000730994152 0.5224150219298246 0.017315423976608187 0.043711622807017556
0 0.23590551900584794 0.5184004934210527 0.021427266081871343 0.028577302631578948
0 0.23656798245614036 0.5483484100877193 0.012426900584795321 0.04159813596491228
0 0.2240515350877193 0.537672697368421 0.017218567251461953 0.05128837719298243
0 0.5007081505847953 0.4823876096491228 0.03750913742690058 0.024533991228070175
0 0.4878700657894737 0.49787554824561403 0.04006761695906433 0.023848684210526317
0 0.525435855263158 0.49542489035087717 0.04109466374269004 0.029983552631578977
0 0.7488715277777778 0.6878083881578948 0.028718932748537946 0.0439281798245614
0 0.6697277046783626 0.4595326206140351 0.02540204678362573 0.0517406798245614
