0 0.43925 0.3293333333333333 0.00925 0.012333333333333333
0 0.46775 0.3345 0.00775 0.014666666666666666
0 0.46025 0.33816666666666667 0.00975 0.016666666666666666
0 0.498125 0.3408333333333333 0.0225 0.018
0 0.5121249999999999 0.34950000000000003 0.011 0.018
0 0.49025 0.3516666666666666 0.01475 0.012333333333333333
0 0.548 0.3393333333333334 0.01825 0.011666666666666667
0 0.5840000000000001 0.34299999999999997 0.01225 0.014333333333333333
0 0.482625 0.3421666666666667 0.008 0.010666666666666666
0 0.5305 0.3451666666666667 0.00925 0.017333333333333333
0 0.522875 0.34900000000000003 0.0085 0.015666666666666666
0 0.476375 0.3471666666666667 0.011 0.010666666666666666
0 0.5743750000000001 0.3506666666666667 0.0135 0.013666666666666667
0 0.563875 0.35133333333333333 0.0085 0.010333333333333333
0 0.54375 0.35550000000000004 0.01325 0.016666666666666666
0 0.554875 0.35200000000000004 0.0085 0.007666666666666666
0 0.44125 0.3571666666666667 0.01425 0.016666666666666666
0 0.46025 0.35650000000000004 0.01225 0.014666666666666666
0 0.46075 0.37016666666666664 0.01075 0.013333333333333334
0 0.41525 0.36000000000000004 0.00975 0.015666666666666666
0 0.4285 0.36033333333333334 0.01825 0.009666666666666667
0 0.47681250000000003 0.3595 0.020375 0.014
0 0.47112499999999996 0.3645 0.0185 0.012
0 0.49737499999999996 0.36000000000000004 0.0115 0.015666666666666666
0 0.561125 0.36433333333333334 0.01 0.013666666666666667
0 0.578 0.36533333333333334 0.00975 0.014333333333333333
0 0.566 0.3661666666666667 0.01375 0.014666666666666666
0 0.5515 0.3645 0.00975 0.014
0 0.54625 0.373 0.00975 0.014333333333333333
0 0.5225000000000001 0.3665 0.01475 0.013333333333333334
0 0.411875 0.36800000000000005 0.013 0.013666666666666667
0 0.402875 0.37083333333333335 0.0115 0.017333333333333333
0 0.41000000000000003 0.38566666666666666 0.02375 0.025
0 0.58575 0.37283333333333335 0.01125 0.021333333333333333
0 0.606125 0.37133333333333335 0.0225 0.01633333333333333
0 0.424375 0.37283333333333335 0.0095 0.018666666666666668
0 0.4385 0.373 0.01025 0.018333333333333333
0 0.4915 0.37566666666666665 0.01125 0.023666666666666666
0 0.570375 0.3765 0.0125 0.025333333333333333
0 0.504875 0.3716666666666667 0.0135 0.013666666666666667
0 0.5305 0.37766666666666665 0.01275 0.02033333333333333
0 0.476375 0.3755 0.018 0.015333333333333332
0 0.467625 0.387 0.017 0.021666666666666667
0 0.451125 0.3761666666666667 0.015 0.016666666666666666
0 0.511625 0.377 0.009 0.011666666666666667
0 0.5419375 0.37966666666666665 0.009375 0.015
0 0.38975000000000004 0.3781666666666667 0.01975 0.010666666666666666
0 0.5529999999999999 0.38116666666666665 0.00975 0.016
0 0.560875 0.3845 0.0095 0.02
0 0.5475000000000001 0.39316666666666666 0.02425 0.012666666666666666
0 0.5795 0.381 0.01175 0.015666666666666666
0 0.442875 0.38883333333333336 0.012 0.02
0 0.44775 0.39383333333333337 0.00925 0.018666666666666668
0 0.504375 0.38766666666666666 0.01 0.01633333333333333
0 0.52409625 0.39444333333333337 0.020557500000000003 0.02722000000000003
0 0.42275 0.3988333333333333 0.01875 0.035333333333333335
0 0.49925 0.393 0.01075 0.021
0 0.485875 0.39233333333333337 0.016 0.017
0 0.5108312500000001 0.39448500000000003 0.008087499999999977 0.01930333333333336
0 0.4575 0.3973333333333333 0.00925 0.023
0 0.47775 0.3993333333333333 0.01225 0.023
0 0.582125 0.39416666666666667 0.023 0.011333333333333334
0 0.398375 0.4031666666666667 0.0125 0.02
0 0.4655 0.4116666666666666 0.01175 0.025666666666666667
0 0.442625 0.406 0.0215 0.011666666666666667
0 0.5243749999999999 0.4146666666666667 0.015 0.023
0 0.53922625 0.41601 0.01455250000000001 0.025679999999999988
0 0.491 0.4148333333333334 0.00925 0.02266666666666667
0 0.505125 0.421 0.0095 0.027
0 0.394125 0.42166666666666663 0.0125 0.023666666666666666
0 0.51425 0.4195 0.00775 0.019333333333333334
0 0.4445 0.42033333333333334 0.01475 0.018333333333333333
0 0.4985 0.4245 0.01125 0.02266666666666667
0 0.621 0.43166666666666664 0.01075 0.024333333333333332
0 0.543375 0.43433333333333335 0.0135 0.019666666666666666
0 0.48350000000000004 0.43283333333333335 0.01075 0.016
0 0.47525 0.4438333333333333 0.01525 0.029333333333333333
0 0.49212500000000003 0.4501666666666667 0.017 0.020666666666666667
0 0.48525 0.45933333333333337 0.02225 0.011666666666666667
0 0.63175 0.43683333333333335 0.01425 0.023333333333333334
0 0.59225 0.4408333333333333 0.01475 0.02666666666666667
0 0.521125 0.43783333333333335 0.0125 0.018
0 0.6525000000000001 0.44083333333333335 0.01425 0.024
0 0.551125 0.44016666666666665 0.0145 0.019333333333333334
0 0.5363125 0.45649999999999996 0.014875 0.024666666666666667
0 0.5828749999999999 0.4418333333333333 0.013 0.023333333333333334
0 0.413875 0.4375 0.02 0.012666666666666666
0 0.422 0.44533333333333336 0.02025 0.019
0 0.53025 0.441 0.01525 0.02033333333333333
0 0.5630000000000001 0.4433333333333333 0.01025 0.02033333333333333
0 0.571125 0.44816666666666666 0.0145 0.028
0 0.641375 0.44799999999999995 0.0115 0.019666666666666666
0 0.43237499999999995 0.4518333333333333 0.0135 0.024666666666666667
0 0.608375 0.44933333333333336 0.011 0.019666666666666666
0 0.445625 0.4535 0.0105 0.025333333333333333
0 0.618875 0.4513333333333333 0.0105 0.02033333333333333
0 0.5125 0.44966666666666666 0.01975 0.015
0 0.6018749999999999 0.46266666666666667 0.017 0.027
0 0.6665 0.453 0.01375 0.018333333333333333
0 0.676 0.4725 0.01525 0.02666666666666667
0 0.655375 0.4525 0.0135 0.016
0 0.657625 0.4716666666666666 0.0185 0.023666666666666666
0 0.681 0.456 0.01275 0.021
0 0.547125 0.4613333333333334 0.013 0.027
0 0.628 0.4585 0.01275 0.022
0 0.6225 0.4668333333333333 0.03225 0.027333333333333334
0 0.70575 0.46199999999999997 0.01725 0.027666666666666666
0 0.523375 0.45916666666666667 0.0175 0.018666666666666668
0 0.5605 0.4653333333333333 0.01275 0.030333333333333334
0 0.507625 0.45966666666666667 0.019 0.013
0 0.5737500000000001 0.4678333333333333 0.01225 0.025333333333333333
0 0.6882499999999999 0.4698333333333333 0.00975 0.028666666666666667
0 0.583125 0.4701666666666667 0.01 0.028
0 0.5939375 0.46799999999999997 0.014875 0.023666666666666666
0 0.646625 0.471 0.0145 0.027666666666666666
0 0.6653749999999999 0.4711666666666667 0.013 0.016666666666666666
0 0.6701250000000001 0.48283333333333334 0.0055 0.008666666666666666
0 0.70125 0.4761666666666667 0.02225 0.027333333333333334
0 0.54825 0.47650000000000003 0.01775 0.024
0 0.7272500000000001 0.47783333333333333 0.01625 0.025333333333333333
0 0.640625 0.48383333333333334 0.0125 0.027333333333333334
0 0.62525 0.48733333333333334 0.02175 0.019
0 0.444125 0.5023333333333333 0.0135 0.031
0 0.47362499999999996 0.5068333333333334 0.0285 0.02266666666666667
0 0.6257499999999999 0.5386666666666666 0.01575 0.025
0 0.4415 0.6053333333333333 0.02025 0.018333333333333333
0 0.416 0.6563333333333333 0.01325 0.013
0 0.702125 0.6923333333333334 0.016 0.035666666666666666
0 0.7525000000000001 0.8773333333333333 0.01625 0.028333333333333332
0 0.7533749999999999 0.8919166666666667 0.011 0.0065
0 0.4633325 0.4402316666666667 0.0135 0.02099666666666667
0 0.4673325 0.45031333333333334 0.01375 0.03049333333333334
0 0.6000624999999999 0.4484433333333333 0.006125 0.01250666666666666
