0 0.7520102339181287 0.48903508771929827 0.01023391812865497 0.020285087719298246
0 0.43548976608187134 0.5826480263157895 0.02448830409356725 0.028782894736842105
0 0.649031432748538 0.5626370614035088 0.01663011695906433 0.01836622807017544
0 0.6136695906432749 0.5481085526315789 0.011330409356725146 0.02055921052631579
0 0.6641081871345029 0.6210252192982456 0.01608187134502924 0.034265350877192985
0 0.7332785087719299 0.49835526315789475 0.017361111111111112 0.022478070175438597
0 0.2696454678362573 0.5614035087719298 0.015899122807017545 0.027960526315789474
0 0.3942799707602339 0.5927905701754386 0.02284356725146199 0.015076754385964912
0 0.5974963450292398 0.6463815789473684 0.020650584795321638 0.027412280701754384
0 0.7333698830409356 0.6293859649122807 0.02448830409356725 0.02631578947368421
0 0.6000438596491228 0.517406798245614 0.014049707602339201 0.021107456140350877
0 0.7984283625730995 0.4516173245614035 0.017909356725146198 0.018914473684210526
0 0.6199744152046784 0.4532620614035088 0.011513157894736841 0.022203947368421052
0 0.4834612573099415 0.5641447368421053 0.026498538011695907 0.01644736842105263
0 0.5121527777777778 0.4995888157894737 0.01918859649122807 0.021655701754385966
0 0.5896381578947368 0.5142543859649122 0.012244152046783625 0.022478070175438597
0 0.7719298245614035 0.5892269736842105 0.01206140350877193 0.024945175438596492
0 0.6410818713450293 0.5058936403508772 0.021929824561403508 0.027138157894736843
0 0.5441337719298246 0.6174616228070176 0.025767543859649123 0.026041666666666668
0 0.31588084795321636 0.4283168859649123 0.019919590643274854 0.016721491228070175
0 0.4064327485380117 0.4547697368421053 0.011695906432748537 0.02905701754385965
0 0.6508589181286549 0.4660087719298246 0.02101608187134503 0.01644736842105263
0 0.325109649122807 0.43969298245614036 0.019005847953216373 0.015350877192982455
0 0.7524214181286549 0.5790844298245614 0.015442251461988304 0.024396929824561403
0 0.5555555555555556 0.4804002192982456 0.017543859649122806 0.021107456140350877
0 0.4342105263157895 0.4414747807017544 0.01206140350877193 0.018914473684210526
0 0.5482456140350876 0.4462719298245614 0.013157894736842105 0.018092105263157895
0 0.6053545321637427 0.5771655701754387 0.01699561403508772 0.027138157894736843
0 0.7042872807017544 0.5642132675438596 0.018691520467836294 0.020148026315789474
0 0.20869883040935674 0.6274671052631579 0.01827485380116959 0.03782894736842105
0 0.6083698830409358 0.44298245614035087 0.011330409356725146 0.018092105263157895
0 0.2991593567251462 0.5124725877192983 0.019005847953216373 0.027138157894736843
0 0.6805555555555555 0.6115679824561403 0.02046783625730994 0.029605263157894735
0 0.7589546783625731 0.513157894736842 0.017178362573099414 0.02138157894736842
0 0.6279239766081871 0.6026589912280702 0.01608187134502924 0.0381030701754386
0 0.6198830409356726 0.43448464912280704 0.011330409356725146 0.01644736842105263
0 0.7039473684210527 0.47889254385964913 0.01864035087719298 0.024671052631578948
0 0.7183845029239766 0.45449561403508776 0.009868421052631578 0.020833333333333332
0 0.5052083333333333 0.6200657894736842 0.019919590643274854 0.030153508771929825
0 0.35672514619883045 0.6043037280701755 0.017543859649122806 0.026589912280701754
0 0.6103801169590644 0.4590186403508772 0.013888888888888888 0.0200109649122807
0 0.4182200292397661 0.49684758771929827 0.015533625730994151 0.024396929824561403
0 0.7484466374269005 0.5338541666666666 0.0133406432748538 0.02987938596491228
0 0.7300804093567251 0.4765625 0.02887426900584795 0.02275219298245614
0 0.7035818713450293 0.46422697368421056 0.01608187134502924 0.016721491228070175
0 0.6555190058479532 0.5807291666666667 0.02448830409356725 0.02549342105263158
0 0.628015350877193 0.4505208333333333 0.013706140350877192 0.021655701754385966
0 0.7003837719298246 0.4502467105263158 0.017361111111111112 0.01617324561403509
0 0.7850877192982456 0.43571820175438597 0.012426900584795321 0.022203947368421052
0 0.47423245614035087 0.5142543859649122 0.011695906432748537 0.027412280701754384
0 0.5395650584795322 0.4276315789473684 0.008589181286549707 0.021929824561403508
0 0.6341374269005848 0.4469572368421053 0.011330409356725146 0.017269736842105265
0 0.19252558479532164 0.5142543859649122 0.013706140350877192 0.013706140350877192
0 0.3609283625730994 0.45778508771929827 0.011695906432748537 0.015899122807017545
0 0.18960160818713448 0.5803179824561403 0.01882309941520468 0.027960526315789474
0 0.24004020467836257 0.5756578947368421 0.01699561403508772 0.03892543859649123
0 0.5904605263157894 0.4638157894736842 0.012426900584795321 0.025767543859649123
0 0.5741959064327485 0.4677905701754386 0.01206140350877193 0.024945175438596492
0 0.3781980994152047 0.44298245614035087 0.02101608187134503 0.018092105263157895
0 0.495796783625731 0.525904605263158 0.01206140350877193 0.02549342105263158
0 0.6461074561403509 0.6114309210526316 0.015899122807017545 0.034265350877192985
0 0.25100511695906436 0.49684758771929827 0.02138157894736842 0.023300438596491228
0 0.6610014619883041 0.48081140350877194 0.014619883040935672 0.027960526315789474
0 0.37445175438596495 0.5587993421052632 0.024853801169590642 0.021655701754385966
0 0.3312317251461988 0.4989035087719298 0.011878654970760233 0.021929824561403508
0 0.7604166666666666 0.5442708333333333 0.015716374269005847 0.028782894736842105
0 0.37737573099415206 0.4653234649122807 0.02010233918128655 0.01343201754385965
0 0.4145650584795322 0.4320175438596491 0.0133406432748538 0.021929824561403508
0 0.7765899122807017 0.5348135964912281 0.013706140350877192 0.02631578947368421
0 0.30747441520467833 0.5663377192982456 0.01882309941520468 0.025767543859649123
0 0.7605080409356725 0.4207785087719298 0.013706140350877192 0.015350877192982455
0 0.8447551169590644 0.5904605263157894 0.017361111111111112 0.019736842105263157
0 0.5236659356725146 0.5719572368421052 0.026498538011695907 0.021107456140350877
0 0.46619152046783624 0.5607182017543859 0.010964912280701754 0.02275219298245614
0 0.41684941520467833 0.5689418859649124 0.01425438596491228 0.026041666666666668
0 0.5578399122807017 0.4570997807017544 0.02942251461988304 0.012883771929824562
0 0.7545687134502924 0.4634046052631579 0.01023391812865497 0.027138157894736843
0 0.3125 0.48780153508771934 0.015716374269005847 0.021107456140350877
0 0.6765350877192982 0.47738486842105265 0.012426900584795321 0.024396929824561403
0 0.7613304093567252 0.587171052631579 0.010964912280701754 0.022478070175438597
0 0.4199561403508772 0.6855811403508771 0.01608187134502924 0.013157894736842105
0 0.3576388888888889 0.44353070175438597 0.023757309941520467 0.01206140350877193
0 0.1267361111111111 0.5485197368421052 0.031615497076023395 0.020285087719298246
0 0.689327485380117 0.43338815789473684 0.015716374269005847 0.01918859649122807
0 0.6109283625730993 0.5686677631578948 0.020833333333333332 0.01836622807017544
0 0.642452485380117 0.4281798245614035 0.015899122807017545 0.010964912280701754
0 0.21564327485380116 0.49972587719298245 0.015716374269005847 0.020285087719298246
0 0.7849049707602339 0.47436951754385964 0.012792397660818713 0.024396929824561403
0 0.34658260233918126 0.5520833333333334 0.014071637426900584 0.025767543859649123
0 0.8374451754385965 0.438733552631579 0.019554093567251463 0.01617324561403509
0 0.47030336257309946 0.6221217105263158 0.01699561403508772 0.04029605263157895
0 0.5592105263157895 0.4383223684210526 0.020833333333333332 0.01864035087719298
0 0.2447002923976608 0.4842379385964912 0.014985380116959063 0.01836622807017544
0 0.34192251461988304 0.6089638157894738 0.02412280701754386 0.026589912280701754
0 0.8041849415204678 0.4621710526315789 0.014071637426900584 0.015899122807017545
0 0.7010233918128654 0.4257127192982456 0.01206140350877193 0.020285087719298246
0 0.49415204678362573 0.4446271929824561 0.023026315789473683 0.014802631578947368
0 0.7410453216374269 0.577576754385965 0.017178362573099414 0.01918859649122807
0 0.06734283625730994 0.5808662280701754 0.02101608187134503 0.03892543859649123
0 0.5833333333333333 0.5490679824561403 0.013888888888888888 0.022478070175438597
0 0.3074744152046784 0.6008771929824561 0.02101608187134503 0.027960526315789474
0 0.7981542397660819 0.4395559210526316 0.014437134502923976 0.01343201754385965
0 0.5536366959064327 0.5149396929824562 0.015899122807017545 0.026589912280701754
0 0.7219480994152047 0.6296600877192983 0.014802631578947368 0.024671052631578948
0 0.4765168128654971 0.4095394736842105 0.010051169590643274 0.01864035087719298
0 0.5262244152046784 0.5364583333333334 0.02540204678362573 0.018092105263157895
0 0.22596856725146197 0.5191885964912281 0.0268640350877193 0.017543859649122806
0 0.6673976608187134 0.4588815789473684 0.014985380116959063 0.019736842105263157
0 0.6133954678362573 0.6059141995614035 0.015899122807017545 0.02007949561403509
0 0.21865862573099415 0.6074561403508771 0.011878654970760233 0.03673245614035088
0 0.26434576023391815 0.6067708333333334 0.015899122807017545 0.032072368421052634
0 0.7461622807017543 0.4675164473684211 0.011695906432748537 0.02055921052631579
0 0.4906798245614035 0.6078673245614035 0.031067251461988302 0.021107456140350877
0 0.3352521929824561 0.5154879385964912 0.022478070175438597 0.01069078947368421
0 0.7939510233918128 0.4714912280701754 0.0133406432748538 0.022478070175438597
0 0.48583698830409355 0.5100054824561403 0.01918859649122807 0.02055921052631579
0 0.5338998538011696 0.4342105263157895 0.014071637426900584 0.017543859649122806
0 0.7369334795321637 0.46326754385964913 0.013706140350877192 0.015350877192982455
0 0.46536915204678364 0.5158991228070176 0.00932017543859649 0.0268640350877193
0 0.6945358187134503 0.6121162280701755 0.016264619883040937 0.025767543859649123
0 0.06359649122807018 0.6027960526315789 0.025219298245614034 0.029605263157894735
0 0.16922514619883042 0.53125 0.017543859649122806 0.022478070175438597
0 0.4495614035087719 0.5512609649122807 0.021564327485380116 0.02138157894736842
0 0.25529970760233917 0.5646929824561404 0.014619883040935672 0.03508771929824561
0 0.6853070175438597 0.4487390350877193 0.024853801169590642 0.015350877192982455
0 0.6334978070175439 0.5415296052631579 0.022112573099415205 0.013980263157894737
0 0.7096125730994152 0.4532620614035088 0.008406432748538011 0.01836622807017544
0 0.7965095029239766 0.42790570175438597 0.019554093567251463 0.021929824561403508
0 0.5942982456140351 0.4413377192982456 0.013888888888888888 0.01425438596491228
0 0.37682748538011696 0.4864309210526315 0.01644736842105263 0.021655701754385966
0 0.1859466374269006 0.5503015350877193 0.03307748538011696 0.014528508771929825
0 0.7378472222222222 0.5627741228070176 0.017726608187134504 0.015899122807017545
0 0.31789108187134507 0.6049890350877193 0.01699561403508772 0.03234649122807018
0 0.7677266081871346 0.43270285087719296 0.01644736842105263 0.011239035087719298
0 0.14491959064327484 0.7001096491228069 0.020833333333333332 0.012609649122807017
0 0.4858369883040936 0.40899122807017546 0.00932017543859649 0.01699561403508772
0 0.2210343567251462 0.5771655701754387 0.030153508771929825 0.01836622807017544
0 0.7097953216374269 0.43928179824561403 0.023026315789473683 0.012335526315789474
0 0.4083516081871345 0.4194078947368421 0.016264619883040937 0.01206140350877193
0 0.7317251461988304 0.5881304824561404 0.023026315789473683 0.018914473684210526
0 0.7422331871345029 0.5441337719298245 0.013706140350877192 0.027960526315789474
0 0.41584429824561403 0.6016995614035088 0.019554093567251463 0.0356359649122807
0 0.4170321637426901 0.5474232456140351 0.028143274853801168 0.021929824561403508
0 0.2305372807017544 0.6075932017543859 0.016264619883040937 0.030975877192982455
0 0.37810672514619886 0.5164473684210527 0.01608187134502924 0.029605263157894735
0 0.7242324561403508 0.42406798245614036 0.013523391812865496 0.01918859649122807
0 0.04057017543859649 0.6026589912280702 0.03252923976608187 0.018914473684210526
0 0.14306834795321638 0.5431743421052632 0.0133406432748538 0.022203947368421052
0 0.1550392909356725 0.5365953947368421 0.012794225146198828 0.033168859649122806
0 0.17843293128654972 0.5423519736842105 0.028145102339181306 0.01617324561403509
0 0.14635873538011696 0.6107456140350878 0.02869334795321637 0.030153508771929825
0 0.1618923611111111 0.6025219298245614 0.026865862573099412 0.03070175438596491
0 0.1857437865497076 0.6070449561403509 0.016812865497076043 0.034265350877192985
0 0.2020093201754386 0.6016995614035088 0.017911184210526315 0.030153508771929825
0 0.19935946637426902 0.5391995614035088 0.020652412280701752 0.020833333333333332
0 0.21754477339181288 0.5494791666666666 0.026317616959064326 0.01343201754385965
0 0.18538834064327486 0.5288514254385964 0.018002558479532162 0.014665570175438597
0 0.16386787280701756 0.5264528508771931 0.014621710526315808 0.011239035087719298
0 0.2010142543859649 0.523985745614035 0.023117690058479533 0.01206140350877193
0 0.19452576754385967 0.5333059210526315 0.019647295321637424 0.012335526315789474
0 0.2065889985380117 0.5119243421052632 0.01453033625730994 0.01918859649122807
0 0.2278344298245614 0.5021244517543859 0.015350877192982455 0.020148026315789474
0 0.22564144736842104 0.5068530701754386 0.012792397660818713 0.009046052631578948
0 0.22838267543859647 0.5331003289473685 0.01864035087719298 0.011650219298245614
0 0.2240423976608187 0.5413240131578947 0.02988304093567251 0.012472587719298246
0 0.21636604532163745 0.5307702850877194 0.011240862573099414 0.011650219298245614
0 0.25716831140350876 0.524671052631579 0.030338084795321636 0.017269736842105265
0 0.2427293494152047 0.5340597587719298 0.014438961988304091 0.021518640350877194
0 0.25072551169590646 0.5379660087719298 0.022569444444444444 0.015350877192982455
0 0.24158717105263158 0.5550986842105263 0.02787097953216374 0.024945175438596492
0 0.26242233187134506 0.5426946271929824 0.020561038011695905 0.01987390350877193
0 0.27329586988304094 0.5324150219298246 0.023302266081871345 0.009457236842105263
0 0.2647066885964912 0.5044544956140351 0.014713084795321636 0.03248355263157895
0 0.2765405701754386 0.4917077850877193 0.010964912280701754 0.02563048245614035
0 0.28220577485380116 0.49314692982456143 0.010416666666666666 0.019736842105263157
0 0.2841255482456141 0.5095257675438596 0.01681469298245614 0.024533991228070175
0 0.2941310307017544 0.4854029605263158 0.015626827485380114 0.027549342105263157
0 0.2829833698830409 0.5237801535087719 0.025129751461988304 0.008634868421052632
0 0.2857702850877193 0.5304276315789473 0.026317616959064326 0.011787280701754386
0 0.28549616228070174 0.5524259868421053 0.0184594298245614 0.026726973684210526
0 0.2655747441520468 0.5582510964912281 0.011697733918128653 0.028782894736842105
0 0.27530701754385967 0.5412554824561404 0.015442251461988304 0.011239035087719298
0 0.2875520833333334 0.5444078947368421 0.024216008771929823 0.017543859649122806
0 0.30445815058479536 0.5443393640350878 0.020012792397660815 0.014665570175438597
0 0.29143548976608186 0.5607182017543859 0.014804459064327483 0.021655701754385966
0 0.2972834429824561 0.577234100877193 0.02522112573099415 0.020970394736842105
0 0.2802421418128655 0.5792900219298245 0.01708881578947368 0.028645833333333332
0 0.260640533625731 0.5851836622807017 0.023759137426900584 0.017406798245614034
0 0.31341282894736844 0.5585252192982456 0.011971856725146198 0.027412280701754384
0 0.32245979532163743 0.5583881578947368 0.014528508771929825 0.026041666666666668
0 0.30089364035087723 0.4923245614035088 0.01343201754385965 0.020285087719298246
0 0.32364766081871343 0.48711622807017546 0.018548976608187134 0.024396929824561403
0 0.31971856725146197 0.5074013157894737 0.013980263157894737 0.023574561403508772
0 0.3045495248538012 0.5221354166666666 0.016357821637426898 0.024533991228070175
0 0.3100319809941521 0.5272752192982456 0.016175073099415203 0.01918859649122807
0 0.31985562865497075 0.5341282894736842 0.014985380116959063 0.022478070175438597
0 0.3315067616959064 0.5226836622807017 0.027322733918128655 0.01493969298245614
0 0.33516173245614034 0.5344709429824562 0.03061220760233918 0.018777412280701754
0 0.3251553362573099 0.5506441885964912 0.014802631578947368 0.021792763157894735
0 0.338359831871345 0.552014802631579 0.014164839181286549 0.02480811403508772
0 0.33264894005847956 0.5437911184210527 0.011149488304093565 0.01000548245614035
0 0.3544435307017544 0.5318667763157895 0.015078581871345028 0.015213815789473685
0 0.36371801900584794 0.5455043859649122 0.014256213450292396 0.01343201754385965
0 0.35855537280701755 0.5517406798245613 0.01453033625730994 0.027549342105263157
0 0.2777768640350877 0.6034813596491228 0.022936769005847953 0.021655701754385966
0 0.2849954312865497 0.6116365131578947 0.013799342105263157 0.0234375
0 0.2972870979532164 0.6077987938596491 0.01900767543859649 0.028097587719298246
0 0.3277165570175439 0.5948464912280701 0.01224597953216374 0.027960526315789474
0 0.31720760233918127 0.5803179824561404 0.015533625730994151 0.017269736842105265
0 0.3480034722222222 0.5725740131578948 0.03417580409356725 0.017406798245614034
0 0.35471948099415207 0.5867598684210527 0.03554641812865497 0.01617324561403509
0 0.3861083698830409 0.5699013157894737 0.02065241228070171 0.020833333333333332
0 0.38587993421052635 0.5818941885964912 0.0189163011695906 0.03056469298245614
0 0.40132401315789473 0.575109649122807 0.015444078947368461 0.030153508771929825
0 0.3694316520467837 0.5424205043859649 0.015076754385964954 0.01493969298245614
0 0.381265533625731 0.5411184210526316 0.01900767543859649 0.01836622807017544
0 0.3878453947368421 0.5398848684210525 0.009502923976608187 0.012883771929824562
0 0.3911348684210526 0.5539336622807017 0.010782163742690058 0.013843201754385965
0 0.3956578947368421 0.5404331140350878 0.009594298245614035 0.018092105263157895
0 0.40223775584795324 0.5444764254385965 0.012337353801169631 0.017406798245614034
0 0.39922149122807016 0.5574287280701754 0.007949561403508772 0.015076754385964912
0 0.42960617690058484 0.5635279605263158 0.01443896198830405 0.02700109649122807
0 0.43984100877192983 0.561609100877193 0.013523391812865496 0.015213815789473685
0 0.34169773391812863 0.5023300438596491 0.010964912280701754 0.024671052631578948
0 0.33653508771929824 0.48279879385964913 0.012335526315789474 0.015487938596491228
0 0.34855080409356726 0.48519736842105265 0.010599415204678362 0.02412280701754386
0 0.35325749269005846 0.5054139254385964 0.015626827485380114 0.023711622807017545
0 0.37039108187134506 0.5102796052631579 0.014071637426900626 0.029331140350877194
0 0.3946527777777778 0.5054139254385964 0.012883771929824562 0.0278234649122807
0 0.4090908260233918 0.5121299342105263 0.01672331871345033 0.0322094298245614
0 0.42627101608187135 0.509046052631579 0.018368055555555513 0.028782894736842105
0 0.43536275584795325 0.5079495614035088 0.01443896198830405 0.018914473684210526
0 0.4367790570175439 0.5197368421052632 0.028967470760233874 0.02138157894736842
0 0.42001096491228074 0.5283031798245613 0.015899122807017545 0.013569078947368422
0 0.4154422514619884 0.5359100877192983 0.017361111111111112 0.00932017543859649
0 0.39890259502923975 0.530016447368421 0.023393640350877234 0.013706140350877192
0 0.4330327119883041 0.5436540570175439 0.011240862573099373 0.02261513157894737
0 0.4407099780701754 0.5256304824561404 0.024216008771929864 0.01836622807017544
0 0.4436330409356725 0.5370751096491228 0.017269736842105265 0.023163377192982455
0 0.4533653143274854 0.5393366228070176 0.02704861111111115 0.014802631578947368
0 0.45765990497076026 0.5305646929824561 0.015718201754386006 0.007949561403508772
0 0.474703033625731 0.5314555921052632 0.025129751461988262 0.010279605263157895
0 0.465062134502924 0.5485882675438597 0.023391812865497075 0.0190515350877193
0 0.45756853070175435 0.5668859649122807 0.01060124269005852 0.022203947368421052
0 0.4786321271929824 0.5503015350877193 0.015992324561403464 0.013706140350877192
0 0.48987207602339183 0.559484649122807 0.017086988304093567 0.01699561403508772
0 0.44875091374269005 0.5959429824561403 0.014713084795321678 0.023848684210526317
0 0.4566547880116959 0.5905975877192982 0.01188048245614039 0.027412280701754384
0 0.5071427266081872 0.5805235745614035 0.02988121345029244 0.013843201754385965
0 0.5086960891812866 0.5627741228070176 0.023850511695906473 0.020833333333333332
0 0.5230436769005848 0.5966282894736842 0.029515716374268964 0.015899122807017545
0 0.5283890716374269 0.6108141447368421 0.02704861111111107 0.016584429824561403
0 0.5237746710526315 0.6193804824561404 0.021474780701754344 0.02412280701754386
0 0.556625548245614 0.6067708333333334 0.019738669590643316 0.027138157894736843
0 0.5786485745614035 0.5970394736842106 0.017545687134502882 0.027138157894736843
0 0.5849086257309941 0.6179413377192983 0.013797514619883041 0.024533991228070175
0 0.5062746710526316 0.5562637061403509 0.025038377192982495 0.018229166666666668
0 0.48955226608187136 0.5453673245614035 0.011878654970760233 0.020833333333333332
0 0.4800027412280702 0.5415296052631579 0.011058114035087677 0.014528508771929825
0 0.4853033625730994 0.5213130482456141 0.011970029239766082 0.015762061403508772
0 0.45610654239766085 0.5174753289473684 0.00968750000000004 0.019599780701754384
0 0.45505573830409357 0.4993146929824561 0.027322733918128696 0.015625
0 0.45537554824561405 0.505139802631579 0.012428728070175478 0.008086622807017545
0 0.44144005847953216 0.5010964912280702 0.011239035087719298 0.01699561403508772
0 0.40753746345029246 0.47957785087719296 0.01416483918128659 0.01864035087719298
0 0.4567918494152047 0.483141447368421 0.011606359649122848 0.021929824561403508
0 0.4620010964912281 0.48903508771929827 0.01160453216374269 0.017543859649122806
0 0.4769873903508772 0.4913651315789474 0.022754020467836214 0.02055921052631579
0 0.49649762426900584 0.4993832236842105 0.017180190058479573 0.01850328947368421
0 0.5049040570175439 0.5144599780701754 0.0159009502923977 0.023163377192982455
0 0.5072797880116958 0.5276864035087719 0.013342470760233958 0.017543859649122806
0 0.5092900219298245 0.5407072368421052 0.032348318713450334 0.012883771929824562
0 0.5082392178362573 0.5479714912280701 0.03280519005847957 0.01206140350877193
0 0.5209411549707603 0.5544133771929824 0.010508040935672515 0.015899122807017545
0 0.5330034722222222 0.5520148026315789 0.016357821637426856 0.021518640350877194
0 0.5394005847953216 0.559827302631579 0.021290204678362575 0.02480811403508772
0 0.5441520467836257 0.5644873903508771 0.014345760233918129 0.0278234649122807
0 0.5563514254385965 0.5644873903508772 0.01644919590643279 0.02563048245614035
0 0.5561686769005848 0.5582510964912281 0.014804459064327525 0.021107456140350877
0 0.5624744152046783 0.5268640350877193 0.02046783625730994 0.021107456140350877
0 0.5304449926900584 0.53125 0.01800255847953212 0.01781798245614035
0 0.5463002558479532 0.533717105263158 0.014256213450292437 0.0268640350877193
0 0.5478079312865497 0.5213815789473684 0.013982090643274894 0.015076754385964912
0 0.5275667032163743 0.5124040570175439 0.014621710526315746 0.020970394736842105
0 0.5324095394736843 0.49307839912280704 0.016449195906432706 0.024533991228070175
0 0.5190688961988305 0.4941748903508772 0.023941885964912236 0.01631030701754386
0 0.5576763523391812 0.541186951754386 0.015261330409356766 0.018777412280701754
0 0.5749479166666667 0.5320723684210525 0.027505482456140307 0.020833333333333332
0 0.5773693347953217 0.5415981359649122 0.030703581871344986 0.011924342105263159
0 0.5663578216374269 0.5621573464912281 0.011970029239766082 0.030016447368421052
0 0.5738971125730994 0.5533854166666666 0.014987207602339138 0.014665570175438597
0 0.5836741593567252 0.5689418859649122 0.030338084795321595 0.02275219298245614
0 0.5833086622807018 0.5733963815789473 0.023210891812865453 0.02206688596491228
0 0.5939089912280701 0.5551672149122806 0.011878654970760233 0.01987390350877193
0 0.5876032529239765 0.5387198464912281 0.0255866228070175 0.01631030701754386
0 0.6054230628654971 0.5309758771929824 0.02576937134502928 0.01644736842105263
0 0.6047377558479533 0.540296052631579 0.011789108187134544 0.014528508771929825
0 0.6045093201754386 0.5526315789473684 0.014804459064327525 0.019736842105263157
0 0.623562682748538 0.557154605263158 0.018185307017543815 0.019462719298245616
0 0.5441063596491228 0.493421052631579 0.010051169590643274 0.025219298245614034
0 0.5658095760233919 0.5059621710526316 0.017635233918128657 0.031112938596491228
0 0.5751306652046784 0.5143914473684211 0.015078581871344986 0.018092105263157895
0 0.6058342470760234 0.5238486842105263 0.027688230994152088 0.017543859649122806
0 0.6022706505847953 0.5004111842105263 0.019647295321637465 0.026589912280701754
0 0.6161604532163742 0.5079495614035088 0.016355994152046784 0.020285087719298246
0 0.6269892178362573 0.5178179824561403 0.014073464912280658 0.02275219298245614
0 0.6218722587719299 0.5350191885964912 0.024490131578947326 0.014665570175438597
0 0.6404221491228069 0.5250822368421053 0.013523391812865496 0.02631578947368421
0 0.6547231359649123 0.5267955043859649 0.017637061403508812 0.02480811403508772
0 0.6480985014619882 0.5461896929824562 0.012611476608187174 0.018914473684210526
0 0.6346655701754386 0.5558525219298245 0.01425438596491228 0.021792763157894735
0 0.6379093567251461 0.5632538377192983 0.015442251461988304 0.015487938596491228
0 0.6286796418128655 0.5742872807017544 0.019464546783625688 0.024945175438596492
0 0.6425246710526316 0.5807291666666666 0.02211440058479536 0.019736842105263157
0 0.5978389985380117 0.5994380482456141 0.01188048245614039 0.02645285087719298
0 0.6036302997076023 0.6077645285087719 0.012472587719298246 0.02240953947368421
0 0.638766447368421 0.6011855811403509 0.01786549707602343 0.035430372807017545
0 0.65359283625731 0.6257538377192983 0.017361111111111112 0.03234649122807018
0 0.6813733552631579 0.6280153508771931 0.025038377192982495 0.01836622807017544
0 0.6618850511695906 0.5401247258771931 0.017315423976608187 0.021998355263157895
0 0.6751123903508772 0.5445792214912281 0.016357821637426856 0.016241776315789474
0 0.6726452850877193 0.5276178728070176 0.012794225146198787 0.02425986842105263
0 0.6841282894736842 0.5279262609649124 0.012496345029239703 0.021175986842105265
0 0.6874031432748537 0.5421806469298246 0.00932017543859649 0.014322916666666666
0 0.6937993421052631 0.5267955043859649 0.013888888888888888 0.021655701754385966
0 0.6949186769005847 0.546155427631579 0.014574195906432748 0.02158717105263158
0 0.7068896198830409 0.5415296052631579 0.015032894736842144 0.01644736842105263
0 0.7141547880116959 0.5471833881578948 0.020330774853801168 0.020764802631578948
0 0.6601023391812865 0.5658580043859649 0.01302266081871349 0.028919956140350877
0 0.6671847587719297 0.5686334978070176 0.019965277777777776 0.024876644736842105
0 0.6756606359649123 0.5607867324561404 0.024033260233918087 0.017406798245614034
0 0.6686924342105264 0.5521518640350878 0.01640168128654971 0.009046052631578948
0 0.6865113304093566 0.5553385416666666 0.025997807017543815 0.020627741228070175
0 0.6931825657894736 0.5667489035087719 0.020330774853801168 0.0190515350877193
0 0.6928627558479532 0.5764459978070176 0.016493055555555556 0.017886513157894735
0 0.6781277412280702 0.5784333881578948 0.016083698830409315 0.02953673245614035
0 0.7043768274853801 0.5873423793859649 0.025266812865497115 0.017612390350877194
0 0.7104075292397661 0.5770285087719298 0.018687865497076062 0.01493969298245614
0 0.7236814692982456 0.5805578399122807 0.02110928362573095 0.026110197368421052
0 0.7184722222222223 0.5672286184210527 0.017909356725146198 0.011239035087719298
0 0.7254861111111112 0.5599300986842105 0.023530701754385923 0.01651589912280702
0 0.7275420321637427 0.5448876096491229 0.015946637426900542 0.01768092105263158
0 0.7198665935672515 0.536218475877193 0.016769005847953173 0.010759320175438597
0 0.7337792397660818 0.5377604166666666 0.01069078947368421 0.021655701754385966
0 0.748171600877193 0.5596559758771931 0.01809393274853805 0.015008223684210526
0 0.7516438230994151 0.5687020285087719 0.008408260233918169 0.006373355263157895
0 0.7631122076023392 0.5671943530701754 0.01114766081871345 0.02460252192982456
0 0.7730500730994152 0.5680852521929826 0.013662280701754426 0.0229577850877193
0 0.7138559941520467 0.6245202850877193 0.015625 0.02617872807017544
0 0.772890168128655 0.6273300438596491 0.02174890350877197 0.0356359649122807
0 0.7653974780701754 0.5376233552631579 0.018185307017543898 0.030290570175438597
0 0.7823474049707603 0.5498218201754386 0.027231359649122846 0.015213815789473685
0 0.7875118786549707 0.556811951754386 0.02129203216374273 0.01000548245614035
0 0.7875575657894738 0.5633223684210527 0.023393640350877234 0.015350877192982455
0 0.7881971856725146 0.5727796052631579 0.0204696637426901 0.02275219298245614
0 0.7917141812865497 0.5873081140350878 0.03774122807017552 0.02549342105263158
0 0.8412874634502924 0.630139802631579 0.01699744152046771 0.031661184210526314
0 0.834343019005848 0.5782620614035088 0.015352704678362446 0.022478070175438597
0 0.8054212353801171 0.5849780701754386 0.02805372807017548 0.02850877192982456
0 0.8109000365497077 0.5789473684210527 0.028145102339181327 0.0268640350877193
0 0.8162911184210526 0.5752467105263157 0.030520833333333372 0.02823464912280702
0 0.8182099780701755 0.5677083333333333 0.019373172514619924 0.01425438596491228
0 0.3142863669590643 0.4458607456140351 0.017454312865497073 0.02138157894736842
0 0.3400557383040936 0.4433251096491228 0.014895833333333332 0.02645285087719298
0 0.34078581871345026 0.4300986842105263 0.011239035087719298 0.015899122807017545
0 0.3516602704678362 0.42948190789473684 0.013982090643274853 0.019599780701754384
0 0.3607986111111111 0.43030427631578944 0.017269736842105265 0.01768092105263158
0 0.3673775584795322 0.4364720394736842 0.007949561403508772 0.010279605263157895
0 0.37669864766081873 0.43379934210526316 0.013068347953216415 0.017269736842105265
0 0.38199926900584796 0.4516858552631579 0.011970029239766082 0.015213815789473685
0 0.3929650950292398 0.46203399122807015 0.011240862573099373 0.014528508771929825
0 0.38725328947368426 0.42502741228070173 0.014802631578947368 0.013980263157894737
0 0.38665935672514623 0.4133771929824562 0.01160453216374269 0.012335526315789474
0 0.40009228801169594 0.41351425438596495 0.017271564327485337 0.012609649122807017
0 0.39584338450292395 0.4047423245614035 0.019921418128654927 0.011787280701754386
0 0.3941529605263158 0.4295504385964912 0.022388523391812822 0.012335526315789474
0 0.3985846125730994 0.43311403508771934 0.021383406432748494 0.013157894736842105
0 0.39100054824561403 0.44709429824561403 0.013707967836257266 0.0200109649122807
0 0.3983561769005848 0.4496299342105263 0.013068347953216332 0.013020833333333334
0 0.4042964181286549 0.43578673245614036 0.013797514619883041 0.017132675438596492
0 0.3996354166666667 0.42208059210526316 0.013433845029239723 0.006441885964912281
0 0.42000822368421054 0.44233141447368424 0.01718019005847949 0.032552083333333336
0 0.4209904970760234 0.4527138157894737 0.016312134502923934 0.020148026315789474
0 0.42631304824561406 0.45956688596491224 0.014987207602339138 0.021655701754385966
0 0.4355199195906433 0.46004660087719296 0.011924342105263159 0.021792763157894735
0 0.44392635233918126 0.4626507675438597 0.010370979532163743 0.017543859649122806
0 0.4139537646198831 0.40515350877192985 0.011010599415204679 0.013569078947368422
0 0.41283534356725143 0.41495339912280704 0.023667763157894695 0.00849780701754386
0 0.42645010964912283 0.4252672697368421 0.011423611111111068 0.011992872807017545
0 0.4316584429824562 0.40854577850877194 0.02686586257309937 0.011855811403508772
0 0.43750822368421055 0.4126576206140351 0.023850511695906473 0.01596765350877193
0 0.4328691520467836 0.4023780153508772 0.019875730994152005 0.006510416666666667
0 0.4358625730994152 0.3940858004385965 0.019005847953216373 0.011855811403508772
0 0.4498894371345029 0.3956277412280702 0.020195540935672555 0.00932017543859649
0 0.44984375 0.4004248903508772 0.01635782163742694 0.008223684210526315
0 0.44061494883040936 0.3999109100877193 0.015992324561403547 0.006236293859649123
0 0.46428179824561405 0.40251507675438597 0.01471125730994152 0.0161047149122807
0 0.4503691520467836 0.40467379385964913 0.013114035087719338 0.005482456140350877
0 0.46871436403508776 0.4076891447368421 0.010783991228070132 0.013980263157894737
0 0.4552576754385965 0.41046463815789475 0.016769005847953256 0.009251644736842105
0 0.4391063596491228 0.4153303179824562 0.01699561403508772 0.008977521929824562
0 0.4509859283625731 0.4139597039473684 0.011240862573099456 0.009799890350877192
0 0.44347039473684213 0.42365679824561403 0.021246345029239805 0.013706140350877192
0 0.43565698099415207 0.4258155153508772 0.0167671783625731 0.013500548245614035
0 0.452859100877193 0.4198533442982456 0.015352704678362613 0.009251644736842105
0 0.4629340277777778 0.4181058114035088 0.00872624269005848 0.010827850877192983
0 0.46656615497076026 0.4214638157894737 0.01069078947368421 0.015076754385964912
0 0.4432182017543859 0.43859649122807015 0.013706140350877192 0.0234375
0 0.455577485380117 0.4310238486842105 0.013296783625731034 0.01953125
0 0.46135782163742695 0.4375342653508772 0.012609649122807017 0.017749451754385966
0 0.4738998538011696 0.4242735745614035 0.013022660818713406 0.015487938596491228
0 0.4753389985380117 0.4304756030701754 0.015992324561403464 0.01459703947368421
0 0.48657894736842106 0.41903097587719296 0.013614766081871345 0.01021107456140351
0 0.4930665204678363 0.40960800438596495 0.008315058479532164 0.016858552631578948
0 0.4702211257309942 0.4413034539473684 0.017178362573099414 0.011444627192982455
0 0.45153417397660817 0.4672423245614035 0.019007675438596532 0.02700109649122807
0 0.4486330409356725 0.4455866228070175 0.015124269005847993 0.017955043859649123
0 0.4503691520467836 0.4550095942982456 0.01567251461988308 0.01459703947368421
0 0.4624543128654971 0.44764254385964913 0.013797514619883041 0.01069078947368421
0 0.46581323099415206 0.4524739583333333 0.02261695906432744 0.02158717105263158
0 0.48360928362573097 0.4341077302631579 0.014985380116959063 0.01665296052631579
0 0.49989766081871345 0.4055989583333333 0.00991593567251466 0.01953125
0 0.4933187134502924 0.42262883771929827 0.022799707602339223 0.012335526315789474
0 0.506453764619883 0.4194421600877193 0.02129203216374273 0.009936951754385965
0 0.5076882309941521 0.4131373355263158 0.013797514619883041 0.009388706140350877
0 0.5087847222222223 0.3959018640350877 0.014345760233918129 0.013706140350877192
0 0.5139711257309941 0.4019325657894737 0.01914473684210522 0.012198464912280702
0 0.49039473684210527 0.43732867324561403 0.019327485380117 0.016241776315789474
0 0.511983735380117 0.4296875 0.028053728070175397 0.015350877192982455
0 0.5064080774853801 0.43328536184210525 0.02174890350877197 0.012815241228070175
0 0.5184484649122807 0.4055646929824561 0.019784356725146154 0.010142543859649123
0 0.5210754751461989 0.41248629385964913 0.014073464912280658 0.013157894736842105
0 0.5225603070175439 0.4190995065789474 0.013479532163742647 0.012815241228070175
0 0.5326352339181286 0.4095052083333333 0.013066520467836257 0.013774671052631578
0 0.527608735380117 0.4232456140350877 0.015900950292397617 0.014802631578947368
0 0.5060434941520467 0.4468201754385965 0.012701023391812866 0.01836622807017544
0 0.5216694078947369 0.44239994517543857 0.017271564327485337 0.019394188596491228
0 0.5198647660818713 0.4471628289473684 0.017682748538011654 0.015899122807017545
0 0.5314930555555555 0.44164610745614036 0.014345760233918129 0.012266995614035088
0 0.5382319078947368 0.4526110197368421 0.009731359649122808 0.019942434210526317
0 0.5277914839181287 0.45473547149122806 0.016723318713450248 0.014048793859649123
0 0.5161184210526316 0.4610402960526316 0.015946637426900542 0.02090186403508772
0 0.4922222222222222 0.45823053728070173 0.014576023391812905 0.019394188596491228
0 0.5009027777777778 0.46011513157894735 0.01795687134502928 0.01864035087719298
0 0.48657894736842106 0.4781044407894737 0.018914473684210526 0.026932565789473683
0 0.5056313961988305 0.47971491228070173 0.018185307017543898 0.021655701754385966
0 0.5169864766081871 0.478515625 0.011834795321637384 0.023368969298245616
0 0.4701306652046784 0.4758429276315789 0.026226242690058438 0.015556469298245614
0 0.5631661184210526 0.4718338815789474 0.014438961988304133 0.02480811403508772
0 0.5844581505847953 0.47635690789473684 0.01133223684210522 0.023163377192982455
0 0.5459283625730994 0.40991639254385964 0.013980263157894737 0.01596765350877193
0 0.5567799707602339 0.41097861842105265 0.011560672514619839 0.020833333333333332
0 0.5625822368421053 0.3984375 0.010921052631578904 0.01617324561403509
0 0.5696262792397662 0.41238349780701755 0.011668494152046767 0.017201206140350877
0 0.5617032163742689 0.4160498903508772 0.012609649122807017 0.020148026315789474
0 0.543610197368421 0.4212582236842105 0.017545687134502882 0.021518640350877194
0 0.5575557383040936 0.4275630482456141 0.01320358187134503 0.009731359649122808
0 0.5773857821637427 0.4125205592105263 0.00872624269005848 0.015830592105263157
0 0.5792817982456141 0.3997738486842105 0.009594298245614035 0.011855811403508772
0 0.5721765350877193 0.42471902412280704 0.010007309941520425 0.01308936403508772
0 0.5860891812865496 0.41043037280701755 0.012883771929824562 0.01918859649122807
0 0.5682702850877193 0.4395901864035088 0.012245979532163699 0.018434758771929825
0 0.5626736111111111 0.45010964912280704 0.02124634502923972 0.007949561403508772
0 0.5798300438596491 0.4473341557017544 0.015625 0.027617872807017545
0 0.5759009502923976 0.42989309210526316 0.007858187134502924 0.015350877192982455
0 0.5842169225146199 0.432531524122807 0.014073464912280741 0.014734100877192983
0 0.5896993786549708 0.42221765350877194 0.019190423976608226 0.012472587719298246
0 0.58812317251462 0.41676946271929827 0.01969298245614039 0.0161047149122807
0 0.5975804093567251 0.4024465460526316 0.02106359649122811 0.01308936403508772
0 0.6071080043859649 0.40484512061403505 0.025495248538011654 0.010759320175438597
0 0.6026982821637427 0.4108415570175439 0.014391447368421052 0.013157894736842105
0 0.6030637792397662 0.4152275219298246 0.010645102339181287 0.016036184210526317
0 0.6192160087719298 0.41310307017543857 0.009046052631578948 0.015213815789473685
0 0.6087518274853801 0.4145422149122807 0.006761695906432748 0.016584429824561403
0 0.604343019005848 0.42944764254385964 0.01411732456140351 0.01459703947368421
0 0.597421418128655 0.4368146929824561 0.013706140350877192 0.01918859649122807
0 0.6115853435672515 0.4206071820175439 0.009139254385964869 0.02460252192982456
0 0.5995458698830409 0.4584361293859649 0.01320358187134503 0.021450109649122806
0 0.6254979897660818 0.4114583333333333 0.009274488304093567 0.012198464912280702
0 0.6368978435672514 0.4062157346491228 0.012976973684210566 0.008429276315789474
0 0.6337911184210526 0.41618695175438597 0.013799342105263198 0.012609649122807017
0 0.6222313596491228 0.4223204495614035 0.01114766081871345 0.01103344298245614
0 0.6291986476608187 0.42917351973684215 0.009822733918128655 0.01665296052631579
0 0.6395705409356724 0.4194078947368421 0.012931286549707642 0.01411732456140351
0 0.6474972587719298 0.4428796600877193 0.021840277777777816 0.018297697368421052
0 0.6514464546783626 0.4225603070175439 0.013890716374268962 0.013157894736842105
0 0.6526343201754387 0.41714638157894735 0.014804459064327442 0.011650219298245614
0 0.6416036184210526 0.40998492324561403 0.009504751461988344 0.008018092105263159
0 0.6463788377192983 0.4085457785087719 0.007264254385964912 0.006099232456140351
0 0.6528207236842106 0.41101288377192985 0.011193347953216375 0.008566337719298246
0 0.6589199561403509 0.4058045504385965 0.011421783625730994 0.011992872807017545
0 0.6628728070175438 0.4166666666666667 0.010921052631578904 0.011513157894736841
0 0.6707538377192982 0.4114583333333333 0.012976973684210483 0.013706140350877192
0 0.6514720394736843 0.4395216557017544 0.018368055555555596 0.019805372807017545
0 0.6578234649122807 0.4384594298245614 0.016264619883040937 0.019325657894736843
0 0.6813084795321637 0.4091968201754386 0.011787280701754386 0.017132675438596492
0 0.6747295321637427 0.4178659539473685 0.014802631578947368 0.013500548245614035
0 0.6907894736842105 0.4119723135964912 0.010829678362573139 0.014871162280701754
0 0.6839820906432748 0.423828125 0.020606725146198872 0.011581688596491228
0 0.6689948830409357 0.4283854166666667 0.021520467836257266 0.015625
0 0.667281615497076 0.4359923245614035 0.01763706140350873 0.01850328947368421
0 0.6641748903508772 0.438562225877193 0.015169956140350833 0.02007949561403509
0 0.6834329312865497 0.4375685307017544 0.01640168128654971 0.01411732456140351
0 0.6994471856725146 0.4213267543859649 0.016175073099415245 0.011101973684210526
0 0.6981003289473684 0.40957373903508776 0.012198464912280702 0.012678179824561403
0 0.7098190789473684 0.4134799890350877 0.012701023391812866 0.01240405701754386
0 0.7171984649122807 0.41581003289473684 0.011743421052631535 0.009936951754385965
0 0.7163760964912281 0.4263980263157895 0.016129385964912236 0.015487938596491228
0 0.7123556286549708 0.42684347587719296 0.016677631578947326 0.013774671052631578
0 0.7327567616959064 0.4170093201754386 0.02129203216374273 0.013569078947368422
0 0.7408890716374268 0.4088884320175439 0.018276681286549665 0.011581688596491228
0 0.7336933479532164 0.4278029057017544 0.015489766081871385 0.01596765350877193
0 0.7171756213450292 0.44044682017543857 0.01800255847953212 0.013843201754385965
0 0.7370513523391813 0.44085800438596495 0.02339364035087715 0.013294956140350877
0 0.733327850877193 0.447265625 0.02426169590643279 0.010622258771929825
0 0.7485873538011696 0.4296875 0.02142909356725142 0.010142543859649123
0 0.7481304824561402 0.4361293859649123 0.025358187134502882 0.007675438596491228
0 0.7508497807017543 0.4414747807017544 0.019371345029239682 0.009731359649122808
0 0.7575438596491227 0.4516173245614035 0.02042397660818709 0.013020833333333334
0 0.7458461257309942 0.45285087719298245 0.02307383040935668 0.010279605263157895
0 0.7285069444444445 0.4587102521929825 0.01160453216374269 0.017064144736842105
0 0.7146856725146199 0.474609375 0.012383040935672471 0.02007949561403509
0 0.7144343932748537 0.49061129385964913 0.017545687134502882 0.015213815789473685
0 0.6865396564327485 0.48091419956140347 0.00918311403508772 0.021450109649122806
0 0.6933251096491228 0.48475191885964913 0.013982090643274894 0.02007949561403509
0 0.6798921783625731 0.4602179276315789 0.015899122807017545 0.021861293859649123
0 0.6900356359649122 0.4608347039473684 0.016175073099415245 0.023231907894736843
0 0.7045650584795322 0.48828125 0.009685672514619883 0.019599780701754384
0 0.6701827485380117 0.4878015350877193 0.013662280701754343 0.020148026315789474
0 0.6884594298245614 0.5038719846491228 0.015855263157894775 0.020490679824561403
0 0.6012810672514619 0.48163377192982454 0.01206140350877193 0.02549342105263158
0 0.6481140350877194 0.4509320175438597 0.019097222222222224 0.017269736842105265
0 0.6371482090643275 0.4614857456140351 0.02074378654970764 0.018914473684210526
0 0.6198309576023392 0.4712171052631579 0.02302814327485376 0.013157894736842105
0 0.6131149488304093 0.4819078947368421 0.013433845029239723 0.023574561403508772
0 0.6323053728070175 0.48204495614035087 0.013616593567251502 0.021929824561403508
0 0.6245376461988305 0.4968475877192982 0.018183479532163743 0.021655701754385966
0 0.648251096491228 0.4809484649122807 0.011878654970760233 0.01918859649122807
0 0.6469261695906433 0.5016447368421052 0.016904239766081873 0.023574561403508772
0 0.654922331871345 0.5013020833333334 0.021931652046783583 0.02563048245614035
0 0.6699077119883041 0.5043859649122807 0.02467288011695902 0.02631578947368421
0 0.7108470394736843 0.5032209429824561 0.02796235380116963 0.01137609649122807
0 0.7064144736842105 0.5214501096491228 0.015259502923976608 0.029468201754385966
0 0.7247359283625732 0.5202165570175439 0.017863669590643276 0.021655701754385966
0 0.7385572002923977 0.5131578947368421 0.014073464912280658 0.024945175438596492
0 0.765265899122807 0.4192708333333333 0.014347587719298286 0.015899122807017545
0 0.7736376096491228 0.4271175986842105 0.01281249999999994 0.017612390350877194
0 0.7771875 0.4239309210526316 0.010281432748537885 0.01987390350877193
0 0.7855034722222222 0.4251644736842105 0.011650219298245614 0.013843201754385965
0 0.7739437134502924 0.4453810307017544 0.019601608187134377 0.018777412280701754
0 0.7683013523391813 0.450280975877193 0.019007675438596366 0.017064144736842105
0 0.7859603435672514 0.45336485745614036 0.016036184210526317 0.016927083333333332
0 0.7610818713450294 0.4686129385964912 0.009046052631578948 0.01987390350877193
0 0.7737838084795322 0.4622053179824561 0.013342470760233791 0.017612390350877194
0 0.766953581871345 0.47433525219298245 0.01676900584795309 0.02432839912280702
0 0.7828983918128655 0.4831071820175439 0.020241228070175313 0.02446546052631579
0 0.7617671783625731 0.49921189692982454 0.016812865497076022 0.026384320175438597
0 0.741983735380117 0.4809827302631579 0.01416483918128659 0.02309484649122807
0 0.803984831871345 0.48598547149122806 0.02832785087719302 0.02309484649122807
0 0.8120038377192982 0.4822848135964912 0.03075109649122815 0.018434758771929825
0 0.8090798611111111 0.4728618421052631 0.02764437134502932 0.013843201754385965
0 0.8141968201754386 0.4633018092105263 0.01667580409356725 0.019805372807017545
0 0.8007702850877193 0.49266721491228066 0.01955592105263145 0.010553728070175438
0 0.8016840277777777 0.5033580043859649 0.031069078947368295 0.015487938596491228
0 0.8019298245614034 0.419921875 0.011878654970760233 0.014734100877192983
0 0.8100146198830409 0.430921052631579 0.016586257309941396 0.017406798245614034
0 0.8228527046783626 0.43856222587719296 0.013479532163742564 0.01391173245614035
0 0.36423885233918124 0.7184758771929824 0.017911184210526315 0.015899122807017545
0 0.4559859283625731 0.6639254385964912 0.014256213450292354 0.027412280701754384
0 0.6343530701754386 0.6962719298245613 0.028877923976608183 0.02850877192982456
0 0.7038020833333333 0.7195723684210527 0.02083516081871349 0.022478070175438597
0 0.7672213084795321 0.7401315789473685 0.029972587719298286 0.02412280701754386
0 0.8375886330409357 0.7028508771929824 0.015444078947368461 0.023300438596491228
0 0.9883360745614035 0.7631578947368421 0.023393640350877234 0.023026315789473683
0 0.9322267909356725 0.7631578947368421 0.02010416666666654 0.01864035087719298
0 0.8397094298245614 0.793248355263158 0.027412280701754384 0.026858552631578953
0 0.5770084064327485 0.4963253837719298 0.021290204678362575 0.02685581140350878
0 0.817046783625731 0.4481359649122807 0.023483187134502925 0.017264254385964916
0 0.39108004385964906 0.6878563596491228 0.015350877192982455 0.01890899122807018
0 0.39802448830409354 0.6968996710526316 0.015350877192982455 0.023843201754385968
0 0.37134320175438595 0.7926795504385964 0.03874269005847949 0.01918585526315796
0 0.7914300073099415 0.5956798245614034 0.03047331871345029 0.024868421052631647
