0 0.5398391812865497 0.47985197368421056 0.01114766081871345 0.013157894736842105
0 0.5476973684210527 0.4857456140350877 0.010051169590643274 0.013980263157894737
0 0.5572916666666666 0.4898574561403509 0.007675438596491228 0.017269736842105265
0 0.5629568713450293 0.4915021929824561 0.007309941520467836 0.018914473684210526
0 0.5837445175438596 0.4896518640350877 0.01425438596491228 0.015213815789473685
0 0.5814400584795322 0.4940625 0.008589181286549707 0.017269736842105265
0 0.5505299707602339 0.4895833333333333 0.008771929824561403 0.013980263157894737
0 0.5694444444444444 0.4923245614035088 0.006030701754385965 0.01617324561403509
0 0.5770285087719298 0.49674479166666663 0.00804093567251462 0.02172423245614035
0 0.7328216374269005 0.49698464912280704 0.008589181286549707 0.01617324561403509
0 0.6210709064327485 0.49835526315789475 0.015350877192982455 0.014528508771929825
0 0.7282529239766082 0.5006853070175439 0.00932017543859649 0.011513157894736841
0 0.7316337719298245 0.5104166666666666 0.013523391812865496 0.015076754385964912
0 0.7419590643274854 0.509046052631579 0.015899122807017545 0.007949561403508772
0 0.6788194444444444 0.5034265350877193 0.013523391812865496 0.013706140350877192
0 0.5490679824561404 0.5026041666666666 0.016812865497076022 0.009868421052631578
0 0.6915204678362573 0.5035635964912281 0.004934210526315789 0.011787280701754386
0 0.6950612207602339 0.5097313596491229 0.0069901315789473685 0.018092105263157895
0 0.7459795321637427 0.5021929824561403 0.01663011695906433 0.009046052631578948
0 0.5672743055555556 0.5068009868421052 0.015487938596491228 0.015520833333333303
0 0.7209027777777778 0.5057908442982456 0.008874269005847943 0.013500548245614035
0 0.7148209064327485 0.5069901315789473 0.007675438596491228 0.015350877192982455
0 0.5964226973684211 0.5102110745614036 0.01137609649122807 0.017406798245614034
0 0.5557611476608187 0.5080523574561404 0.017315423976608187 0.012541118421052632
0 0.6874086257309941 0.5119586074561404 0.006944444444444444 0.02035361842105263
0 0.7017543859649122 0.5134320175438596 0.006761695906432748 0.02275219298245614
0 0.606108369883041 0.5117872807017544 0.00918311403508772 0.01781798245614035
0 0.681469298245614 0.5097313596491228 0.006761695906432748 0.01206140350877193
0 0.7574470029239766 0.5093722587719298 0.014528508771929825 0.011891447368421083
0 0.7074195906432749 0.5158991228070176 0.006396198830409356 0.02055921052631579
0 0.6314875730994152 0.5178179824561403 0.007309941520467836 0.021107456140350877
0 0.6504020467836257 0.5152138157894737 0.012609649122807017 0.015350877192982455
0 0.6166620979532164 0.5154536732456141 0.012381213450292397 0.014734100877192983
0 0.7130847953216374 0.5179550438596491 0.004568713450292397 0.015350877192982455
0 0.7191154970760234 0.5204221491228069 0.010051169590643274 0.013157894736842105
0 0.6783625730994152 0.517406798245614 0.015533625730994151 0.013706140350877192
0 0.7431469298245614 0.5200109649122807 0.007675438596491228 0.01836622807017544
0 0.7607136330409356 0.5153508771929824 0.015670687134502925 0.00849780701754386
0 0.7528326023391813 0.5345394736842105 0.012426900584795321 0.04029605263157895
0 0.7561220760233919 0.5248081140350878 0.010964912280701754 0.01699561403508772
0 0.6427266081871345 0.5221354166666667 0.014071637426900584 0.018777412280701754
0 0.7249177631578948 0.5188294956140351 0.009777046783625731 0.015455043859649152
0 0.2654422514619883 0.5230263157894737 0.01206140350877193 0.01617324561403509
0 0.2722953216374269 0.5260416666666666 0.015899122807017545 0.012883771929824562
0 0.696546052631579 0.5245339912280702 0.006578947368421052 0.01864035087719298
0 0.7356542397660819 0.5254934210526316 0.01023391812865497 0.018914473684210526
0 0.6694078947368421 0.5263157894736842 0.016264619883040937 0.017269736842105265
0 0.2340095029239766 0.5298108552631579 0.012792397660818713 0.02042214912280702
0 0.7318165204678363 0.5286458333333334 0.008406432748538011 0.018092105263157895
0 0.7648940058479532 0.5245339912280702 0.01425438596491228 0.00932017543859649
0 0.7015716374269007 0.5331688596491228 0.010782163742690058 0.02055921052631579
0 0.655404788011696 0.5339912280701754 0.010188230994152047 0.016721491228070175
0 0.722953216374269 0.5335800438596491 0.008223684210526315 0.015899122807017545
0 0.6662097953216375 0.5352247807017544 0.009868421052631578 0.018092105263157895
0 0.7097496345029239 0.5346765350877193 0.013614766081871345 0.01644736842105263
0 0.7150950292397661 0.5359100877192983 0.010782163742690058 0.01617324561403509
0 0.7440606725146198 0.5349506578947368 0.01206140350877193 0.01425438596491228
0 0.7649853801169592 0.5359100877192982 0.011513157894736841 0.011787280701754386
0 0.7498172514619883 0.5407072368421053 0.00712719298245614 0.017543859649122806
0 0.8091191520467836 0.5451274671052632 0.008406432748538011 0.02460252192982456
0 0.6377010233918129 0.5450932017543859 0.008771929824561403 0.019736842105263157
0 0.722953216374269 0.5448190789473684 0.014802631578947368 0.014802631578947368
0 0.4022295321637427 0.5476973684210527 0.007492690058479532 0.018914473684210526
0 0.7319078947368421 0.5455043859649122 0.011513157894736841 0.015076754385964912
0 0.4099049707602339 0.5487088815789474 0.011513157894736841 0.019292763157894768
0 0.7689373172514621 0.5468064692982456 0.01941703216374269 0.013843201754385965
0 0.7446089181286549 0.5497532894736843 0.012792397660818713 0.01864035087719298
0 0.8158808479532164 0.5487938596491229 0.005847953216374269 0.016721491228070175
0 0.34959795321637427 0.552220394736842 0.011513157894736841 0.02138157894736842
0 0.4571454678362573 0.547423245614035 0.012792397660818713 0.011787280701754386
0 0.470405701754386 0.5487088815789474 0.0170175438596491 0.013810307017543889
0 0.5138888888888888 0.5515350877192983 0.008223684210526315 0.018914473684210526
0 0.48848684210526316 0.5526315789473684 0.00932017543859649 0.0200109649122807
0 0.5725511695906433 0.5511239035087719 0.010782163742690058 0.01699561403508772
0 0.5999634502923976 0.5483826754385965 0.007858187134502924 0.011513157894736841
0 0.7795595760233918 0.5475603070175439 0.014894005847953216 0.013157894736842105
0 0.7134502923976608 0.5520833333333334 0.015899122807017545 0.017269736842105265
0 0.34082602339181284 0.5553728070175439 0.010416666666666666 0.022203947368421052
0 0.6155884502923976 0.553453947368421 0.007675438596491228 0.01617324561403509
0 0.41917945906432746 0.5561951754385965 0.013797514619883041 0.018914473684210526
0 0.6626461988304094 0.5567434210526316 0.010782163742690058 0.019462719298245616
0 0.6714181286549707 0.5564692982456141 0.006761695906432748 0.01781798245614035
0 0.377375730994152 0.5542763157894737 0.010416666666666666 0.012883771929824562
0 0.586531432748538 0.5581140350877193 0.007675438596491228 0.02055921052631579
0 0.5079495614035088 0.5566063596491228 0.006944444444444444 0.014802631578947368
0 0.6507675438596491 0.5557839912280701 0.006396198830409356 0.013706140350877192
0 0.3560855263157895 0.5568804824561403 0.012792397660818713 0.01425438596491228
0 0.368421052631579 0.5579769736842105 0.00932017543859649 0.01699561403508772
0 0.390625 0.5556469298245613 0.015716374269005847 0.011787280701754386
0 0.5648410087719299 0.5590734649122806 0.008885233918128635 0.019736842105263157
0 0.6222587719298246 0.5597587719298245 0.007858187134502924 0.0200109649122807
0 0.6843019005847953 0.560032894736842 0.010599415204678362 0.02055921052631579
0 0.6296600877192983 0.5601699561403509 0.008406432748538011 0.01864035087719298
0 0.277640716374269 0.5609237938596492 0.010873538011695907 0.01768092105263158
0 0.30217470760233917 0.5619517543859649 0.009868421052631578 0.0200109649122807
0 0.4913194444444444 0.5629111842105263 0.01023391812865497 0.022478070175438597
0 0.6038011695906433 0.5616776315789475 0.00932017543859649 0.019462719298245616
0 0.2713706140350877 0.5606496710526316 0.011169590643274835 0.01631030701754386
0 0.31042123538011696 0.5614035087719299 0.010279605263157895 0.01836622807017544
0 0.636421783625731 0.5601699561403509 0.005482456140350877 0.015350877192982455
0 0.41254385964912277 0.5618146929824561 0.009524853801169571 0.017543859649122806
0 0.18092105263157895 0.5615405701754386 0.006030701754385965 0.01644736842105263
0 0.524031432748538 0.5634594298245613 0.007309941520467836 0.019736842105263157
0 0.18850511695906433 0.5629961622807017 0.00804093567251462 0.017373903508771958
0 0.29449926900584794 0.5630482456140351 0.010599415204678362 0.016721491228070175
0 0.2034904970760234 0.5656524122807017 0.00804093567251462 0.02138157894736842
0 0.28705226608187134 0.5648300438596491 0.010142543859649123 0.019736842105263157
0 0.5314327485380117 0.5653782894736842 0.00712719298245614 0.020285087719298246
0 0.19672880116959063 0.5657894736842106 0.006944444444444444 0.019462719298245616
0 0.31953581871345027 0.5651041666666667 0.00804093567251462 0.017543859649122806
0 0.7138157894736842 0.5659265350877194 0.012244152046783625 0.01918859649122807
0 0.467562134502924 0.5663377192982456 0.009502923976608187 0.018914473684210526
0 0.4807200292397661 0.566200657894737 0.007675438596491228 0.01918859649122807
0 0.6449195906432749 0.5664747807017544 0.00932017543859649 0.019736842105263157
0 0.39537646198830406 0.5618146929824561 0.015350877192982455 0.00932017543859649
0 0.42260599415204675 0.5662691885964912 0.006944444444444444 0.0190515350877193
0 0.41520467836257313 0.5773026315789475 0.008954678362573099 0.010142543859649123
0 0.5175438596491229 0.5674342105263157 0.007858187134502924 0.02055921052631579
0 0.5393823099415205 0.569078947368421 0.007309941520467836 0.023848684210526317
0 0.5816885964912281 0.5664747807017544 0.010782163742690058 0.018092105263157895
0 0.37856359649122806 0.5664747807017544 0.006944444444444444 0.017543859649122806
0 0.2598684210526316 0.5652412280701754 0.006396198830409356 0.013980263157894737
0 0.49588815789473684 0.5683936403508771 0.009137426900584795 0.019736842105263157
0 0.5714546783625731 0.569078947368421 0.00932017543859649 0.021107456140350877
0 0.6911549707602339 0.5625 0.01114766081871345 0.007401315789473684
0 0.6980080409356726 0.5674342105263158 0.010599415204678362 0.016721491228070175
0 0.3248355263157895 0.5689418859649124 0.008406432748538011 0.01918859649122807
0 0.33424707602339176 0.5668859649122807 0.010051169590643274 0.015076754385964912
0 0.5022843567251462 0.5675712719298246 0.008771929824561403 0.01644736842105263
0 0.16575292397660818 0.5696271929824562 0.010051169590643274 0.019462719298245616
0 0.1737938596491228 0.5708607456140351 0.008954678362573099 0.021929824561403508
0 0.44782529239766083 0.5700383771929826 0.008406432748538011 0.01918859649122807
0 0.45074926900584794 0.5904605263157895 0.008771929824561403 0.022203947368421052
0 0.45285087719298245 0.5686677631578948 0.00712719298245614 0.017543859649122806
0 0.5963084795321637 0.5699013157894738 0.00712719298245614 0.018914473684210526
0 0.22505482456140352 0.5712719298245613 0.01023391812865497 0.02055921052631579
0 0.21546052631578946 0.5762061403508771 0.01114766081871345 0.021107456140350877
0 0.36211622807017546 0.5679824561403508 0.007675438596491228 0.011787280701754386
0 0.37107090643274854 0.5696271929824561 0.00804093567251462 0.01617324561403509
0 0.42690058479532167 0.5701754385964912 0.00932017543859649 0.01617324561403509
0 0.23638523391812866 0.5696614583333334 0.006578947368421052 0.018297697368421052
0 0.24661915204678364 0.5723684210526316 0.00804093567251462 0.019462719298245616
0 0.3898711622807018 0.5677083333333334 0.0167671783625731 0.010142543859649123
0 0.3837719298245614 0.5760690789473685 0.015533625730994151 0.009868421052631578
0 0.37180190058479534 0.5853892543859649 0.008771929824561403 0.020285087719298246
0 0.5472404970760234 0.573327850877193 0.009502923976608187 0.02138157894736842
0 0.6620065789473685 0.5729166666666666 0.008771929824561403 0.02055921052631579
0 0.2538377192982456 0.5721970942982456 0.008589181286549707 0.02035361842105263
0 0.3536184210526316 0.5690789473684211 0.00932017543859649 0.011239035087719298
0 0.7368421052631579 0.5745614035087719 0.008589181286549707 0.02275219298245614
0 0.30957602339181284 0.5733278508771931 0.010782163742690058 0.01864035087719298
0 0.7081505847953217 0.5726425438596492 0.006396198830409356 0.017269736842105265
0 0.43302266081871343 0.5745614035087719 0.0062134502923976605 0.019462719298245616
0 0.4438048245614035 0.575657894736842 0.006944444444444444 0.021107456140350877
0 0.6182383040935673 0.5755208333333333 0.01114766081871345 0.02138157894736842
0 0.6876827485380117 0.5731907894736842 0.01114766081871345 0.015625
0 0.2780062134502924 0.5744243421052632 0.009594298245614035 0.01644736842105263
0 0.5899122807017544 0.575109649122807 0.006396198830409356 0.01836622807017544
0 0.26832054093567254 0.5746984649122807 0.008863304093567252 0.018092105263157895
0 0.26260964912280704 0.5852521929824561 0.005665204678362573 0.005208333333333333
0 0.2574013157894737 0.5916940789473684 0.007675438596491228 0.01206140350877193
0 0.4071637426900585 0.5737390350877193 0.00932017543859649 0.013980263157894737
0 0.5622258771929824 0.5764802631578948 0.008771929824561403 0.018914473684210526
0 0.20714546783625729 0.5759320175438597 0.012792397660818713 0.017269736842105265
0 0.34228801169590645 0.5764802631578948 0.007492690058479532 0.018914473684210526
0 0.3436129385964912 0.5896381578947368 0.011970029239766082 0.00849780701754386
0 0.3454861111111111 0.600328947368421 0.009137426900584795 0.014528508771929825
0 0.22761330409356725 0.5778508771929824 0.010964912280701754 0.02055921052631579
0 0.5515350877192982 0.578125 0.011878654970760233 0.0200109649122807
0 0.8409173976608187 0.5756578947368421 0.015716374269005847 0.01617324561403509
0 0.4382309941520468 0.5738760964912281 0.004568713450292397 0.010964912280701754
0 0.440515350877193 0.5860745614035088 0.008771929824561403 0.015625
0 0.6298428362573099 0.5731907894736842 0.013523391812865496 0.009594298245614035
0 0.635873538011696 0.576891447368421 0.01023391812865497 0.01644736842105263
0 0.6699561403508772 0.5792214912280701 0.009685672514619883 0.021655701754385966
0 0.35005482456140347 0.5767543859649122 0.010599415204678362 0.01617324561403509
0 0.8568165204678363 0.5807291666666666 0.010964912280701754 0.023026315789473683
0 0.18485014619883042 0.5766173245614035 0.007675438596491228 0.014802631578947368
0 0.8117004751461988 0.5824081688596491 0.01402595029239766 0.02528782894736842
0 0.2939967105263158 0.5786732456140351 0.009594298245614035 0.01781798245614035
0 0.3009868421052631 0.5773026315789473 0.010051169590643274 0.015076754385964912
0 0.5127010233918129 0.5796326754385964 0.006578947368421052 0.019736842105263157
0 0.730171783625731 0.5788103070175439 0.0062134502923976605 0.017543859649122806
0 0.13364583333333332 0.5805564692982456 0.011991959064327486 0.022341008771929825
0 0.45860745614035087 0.5792214912280702 0.007675438596491228 0.01781798245614035
0 0.6066566154970761 0.579547697368421 0.014574195906432748 0.02100328947368418
0 0.7034904970760234 0.5816885964912281 0.008406432748538011 0.022203947368421052
0 0.17790570175438597 0.580592105263158 0.009502923976608187 0.01836622807017544
0 0.2595029239766082 0.5777138157894737 0.013706140350877192 0.01206140350877193
0 0.25147295321637425 0.5886101973684211 0.01624269005847955 0.010827850877192983
0 0.6462902046783626 0.5786732456140351 0.010599415204678362 0.013980263157894737
0 0.7449744152046783 0.5801809210526316 0.007309941520467836 0.01699561403508772
0 0.763797514619883 0.5815515350877193 0.007675438596491228 0.020285087719298246
0 0.14543402777777778 0.5788952850877193 0.015875365497076025 0.013810307017543889
0 0.40305190058479534 0.5782620614035088 0.007675438596491228 0.01206140350877193
0 0.5359100877192983 0.5822368421052632 0.008771929824561403 0.0200109649122807
0 0.8883863304093567 0.5814144736842106 0.013797514619883041 0.018914473684210526
0 0.4839290935672515 0.5812253289473683 0.008976608187134484 0.017648026315789503
0 0.6573464912280702 0.5825109649122807 0.014071637426900584 0.01836622807017544
0 0.6790021929824561 0.5804550438596491 0.009137426900584795 0.014802631578947368
0 0.6780884502923977 0.588952850877193 0.010964912280701754 0.020285087719298246
0 0.7223135964912282 0.5855263157894737 0.011695906432748537 0.024396929824561403
0 0.7858187134502924 0.5831962719298246 0.01114766081871345 0.01918859649122807
0 0.31313961988304095 0.581140350877193 0.009137426900584795 0.01343201754385965
0 0.4286366959064328 0.5801809210526316 0.0043859649122807015 0.011513157894736841
0 0.42278874269005845 0.5888157894736842 0.009868421052631578 0.017269736842105265
0 0.4662828947368421 0.581140350877193 0.009868421052631578 0.013980263157894737
0 0.575109649122807 0.5840186403508772 0.008589181286549707 0.01918859649122807
0 0.9104760599415205 0.5840186403508771 0.013386330409356726 0.019736842105263157
0 0.3345211988304093 0.5823739035087719 0.006578947368421052 0.015350877192982455
0 0.36348684210526316 0.5804550438596492 0.011878654970760233 0.010416666666666666
0 0.3927266081871345 0.578125 0.009685672514619883 0.006853070175438596
0 0.4755116959064327 0.5816885964912281 0.006761695906432748 0.015625
0 0.5211074561403508 0.5830592105263158 0.011695906432748537 0.016721491228070175
0 0.8235562865497076 0.584155701754386 0.009137426900584795 0.018914473684210526
0 0.8675986842105263 0.5852521929824561 0.01023391812865497 0.0200109649122807
0 0.7575840643274854 0.5862116228070176 0.00804093567251462 0.02138157894736842
0 0.18987573099415206 0.5845668859649124 0.014437134502923976 0.01699561403508772
0 0.1915204678362573 0.594983552631579 0.018092105263157895 0.006578947368421052
0 0.2870065789473684 0.5840186403508772 0.008406432748538011 0.015899122807017545
0 0.31606359649122806 0.5844298245614036 0.011330409356725146 0.016721491228070175
0 0.500639619883041 0.5820997807017544 0.009502923976608187 0.01206140350877193
0 0.2290752923976608 0.5842927631578947 0.011330409356725146 0.015899122807017545
0 0.7776864035087719 0.5867598684210525 0.006578947368421052 0.020285087719298246
0 0.16072733918128654 0.5870339912280701 0.007675438596491228 0.020285087719298246
0 0.6426352339181287 0.5851151315789473 0.010599415204678362 0.01425438596491228
0 0.6884137426900585 0.5867598684210527 0.007858187134502924 0.018092105263157895
0 0.3561769005847953 0.5855263157894737 0.010782163742690058 0.015076754385964912
0 0.35462353801169594 0.5942982456140351 0.008406432748538011 0.019462719298245616
0 0.7481725146198831 0.5862116228070176 0.010051169590643274 0.015899122807017545
0 0.8526133040935673 0.5899122807017544 0.008406432748538011 0.023300438596491228
0 0.3989400584795322 0.5849780701754386 0.005665204678362573 0.012335526315789474
0 0.4192251461988304 0.5823739035087719 0.006761695906432748 0.00712719298245614
0 0.6047149122807017 0.588952850877193 0.0133406432748538 0.019736842105263157
0 0.6936220760233918 0.5903234649122807 0.01425438596491228 0.023026315789473683
0 0.12277320906432748 0.5897066885964912 0.01117141812865497 0.021107456140350877
0 0.16895102339181287 0.5879934210526315 0.00804093567251462 0.015625
0 0.5527229532163742 0.5915570175438596 0.006944444444444444 0.02275219298245614
0 0.5626827485380116 0.587719298245614 0.011878654970760233 0.013980263157894737
0 0.590734649122807 0.5911458333333333 0.010599415204678362 0.02138157894736842
0 0.6286549707602339 0.5888157894736842 0.008223684210526315 0.016721491228070175
0 0.3751827485380117 0.591282894736842 0.012609649122807017 0.0200109649122807
0 0.7951388888888888 0.591282894736842 0.007858187134502924 0.021107456140350877
0 0.8031798245614035 0.5926535087719298 0.007858187134502924 0.023848684210526317
0 0.8350694444444444 0.5908717105263157 0.008771929824561403 0.019736842105263157
0 0.2802448830409357 0.5879934210526315 0.013157894736842105 0.012883771929824562
0 0.26736111111111116 0.588404605263158 0.0133406432748538 0.010416666666666666
0 0.5821454678362573 0.5922423245614035 0.006944444444444444 0.02138157894736842
0 0.7717470760233919 0.5922423245614035 0.009685672514619883 0.02138157894736842
0 0.8440241228070176 0.5926535087719298 0.00804093567251462 0.022203947368421052
0 0.10802722953216375 0.5915570175438597 0.00826937134502924 0.01836622807017544
0 0.7087902046783625 0.590734649122807 0.012426900584795321 0.01617324561403509
0 0.3271198830409357 0.5931839364035087 0.011878654970760233 0.020183662280701783
0 0.40780336257309946 0.5908717105263158 0.005482456140350877 0.015350877192982455
0 0.4141995614035088 0.5921052631578948 0.006578947368421052 0.01781798245614035
0 0.21765350877192982 0.591968201754386 0.009685672514619883 0.01644736842105263
0 0.19846491228070176 0.5878563596491228 0.014437134502923976 0.00712719298245614
0 0.48898940058479534 0.5932017543859649 0.007766812865497076 0.0200109649122807
0 0.5081323099415205 0.5926535087719298 0.006944444444444444 0.016721491228070175
0 0.17744883040935672 0.5919682017543859 0.013706140350877192 0.01425438596491228
0 0.5298227339181286 0.5945888157894736 0.012540204678362553 0.020043859649122777
0 0.40268640350877194 0.5922423245614035 0.004751461988304093 0.013706140350877192
0 0.4948830409356725 0.5940241228070176 0.006030701754385965 0.01781798245614035
0 0.6493055555555555 0.5929276315789473 0.012609649122807017 0.015076754385964912
0 0.1381578947368421 0.5958744517543859 0.009685672514619883 0.019599780701754384
0 0.13121345029239767 0.6108826754385965 0.005665204678362573 0.014802631578947368
0 0.1409904970760234 0.6203399122807017 0.006578947368421052 0.02055921052631579
0 0.13413742690058478 0.6243146929824561 0.010782163742690058 0.01699561403508772
0 0.3629157529239766 0.5942132675438596 0.00826937134502924 0.016551535087719327
0 0.3609283625730994 0.6121326754385965 0.010051169590643274 0.022171052631578977
0 0.43512426900584794 0.5916940789473685 0.006396198830409356 0.010964912280701754
0 0.5467836257309941 0.5964912280701754 0.012244152046783625 0.02055921052631579
0 0.7819809941520468 0.5944353070175439 0.008589181286549707 0.017543859649122806
0 0.6215277777777778 0.59375 0.014802631578947368 0.014528508771929825
0 0.6218932748538011 0.6010142543859649 0.011878654970760233 0.008771929824561403
0 0.15524488304093567 0.5916776315789474 0.005482456140350877 0.011546052631578917
0 0.29459064327485385 0.5951206140350878 0.005299707602339181 0.016721491228070175
0 0.4250045687134503 0.5944353070175439 0.01274671052631579 0.014802631578947368
0 0.7393092105263158 0.5960800438596492 0.006578947368421052 0.01864035087719298
0 0.7479897660818714 0.5973135964912281 0.015533625730994151 0.011787280701754386
0 0.7302631578947368 0.5988212719298246 0.010051169590643274 0.022478070175438597
0 0.09868421052631579 0.5963199013157895 0.010416666666666666 0.01870888157894737
0 0.27942251461988304 0.59375 0.011513157894736841 0.011787280701754386
0 0.3936293859649123 0.5944353070175439 0.00915935672514618 0.015213815789473685
0 0.46509502923976603 0.5916940789473684 0.014071637426900584 0.00712719298245614
0 0.5009137426900585 0.5969024122807017 0.006030701754385965 0.017543859649122806
0 0.6023391812865497 0.5956688596491229 0.007858187134502924 0.015625
0 0.59375 0.5958059210526315 0.008223684210526315 0.01425438596491228
0 0.5215643274853801 0.596765350877193 0.006396198830409356 0.015625
0 0.2699195906432748 0.5960800438596491 0.006396198830409356 0.012609649122807017
0 0.47953216374269003 0.5938870614035088 0.010051169590643274 0.007675438596491228
0 0.6529605263157895 0.5952576754385965 0.006761695906432748 0.010416666666666666
0 0.6576206140350878 0.596765350877193 0.007675438596491228 0.01343201754385965
0 0.20705409356725146 0.5947094298245614 0.012975146198830409 0.008223684210526315
0 0.33442982456140347 0.594983552631579 0.014437134502923976 0.008771929824561403
0 0.3338815789473684 0.6014254385964912 0.014437134502923976 0.009046052631578948
0 0.32556652046783624 0.6140350877192983 0.00804093567251462 0.02275219298245614
0 0.0848638523391813 0.5988212719298245 0.007264254385964912 0.013706140350877192
0 0.2464364035087719 0.5969024122807018 0.014985380116959063 0.010416666666666666
0 0.24396929824561403 0.6018366228070176 0.015899122807017545 0.008771929824561403
0 0.22917763157894738 0.5985471491228069 0.01226608187134501 0.01206140350877193
0 0.14884868421052633 0.6016831140350878 0.008406432748538011 0.01949561403508769
0 0.2899305555555556 0.6026589912280702 0.00804093567251462 0.01918859649122807
0 0.4623538011695907 0.5981359649122807 0.012609649122807017 0.01069078947368421
0 0.6639254385964912 0.5996436403508771 0.0133406432748538 0.013706140350877192
0 0.7167397660818714 0.6019736842105263 0.010416666666666666 0.01781798245614035
0 0.7657163742690059 0.603344298245614 0.007858187134502924 0.021107456140350877
0 0.11524305555555556 0.6006524122807017 0.006761695906432748 0.013157894736842105
0 0.10904605263157896 0.6039007675438597 0.005116959064327485 0.012883771929824562
0 0.2739400584795321 0.6043037280701754 0.006396198830409356 0.02138157894736842
0 0.31597222222222227 0.5993695175438597 0.009685672514619883 0.011513157894736841
0 0.4708516081871345 0.6022478070175439 0.0062134502923976605 0.01781798245614035
0 0.07821637426900585 0.6007401315789473 0.006030701754385965 0.013706140350877192
0 0.16218932748538012 0.6019736842105263 0.007675438596491228 0.01617324561403509
0 0.2630893640350877 0.6070449561403509 0.0068987573099415205 0.018092105263157895
0 0.38523391812865493 0.6038925438596491 0.006761695906432748 0.0200109649122807
0 0.3785809576023392 0.6074396929824561 0.0077101608187134605 0.022171052631578977
0 0.7870413011695907 0.6028645833333334 0.009937865497076044 0.019325657894736843
0 0.7934941520467836 0.6114309210526316 0.008223684210526315 0.01699561403508772
0 0.7840826023391814 0.6177357456140351 0.010964912280701754 0.01699561403508772
0 0.8566337719298245 0.6018366228070176 0.013157894736842105 0.015350877192982455
0 0.4450840643274854 0.602796052631579 0.01206140350877193 0.015625
0 0.57328216374269 0.6043037280701755 0.007858187134502924 0.01918859649122807
0 0.09094024122807018 0.6011513157894737 0.007629751461988304 0.01069078947368421
0 0.09000365497076024 0.6160910087719299 0.0062134502923976605 0.01864035087719298
0 0.3045504385964912 0.604029605263158 0.013157894736842105 0.017543859649122806
0 0.8847770467836258 0.6052631578947368 0.009137426900584795 0.02055921052631579
0 0.34904970760233917 0.6066337719298246 0.010051169590643274 0.022203947368421052
0 0.5304276315789473 0.6021107456140351 0.015716374269005847 0.013157894736842105
0 0.8247441520467836 0.6055372807017544 0.010782163742690058 0.0200109649122807
0 0.8178910818713451 0.6097861842105263 0.015350877192982455 0.011513157894736841
0 0.17827119883040937 0.6004660087719298 0.013888888888888888 0.008771929824561403
0 0.17114400584795322 0.6089638157894737 0.004751461988304093 0.014802631578947368
0 0.1653874269005848 0.6134018640350878 0.006030701754385965 0.014150219298245585
0 0.43082967836257313 0.6051096491228071 0.005116959064327485 0.019769736842105232
0 0.5118786549707602 0.6070449561403508 0.007858187134502924 0.02138157894736842
0 0.7062317251461988 0.6018366228070176 0.012792397660818713 0.010964912280701754
0 0.16260051169590642 0.6071134868421052 0.015259502923976608 0.02206688596491228
0 0.45595760233918126 0.6018366228070176 0.007492690058479532 0.009868421052631578
0 0.4628106725146199 0.6040296052631579 0.008406432748538011 0.008771929824561403
0 0.6313961988304093 0.6062225877192983 0.00712719298245614 0.01864035087719298
0 0.7593201754385964 0.6056743421052632 0.006761695906432748 0.018092105263157895
0 0.05884502923976608 0.6012883771929824 0.014071637426900584 0.007675438596491228
0 0.12874634502923976 0.6038925438596491 0.009137426900584795 0.012883771929824562
0 0.21162280701754385 0.6014254385964912 0.015533625730994151 0.00849780701754386
0 0.20047514619883042 0.6130756578947368 0.008223684210526315 0.01864035087719298
0 0.43603801169590645 0.6084155701754386 0.005665204678362573 0.022478070175438597
0 0.47770467836257313 0.6067708333333334 0.008223684210526315 0.01864035087719298
0 0.48474049707602335 0.6099232456140351 0.01023391812865497 0.02275219298245614
0 0.8749086257309941 0.6096491228070176 0.012792397660818713 0.024945175438596492
0 0.8669590643274854 0.6107456140350878 0.008954678362573099 0.023300438596491228
0 0.06880482456140351 0.6029331140350878 0.012792397660818713 0.009868421052631578
0 0.1545138888888889 0.6071820175438597 0.008771929824561403 0.018914473684210526
0 0.7989766081871346 0.6077302631578947 0.008223684210526315 0.0200109649122807
0 0.18631213450292397 0.6086896929824561 0.007675438596491228 0.020285087719298246
0 0.6369700292397661 0.6073190789473685 0.007309941520467836 0.018092105263157895
0 0.6875913742690059 0.6069078947368421 0.007675438596491228 0.017269736842105265
0 0.8403691520467836 0.6071820175438597 0.007309941520467836 0.01781798245614035
0 0.1929824561403509 0.6036184210526316 0.006396198830409356 0.009594298245614035
0 0.19691154970760233 0.6071820175438597 0.013523391812865496 0.016721491228070175
0 0.27960526315789475 0.6080043859649124 0.00712719298245614 0.01836622807017544
0 0.665204678362573 0.6064967105263158 0.012975146198830409 0.014802631578947368
0 0.13943713450292397 0.6086896929824562 0.010051169590643274 0.01864035087719298
0 0.4081341374269006 0.6044407894736842 0.014689327485380137 0.009594298245614035
0 0.6745248538011696 0.6086896929824562 0.007858187134502924 0.01864035087719298
0 0.11798702485380118 0.6060855263157894 0.0167671783625731 0.012335526315789474
0 0.4423428362573099 0.6103344298245613 0.006578947368421052 0.020285087719298246
0 0.4930555555555555 0.611156798245614 0.006030701754385965 0.021929824561403508
0 0.643640350877193 0.6077302631578947 0.008954678362573099 0.015076754385964912
0 0.3079312865497076 0.6108826754385964 0.010416666666666666 0.020833333333333332
0 0.30126096491228066 0.6228070175438597 0.0062134502923976605 0.018914473684210526
0 0.4254385964912281 0.6085868969298245 0.005665204678362573 0.0161047149122807
0 0.09722222222222221 0.6086896929824561 0.006396198830409356 0.015350877192982455
0 0.2277046783625731 0.606907894736842 0.011513157894736841 0.011787280701754386
0 0.2862298976608187 0.6096491228070176 0.007035818713450292 0.017269736842105265
0 0.6499451754385964 0.6082785087719298 0.01206140350877193 0.014528508771929825
0 0.6461074561403509 0.6207510964912281 0.009502923976608187 0.01644736842105263
0 0.7473501461988303 0.6115679824561403 0.01206140350877193 0.021107456140350877
0 0.8319627192982456 0.6095120614035088 0.01023391812865497 0.01644736842105263
0 0.7030336257309941 0.6074561403508771 0.017726608187134504 0.011787280701754386
0 0.26708698830409355 0.6117050438596492 0.0062134502923976605 0.01918859649122807
0 0.504203216374269 0.6108826754385965 0.006761695906432748 0.017543859649122806
0 0.5326206140350878 0.6124246162280702 0.009868421052631578 0.020627741228070175
0 0.540204678362573 0.6104714912280702 0.0133406432748538 0.01617324561403509
0 0.08534356725146199 0.6103344298245614 0.007492690058479532 0.015350877192982455
0 0.10224780701754385 0.6110197368421053 0.007309941520467836 0.01617324561403509
0 0.21308479532163743 0.607593201754386 0.012244152046783625 0.009868421052631578
0 0.20577485380116958 0.615953947368421 0.00712719298245614 0.016721491228070175
0 0.3690497076023392 0.6125274122807017 0.010211988304093587 0.019736842105263157
0 0.5180354532163743 0.616125274122807 0.011765350877193003 0.026932565789473683
0 0.8919956140350878 0.6133497807017544 0.00932017543859649 0.020833333333333332
0 0.17763157894736842 0.6108826754385965 0.010051169590643274 0.014802631578947368
0 0.5791758040935673 0.608826754385965 0.011239035087719298 0.011239035087719298
0 0.586531432748538 0.6096491228070176 0.01425438596491228 0.012883771929824562
0 0.6022478070175439 0.6077302631578948 0.015350877192982455 0.009046052631578948
0 0.6974141081871345 0.6103344298245614 0.013797514619883041 0.013706140350877192
0 0.7708333333333333 0.6119791666666667 0.006396198830409356 0.017543859649122806
0 0.7779605263157895 0.6134868421052632 0.007492690058479532 0.02055921052631579
0 0.3122258771929825 0.6160910087719298 0.009502923976608187 0.024671052631578948
0 0.6808296783625731 0.6138980263157894 0.010599415204678362 0.020285087719298246
0 0.7564875730994152 0.6141721491228069 0.01425438596491228 0.020833333333333332
0 0.7658077485380117 0.6229440789473685 0.006944444444444444 0.01864035087719298
0 0.24049707602339182 0.608141447368421 0.014437134502923976 0.007675438596491228
0 0.2953216374269006 0.6154057017543859 0.00712719298245614 0.021655701754385966
0 0.33241959064327486 0.614720394736842 0.008223684210526315 0.020285087719298246
0 0.33899853801169594 0.6160910087719298 0.00932017543859649 0.023574561403508772
0 0.0495248538011696 0.6112938596491228 0.015899122807017545 0.012883771929824562
0 0.0581140350877193 0.6138294956140351 0.007492690058479532 0.01493969298245614
0 0.04765168128654971 0.6188322368421053 0.012883771929824562 0.011513157894736841
0 0.06734283625730994 0.6224986293859649 0.005847953216374269 0.017201206140350877
0 0.06377923976608187 0.6183867872807017 0.006396198830409356 0.01953125
0 0.05930190058479533 0.6278782894736842 0.00804093567251462 0.014802631578947368
0 0.07083790204678363 0.6097519188596491 0.007629751461988304 0.009251644736842105
0 0.2235014619883041 0.6145833333333334 0.007858187134502924 0.019462719298245616
0 0.563733552631579 0.6128015350877193 0.009777046783625731 0.015899122807017545
0 0.5600328947368421 0.628015350877193 0.006944444444444444 0.023300438596491228
0 0.6209795321637428 0.6140350877192983 0.011513157894736841 0.01836622807017544
0 0.07903874269005848 0.6169133771929824 0.007309941520467836 0.02138157894736842
0 0.31885051169590645 0.61453125 0.008819444444444484 0.02230811403508775
0 0.41940789473684215 0.6144462719298246 0.009685672514619883 0.01699561403508772
0 0.7387609649122807 0.6158168859649122 0.007675438596491228 0.019736842105263157
0 0.7359283625730995 0.6211622807017544 0.00932017543859649 0.0200109649122807
0 0.8060809576023391 0.6152001096491228 0.012929459064327485 0.02042214912280702
0 0.254203216374269 0.6217105263157895 0.011513157894736841 0.03042763157894737
0 0.40478801169590645 0.611156798245614 0.0133406432748538 0.00712719298245614
0 0.4050968567251462 0.6212472587719298 0.008110380116959083 0.019292763157894768
0 0.4576937134502924 0.6169133771929824 0.007309941520467836 0.019736842105263157
0 0.07419590643274854 0.6181469298245613 0.007858187134502924 0.021107456140350877
0 0.3519736842105263 0.6186951754385964 0.006761695906432748 0.021655701754385966
0 0.49890350877192985 0.6185581140350876 0.007858187134502924 0.021929824561403508
0 0.46363304093567254 0.6173245614035088 0.005665204678362573 0.01781798245614035
0 0.5472861842105263 0.614720394736842 0.014345760233918129 0.013157894736842105
0 0.6653874269005848 0.6182839912280701 0.008954678362573099 0.019736842105263157
0 0.12180190058479531 0.6151315789473684 0.012426900584795321 0.012335526315789474
0 0.8546235380116959 0.6177357456140351 0.017178362573099414 0.017543859649122806
0 0.608141447368421 0.6151315789473685 0.015259502923976608 0.011239035087719298
0 0.6539656432748538 0.6197916666666666 0.007309941520467836 0.02055921052631579
0 0.718201754385965 0.6165021929824561 0.011513157894736841 0.01343201754385965
0 0.20988669590643275 0.6225328947368421 0.01023391812865497 0.023848684210526317
0 0.7261513157894737 0.6160910087719299 0.010599415204678362 0.011513157894736841
0 0.23921783625730994 0.620888157894737 0.009685672514619883 0.019462719298245616
0 0.4874817251461988 0.6175986842105263 0.005847953216374269 0.012883771929824562
0 0.5982273391812866 0.6188322368421053 0.008771929824561403 0.015899122807017545
0 0.105765716374269 0.6226699561403508 0.008863304093567252 0.021929824561403508
0 0.4706688596491228 0.6197916666666666 0.007675438596491228 0.01617324561403509
0 0.17429641812865496 0.6197916666666666 0.009046052631578948 0.015625
0 0.18622076023391815 0.6204769736842105 0.008223684210526315 0.01699561403508772
0 0.24607090643274854 0.6228070175438596 0.008771929824561403 0.02055921052631579
0 0.14756944444444445 0.6195175438596491 0.006578947368421052 0.013980263157894737
0 0.4762426900584796 0.621984649122807 0.009685672514619883 0.01836622807017544
0 0.11522295321637427 0.6191063596491228 0.013888888888888888 0.01206140350877193
0 0.12216739766081872 0.6339089912280702 0.006944444444444444 0.01864035087719298
0 0.21564327485380116 0.6215734649122807 0.00712719298245614 0.01644736842105263
0 0.45321637426900585 0.6230811403508772 0.007492690058479532 0.019462719298245616
0 0.22934941520467836 0.6195175438596492 0.003837719298245614 0.011239035087719298
0 0.23474049707602337 0.6245888157894737 0.007309941520467836 0.02138157894736842
0 0.41072733918128657 0.6240405701754386 0.00804093567251462 0.020833333333333332
0 0.5256761695906432 0.6254111842105263 0.007675438596491228 0.023026315789473683
0 0.8179824561403508 0.6208881578947368 0.012975146198830409 0.014528508771929825
0 0.09320175438596491 0.6251370614035088 0.00932017543859649 0.02138157894736842
0 0.5528143274853802 0.6248629385964912 0.008223684210526315 0.020833333333333332
0 0.6585343567251462 0.6221217105263158 0.004751461988304093 0.015899122807017545
0 0.7112573099415205 0.6207510964912281 0.013706140350877192 0.012609649122807017
0 0.1913377192982456 0.6256853070175439 0.008954678362573099 0.02138157894736842
0 0.42735745614035087 0.6248629385964912 0.006944444444444444 0.020285087719298246
0 0.5463614766081871 0.6225671600877193 0.01322733918128657 0.01884594298245614
0 0.5371664839181287 0.6283059210526316 0.009457236842105263 0.015317982456140381
0 0.5684393274853802 0.6265076754385965 0.00804093567251462 0.023574561403508772
0 0.5772112573099415 0.6186951754385965 0.009502923976608187 0.007949561403508772
0 0.5933845029239766 0.6237664473684211 0.012244152046783625 0.018092105263157895
0 0.8471308479532164 0.624451754385965 0.009502923976608187 0.019462719298245616
0 0.8859649122807017 0.6247258771929826 0.008589181286549707 0.019462719298245616
0 0.6969115497076023 0.6239035087719298 0.01206140350877193 0.017269736842105265
0 0.7008406432748538 0.6228070175438596 0.009685672514619883 0.012335526315789474
0 0.08104897660818713 0.6263706140350876 0.013523391812865496 0.02055921052631579
0 0.8409173976608187 0.6256853070175439 0.008406432748538011 0.01699561403508772
0 0.8286732456140351 0.623218201754386 0.01608187134502924 0.00932017543859649
0 0.821546052631579 0.6322642543859649 0.01023391812865497 0.013706140350877192
0 0.8536641081871346 0.6239720394736842 0.010873538011695907 0.014391447368421052
0 0.9066154970760234 0.6266447368421052 0.008954678362573099 0.0200109649122807
0 0.5807063230994152 0.6256688596491228 0.012015716374269006 0.016962719298245645
0 0.6397112573099415 0.6234923245614035 0.01608187134502924 0.013157894736842105
0 0.9233369883040936 0.6230811403508771 0.017178362573099414 0.012335526315789474
0 0.6891447368421052 0.6254111842105263 0.006396198830409356 0.015350877192982455
0 0.036366959064327485 0.6217105263157895 0.008954678362573099 0.007401315789473684
0 0.16401681286549707 0.6305852521929824 0.010964912280701754 0.02528782894736842
0 0.670138888888889 0.624451754385965 0.010782163742690058 0.011239035087719298
0 0.7107547514619883 0.6265076754385965 0.01069078947368421 0.015899122807017545
0 0.09740497076023392 0.6307565789473684 0.008954678362573099 0.02275219298245614
0 0.3742690058479532 0.6244517543859649 0.017726608187134504 0.010142543859649123
0 0.7931286549707602 0.625 0.01516812865497076 0.011787280701754386
0 0.05235745614035088 0.6296600877192982 0.008406432748538011 0.0200109649122807
0 0.34475511695906436 0.6291118421052632 0.008406432748538011 0.018914473684210526
0 0.4317434210526316 0.6297971491228069 0.0062134502923976605 0.019736842105263157
0 0.5057565789473684 0.6304824561403508 0.007309941520467836 0.021655701754385966
0 0.5015533625730995 0.6430921052631579 0.007309941520467836 0.024396929824561403
0 0.6072733918128655 0.6236293859649122 0.009685672514619883 0.007949561403508772
0 0.4449926900584795 0.6304824561403508 0.008589181286549707 0.02055921052631579
0 0.7735745614035088 0.6317160087719298 0.00712719298245614 0.022478070175438597
0 0.8991228070175439 0.6267817982456141 0.006030701754385965 0.010416666666666666
0 0.1137609649122807 0.6333607456140351 0.009868421052631578 0.021929824561403508
0 0.12810672514619884 0.6324013157894737 0.008223684210526315 0.02055921052631579
0 0.19618055555555555 0.6318530701754386 0.012792397660818713 0.0200109649122807
0 0.355171783625731 0.6321271929824561 0.015350877192982455 0.02055921052631579
0 0.6166849415204678 0.6303453947368421 0.01023391812865497 0.015899122807017545
0 0.10718201754385964 0.6317845394736843 0.009502923976608187 0.018229166666666668
0 0.391812865497076 0.6324013157894738 0.01114766081871345 0.019462719298245616
0 0.8104897660818714 0.6314418859649124 0.010782163742690058 0.018092105263157895
0 0.8088450292397661 0.6385690789473685 0.01114766081871345 0.025219298245614034
0 0.2937682748538012 0.6311677631578947 0.007675438596491228 0.015899122807017545
0 0.4643640350877193 0.630345394736842 0.010416666666666666 0.013706140350877192
0 0.4950657894736842 0.6324013157894737 0.00712719298245614 0.017269736842105265
0 0.7203033625730993 0.6277412280701754 0.006578947368421052 0.007949561403508772
0 0.7224049707602339 0.6426809210526316 0.00932017543859649 0.02412280701754386
0 0.7545687134502923 0.6347313596491228 0.012244152046783625 0.021929824561403508
0 0.8639437134502924 0.6354166666666666 0.008406432748538011 0.023300438596491228
0 0.8662280701754387 0.6451480263157894 0.010416666666666666 0.020285087719298246
0 0.4174890350877193 0.6332236842105263 0.011695906432748537 0.01781798245614035
0 0.04322002923976608 0.6318530701754386 0.01206140350877193 0.014528508771929825
0 0.15570175438596492 0.6343201754385965 0.009685672514619883 0.018914473684210526
0 0.49104532163742687 0.6356907894736842 0.010416666666666666 0.021107456140350877
0 0.2730263157894737 0.6374725877192983 0.012244152046783625 0.023574561403508772
0 0.6403508771929824 0.6344572368421053 0.010416666666666666 0.018092105263157895
0 0.8900767543859649 0.6330866228070176 0.011695906432748537 0.015899122807017545
0 0.1437317251461988 0.6355537280701754 0.012792397660818713 0.019736842105263157
0 0.7303545321637427 0.6362390350877193 0.009137426900584795 0.02055921052631579
0 0.7414108187134503 0.6343201754385965 0.014071637426900584 0.015625
0 0.725328947368421 0.6332236842105263 0.005299707602339181 0.012883771929824562
0 0.7810672514619883 0.6350054824561404 0.01114766081871345 0.018092105263157895
0 0.3342580409356725 0.6307565789473685 0.01587719298245616 0.009046052631578948
0 0.036366959064327485 0.6328125 0.010782163742690058 0.01206140350877193
0 0.2671783625730994 0.6306195175438597 0.007858187134502924 0.007675438596491228
0 0.5904605263157895 0.6356907894736842 0.012975146198830409 0.016721491228070175
0 0.6126644736842105 0.6363760964912281 0.01608187134502924 0.018092105263157895
0 0.8783808479532164 0.6329495614035088 0.006944444444444444 0.01069078947368421
0 0.47295321637426896 0.6348684210526315 0.010051169590643274 0.013980263157894737
0 0.8307748538011696 0.6355537280701754 0.0133406432748538 0.015350877192982455
0 0.9121893274853802 0.6382949561403508 0.010964912280701754 0.020833333333333332
0 0.9169407894736842 0.6565241228070176 0.00804093567251462 0.015076754385964912
0 0.37207602339181284 0.634046052631579 0.018092105263157895 0.011239035087719298
0 0.37929459064327486 0.6355537280701754 0.01206140350877193 0.013706140350877192
0 0.44142909356725146 0.6365131578947368 0.005482456140350877 0.014528508771929825
0 0.4874817251461988 0.6391173245614035 0.01023391812865497 0.020285087719298246
0 0.7882858187134504 0.6359649122807017 0.010599415204678362 0.013980263157894737
0 0.8765533625730995 0.6439144736842105 0.01608187134502924 0.029331140350877194
0 0.9263523391812866 0.6371984649122807 0.015533625730994151 0.015899122807017545
0 0.9397843567251463 0.6483347039473685 0.011330409356725146 0.022683662280701754
0 0.18000730994152048 0.6337719298245614 0.012609649122807017 0.007949561403508772
0 0.6363651315789474 0.6395805921052632 0.015968567251462007 0.0201151315789474
0 0.1699561403508772 0.6395285087719299 0.00712719298245614 0.018914473684210526
0 0.2189327485380117 0.6408991228070176 0.009685672514619883 0.021655701754385966
0 0.5733963815789473 0.6402658991228071 0.009548611111111112 0.019841008771929854
0 0.8559027777777778 0.6410361842105262 0.007675438596491228 0.020285087719298246
0 0.953125 0.6413103070175438 0.012792397660818713 0.020833333333333332
0 0.9614400584795322 0.6407620614035088 0.010051169590643274 0.01864035087719298
0 0.9713084795321638 0.6495339912280701 0.011513157894736841 0.020833333333333332
0 0.9671966374269007 0.6576891447368421 0.01827485380116959 0.019325657894736843
0 0.45997807017543857 0.6403508771929824 0.006761695906432748 0.01781798245614035
0 0.5105080409356725 0.6421326754385964 0.006944444444444444 0.021929824561403508
0 0.607638888888889 0.6413623903508772 0.01882309941520468 0.020389254385964943
0 0.4236111111111111 0.6417214912280702 0.006396198830409356 0.019462719298245616
0 0.43686038011695905 0.6413103070175439 0.005847953216374269 0.01918859649122807
0 0.6530519005847953 0.6432291666666666 0.006944444444444444 0.023026315789473683
0 0.6795504385964912 0.642406798245614 0.012792397660818713 0.020833333333333332
0 0.7987938596491229 0.638157894736842 0.015899122807017545 0.012335526315789474
0 0.8332419590643275 0.6419956140350876 0.010599415204678362 0.0200109649122807
0 0.48008040935672514 0.6389802631578947 0.004568713450292397 0.01343201754385965
0 0.5399305555555556 0.6422697368421053 0.00804093567251462 0.019462719298245616
0 0.7010233918128654 0.641858552631579 0.011878654970760233 0.01864035087719298
0 0.8404605263157895 0.6411732456140351 0.006761695906432748 0.017269736842105265
0 0.8414656432748538 0.6603618421052632 0.008771929824561403 0.0200109649122807
0 0.9094480994152047 0.6451480263157895 0.009137426900584795 0.010964912280701754
0 0.6466557017543859 0.6444106359649122 0.005116959064327485 0.02319627192982453
0 0.7695540935672515 0.6419956140350878 0.01114766081871345 0.01836622807017544
0 0.31661184210526316 0.6447368421052632 0.007309941520467836 0.022203947368421052
0 0.5521747076023391 0.6411732456140351 0.013523391812865496 0.015076754385964912
0 0.7510051169590644 0.6447368421052632 0.009868421052631578 0.02275219298245614
0 0.5338084795321637 0.6426809210526316 0.006761695906432748 0.01699561403508772
0 0.8485014619883041 0.6419956140350878 0.008223684210526315 0.01617324561403509
0 0.26224415204678364 0.640076754385965 0.0133406432748538 0.011239035087719298
0 0.2760416666666667 0.6435032894736843 0.00804093567251462 0.017543859649122806
0 0.3627558479532164 0.643092105263158 0.008954678362573099 0.016721491228070175
0 0.6854897660818713 0.6422697368421052 0.012244152046783625 0.014528508771929825
0 0.6814126461988305 0.6533717105263158 0.007240497076023372 0.011513157894736841
0 0.6858552631578947 0.6629660087719298 0.006396198830409356 0.013706140350877192
0 0.29970760233918126 0.6437774122807017 0.006396198830409356 0.01699561403508772
0 0.3923611111111111 0.6441885964912281 0.010782163742690058 0.01781798245614035
0 0.45148026315789475 0.6451480263157894 0.007675438596491228 0.019736842105263157
0 0.5193713450292398 0.6435032894736842 0.012609649122807017 0.01699561403508772
0 0.7163742690058479 0.6469298245614035 0.011878654970760233 0.023300438596491228
0 0.133406432748538 0.6439144736842105 0.009685672514619883 0.016721491228070175
0 0.20833333333333334 0.6398026315789473 0.010051169590643274 0.00849780701754386
0 0.2807931286549708 0.6461074561403508 0.009502923976608187 0.021107456140350877
0 0.2920321637426901 0.643640350877193 0.008223684210526315 0.01617324561403509
0 0.2850877192982456 0.6514528508771931 0.00932017543859649 0.025767543859649123
0 0.4671966374269006 0.6463815789473684 0.007309941520467836 0.021107456140350877
0 0.662280701754386 0.6480263157894737 0.011513157894736841 0.024945175438596492
0 0.14610745614035087 0.6452850877192983 0.006944444444444444 0.01836622807017544
0 0.19846491228070173 0.6432291666666666 0.00712719298245614 0.013706140350877192
0 0.2012061403508772 0.6522752192982456 0.007492690058479532 0.01206140350877193
0 0.3340643274853801 0.6484375 0.008954678362573099 0.02412280701754386
0 0.7122624269005848 0.6483004385964912 0.010599415204678362 0.023848684210526317
0 0.25301535087719296 0.6478892543859649 0.006578947368421052 0.021929824561403508
0 0.24671052631578946 0.6459703947368421 0.006030701754385965 0.017543859649122806
0 0.6712701023391813 0.646296600877193 0.008293128654970781 0.018536184210526285
0 0.3421966374269006 0.6477521929824562 0.009137426900584795 0.019462719298245616
0 0.18283991228070176 0.6485745614035088 0.008406432748538011 0.0200109649122807
0 0.31030701754385964 0.6483004385964912 0.008223684210526315 0.0200109649122807
0 0.8193530701754386 0.6467927631578948 0.00804093567251462 0.01644736842105263
0 0.4269919590643275 0.6484375 0.005116959064327485 0.018092105263157895
0 0.52640716374269 0.6484375 0.008406432748538011 0.017543859649122806
0 0.5251279239766081 0.6654331140350878 0.006578947368421052 0.01644736842105263
0 0.5676169590643275 0.6511622807017544 0.007858187134502924 0.02525219298245611
0 0.6951754385964912 0.643640350877193 0.010051169590643274 0.00849780701754386
0 0.6891447368421052 0.653782894736842 0.006761695906432748 0.022203947368421052
0 0.7869152046783626 0.6467927631578947 0.017361111111111112 0.01425438596491228
0 0.3545321637426901 0.6513157894736842 0.008589181286549707 0.022203947368421052
0 0.3601059941520468 0.6521381578947368 0.005116959064327485 0.017269736842105265
0 0.3724415204678363 0.6466557017543859 0.009685672514619883 0.012883771929824562
0 0.37938596491228066 0.6483004385964912 0.010051169590643274 0.016721491228070175
0 0.41566154970760233 0.6513157894736842 0.00804093567251462 0.02275219298245614
0 0.4315606725146199 0.6504934210526315 0.007309941520467836 0.021107456140350877
0 0.19033260233918128 0.6502192982456141 0.006944444444444444 0.018914473684210526
0 0.23336988304093567 0.6484375 0.022112573099415205 0.015899122807017545
0 0.22359283625730994 0.6585800438596491 0.006944444444444444 0.015350877192982455
0 0.45741959064327486 0.6511787280701754 0.006761695906432748 0.020833333333333332
0 0.17023026315789475 0.6524122807017544 0.015350877192982455 0.022203947368421052
0 0.5966739766081872 0.6463815789473685 0.010051169590643274 0.010142543859649123
0 0.7386695906432749 0.6487116228070176 0.007492690058479532 0.014802631578947368
0 0.20614035087719298 0.6485745614035088 0.007858187134502924 0.012335526315789474
0 0.7473501461988304 0.6510416666666667 0.01023391812865497 0.01836622807017544
0 0.8865131578947368 0.6520010964912282 0.007858187134502924 0.01918859649122807
0 0.5593019005847953 0.6539199561403508 0.007309941520467836 0.022478070175438597
0 0.6295230263157895 0.6470326206140351 0.01800073099415205 0.01103344298245614
0 0.4083516081871345 0.6554276315789473 0.010964912280701754 0.023848684210526317
0 0.4776133040935673 0.6543311403508771 0.00804093567251462 0.021655701754385966
0 0.55171783625731 0.6522752192982456 0.007492690058479532 0.018092105263157895
0 0.5464181286549707 0.6578947368421052 0.006396198830409356 0.02768640350877193
0 0.8254751461988304 0.6547423245614035 0.007492690058479532 0.022478070175438597
0 0.09091739766081872 0.649328399122807 0.012792397660818713 0.01000548245614035
0 0.4459978070175439 0.6567982456140351 0.009502923976608187 0.02549342105263158
0 0.43448464912280704 0.6600877192982456 0.01206140350877193 0.017269736842105265
0 0.44234283625730997 0.6632401315789473 0.00804093567251462 0.01644736842105263
0 0.2588633040935672 0.6559758771929824 0.007675438596491228 0.02275219298245614
0 0.7988852339181287 0.6517269736842105 0.01644736842105263 0.013157894736842105
0 0.4864766081871345 0.650904605263158 0.012609649122807017 0.010964912280701754
0 0.5899351242690059 0.6569353070175439 0.010370979532163743 0.02631578947368421
0 0.6977339181286549 0.6558388157894737 0.011878654970760233 0.020285087719298246
0 0.7338267543859649 0.6555646929824562 0.01206140350877193 0.01918859649122807
0 0.34923245614035087 0.6563870614035088 0.008954678362573099 0.020285087719298246
0 0.5193713450292398 0.6540570175438597 0.00932017543859649 0.015625
0 0.133406432748538 0.656798245614035 0.0133406432748538 0.02055921052631579
0 0.3715277777777778 0.6577576754385964 0.007858187134502924 0.021929824561403508
0 0.15908260233918128 0.6578947368421052 0.012426900584795321 0.021107456140350877
0 0.23748172514619884 0.6569353070175438 0.011330409356725146 0.019736842105263157
0 0.7617872807017544 0.6513157894736842 0.008771929824561403 0.007949561403508772
0 0.7583150584795322 0.6600191885964912 0.01608187134502924 0.009731359649122808
0 0.7685489766081871 0.6603618421052632 0.004751461988304093 0.009594298245614035
0 0.7661732456140351 0.6737938596491228 0.006578947368421052 0.02055921052631579
0 0.5334429824561403 0.6561129385964912 0.007492690058479532 0.01644736842105263
0 0.540296052631579 0.6643366228070176 0.00804093567251462 0.022478070175438597
0 0.5327119883040936 0.6665296052631579 0.010782163742690058 0.023026315789473683
0 0.1379751461988304 0.6578947368421053 0.012975146198830409 0.018914473684210526
0 0.23181652046783624 0.659265350877193 0.010964912280701754 0.021107456140350877
0 0.3060124269005848 0.6541940789473685 0.008406432748538011 0.010964912280701754
0 0.3926352339181286 0.6578947368421053 0.009868421052631578 0.018914473684210526
0 0.5835160818713451 0.658203125 0.009685672514619883 0.020490679824561403
0 0.6037097953216374 0.6577576754385965 0.00804093567251462 0.01864035087719298
0 0.6560900950292398 0.6606359649122807 0.01183296783625731 0.024945175438596492
0 0.2919407894736842 0.6559758771929824 0.0062134502923976605 0.013980263157894737
0 0.5057565789473684 0.6577576754385965 0.0062134502923976605 0.018092105263157895
0 0.5002741228070176 0.662280701754386 0.01023391812865497 0.019462719298245616
0 0.4912280701754386 0.6620065789473685 0.007858187134502924 0.017269736842105265
0 0.8476790935672515 0.6584429824561404 0.009502923976608187 0.01836622807017544
0 0.19736842105263155 0.6581688596491229 0.008954678362573099 0.015625
0 0.6370614035087719 0.6596765350877194 0.011513157894736841 0.01918859649122807
0 0.908077485380117 0.6583059210526315 0.01114766081871345 0.015350877192982455
0 0.15177266081871343 0.662828947368421 0.008771929824561403 0.023300438596491228
0 0.4236111111111111 0.6610471491228069 0.010782163742690058 0.019736842105263157
0 0.5716374269005848 0.662828947368421 0.010416666666666666 0.02275219298245614
0 0.36604532163742687 0.6600877192982456 0.006030701754385965 0.015625
0 0.7994334795321637 0.6596765350877193 0.013523391812865496 0.014802631578947368
0 0.8350694444444444 0.6625548245614035 0.012426900584795321 0.02055921052631579
0 0.26516812865497075 0.6615953947368421 0.007492690058479532 0.017543859649122806
0 0.5975877192982456 0.662828947368421 0.008589181286549707 0.02055921052631579
0 0.6783625730994152 0.6615953947368421 0.006761695906432748 0.017543859649122806
0 0.6801900584795322 0.6769462719298245 0.010782163742690058 0.020833333333333332
0 0.2101608187134503 0.658717105263158 0.015533625730994151 0.01069078947368421
0 0.24588815789473684 0.6585800438596492 0.009502923976608187 0.010964912280701754
0 0.2359283625730994 0.6699561403508772 0.011878654970760233 0.016721491228070175
0 0.3020833333333333 0.6596765350877193 0.010051169590643274 0.013157894736842105
0 0.5622258771929824 0.6609100877192983 0.004751461988304093 0.015625
0 0.627467105263158 0.6670778508771931 0.009137426900584795 0.025767543859649123
0 0.7735745614035088 0.6647478070175439 0.007858187134502924 0.021107456140350877
0 0.48391812865497075 0.6625548245614035 0.010051169590643274 0.015076754385964912
0 0.6110197368421052 0.6654331140350876 0.006944444444444444 0.020833333333333332
0 0.803545321637427 0.6629660087719298 0.010782163742690058 0.015899122807017545
0 0.8100328947368421 0.6674890350877193 0.008406432748538011 0.024945175438596492
0 0.6723318713450293 0.6680372807017544 0.007492690058479532 0.02549342105263158
0 0.8174342105263158 0.6654331140350876 0.008589181286549707 0.020285087719298246
0 0.2919407894736842 0.6681743421052632 0.010964912280701754 0.024671052631578948
0 0.8584612573099416 0.6699561403508771 0.011330409356725146 0.02768640350877193
0 0.3191703216374269 0.6614583333333334 0.009137426900584795 0.010142543859649123
0 0.3139163011695907 0.6674890350877193 0.012883771929824562 0.01343201754385965
0 0.6998355263157895 0.6654331140350878 0.01023391812865497 0.01699561403508772
0 0.2459795321637427 0.6696820175438597 0.011878654970760233 0.024396929824561403
0 0.2730263157894737 0.6689967105263158 0.013706140350877192 0.022478070175438597
0 0.28554459064327486 0.6651589912280702 0.007309941520467836 0.015350877192982455
0 0.5085891812865496 0.6691337719298246 0.011878654970760233 0.02275219298245614
0 0.22149122807017543 0.6688596491228069 0.010051169590643274 0.021107456140350877
0 0.14163011695906433 0.6709155701754386 0.012244152046783625 0.023026315789473683
0 0.13445723684210528 0.6720120614035088 0.014345760233918129 0.02138157894736842
0 0.5506898757309941 0.6691337719298246 0.008452119883040937 0.019462719298245616
0 0.5558296783625731 0.6742050438596491 0.009137426900584795 0.015899122807017545
0 0.3253837719298246 0.668859649122807 0.013157894736842105 0.01836622807017544
0 0.4171235380116959 0.6684484649122807 0.00804093567251462 0.017543859649122806
0 0.5809576023391813 0.668859649122807 0.006396198830409356 0.01836622807017544
0 0.606359649122807 0.6695449561403509 0.006030701754385965 0.01918859649122807
0 0.7129934210526316 0.6641995614035088 0.017178362573099414 0.009046052631578948
0 0.17059576023391815 0.6716008771929824 0.01023391812865497 0.022203947368421052
0 0.21043494152046785 0.670641447368421 0.010599415204678362 0.020833333333333332
0 0.5197368421052632 0.6707785087719298 0.007858187134502924 0.021107456140350877
0 0.6591849415204679 0.6735197368421053 0.011125730994152067 0.024945175438596492
0 0.5747441520467836 0.6713267543859649 0.008223684210526315 0.0200109649122807
0 0.19069809941520466 0.671875 0.009137426900584795 0.019462719298245616
0 0.6681286549707602 0.6729714912280702 0.00712719298245614 0.022203947368421052
0 0.7558479532163743 0.6721491228070174 0.008223684210526315 0.0200109649122807
0 0.25009137426900585 0.6732456140350876 0.010599415204678362 0.021655701754385966
0 0.25484283625730997 0.6796875 0.008406432748538011 0.02631578947368421
0 0.30007309941520466 0.6739309210526315 0.006030701754385965 0.022478070175438597
0 0.8214546783625731 0.6707785087719298 0.008223684210526315 0.01617324561403509
0 0.8970211988304093 0.6713267543859649 0.01644736842105263 0.016721491228070175
0 0.7342836257309941 0.6758497807017544 0.007858187134502924 0.023574561403508772
0 0.7493603801169592 0.6759868421052632 0.010599415204678362 0.023848684210526317
0 0.7828033625730995 0.6759868421052632 0.01023391812865497 0.023300438596491228
0 0.20166301169590645 0.6724232456140351 0.01206140350877193 0.015076754385964912
0 0.7413194444444444 0.6758497807017544 0.006578947368421052 0.022478070175438597
0 0.7597770467836257 0.674890350877193 0.0062134502923976605 0.0200109649122807
0 0.7953216374269007 0.6776315789473685 0.009685672514619883 0.026041666666666668
0 0.1762609649122807 0.6751644736842105 0.009137426900584795 0.0200109649122807
0 0.2182017543859649 0.6757127192982456 0.01114766081871345 0.02055921052631579
0 0.18530701754385967 0.6743421052631579 0.006396198830409356 0.01617324561403509
0 0.7181103801169592 0.6722861842105263 0.010599415204678362 0.011513157894736841
0 0.7760416666666666 0.6746162280701754 0.005116959064327485 0.015625
0 0.2945906432748538 0.6762609649122807 0.006396198830409356 0.017269736842105265
0 0.30738304093567254 0.6739309210526315 0.008589181286549707 0.013157894736842105
0 0.31186038011695905 0.6736567982456141 0.01023391812865497 0.010964912280701754
0 0.3290387426900585 0.6754385964912281 0.012792397660818713 0.015625
0 0.51078216374269 0.6787280701754386 0.009685672514619883 0.02275219298245614
0 0.6885051169590644 0.6788651315789473 0.007675438596491228 0.023026315789473683
0 0.8255665204678363 0.6762609649122807 0.008406432748538011 0.01781798245614035
0 0.07136330409356725 0.678453947368421 0.013523391812865496 0.021107456140350877
0 0.0884046052631579 0.6805441337719298 0.01745248538011696 0.024739583333333332
0 0.23547149122807018 0.6772203947368421 0.010599415204678362 0.01864035087719298
0 0.585343567251462 0.6746162280701754 0.00932017543859649 0.01343201754385965
0 0.17991593567251463 0.678453947368421 0.0062134502923976605 0.0200109649122807
0 0.28289473684210525 0.6787280701754386 0.011513157894736841 0.0200109649122807
0 0.6448282163742689 0.6757127192982456 0.01206140350877193 0.014528508771929825
0 0.7060489766081871 0.6785910087719298 0.004751461988304093 0.019736842105263157
0 0.7104349415204678 0.6791392543859649 0.005482456140350877 0.019736842105263157
0 0.8317799707602339 0.6769462719298246 0.01023391812865497 0.01644736842105263
0 0.6956323099415205 0.6806469298245614 0.007309941520467836 0.023300438596491228
0 0.6389802631578948 0.6765350877192982 0.009868421052631578 0.012883771929824562
0 0.701297514619883 0.6802357456140351 0.005116959064327485 0.020833333333333332
0 0.8019005847953217 0.6807839912280702 0.006396198830409356 0.021929824561403508
0 0.07702850877192982 0.6796875 0.012426900584795321 0.017543859649122806
0 0.5935672514619883 0.6779057017543859 0.008954678362573099 0.01343201754385965
0 0.6141036184210525 0.6847587719298246 0.012198464912280702 0.026041666666666668
0 0.021747076023391813 0.6803728070175439 0.010051169590643274 0.015076754385964912
0 0.7184758771929824 0.6796875 0.009502923976608187 0.013706140350877192
0 0.8429276315789473 0.6848958333333333 0.011695906432748537 0.020833333333333332
0 0.8382675438596492 0.6862664473684211 0.010782163742690058 0.01864035087719298
0 0.14894005847953218 0.6821546052631579 0.017726608187134504 0.01206140350877193
0 0.8077485380116959 0.6866776315789473 0.008589181286549707 0.021107456140350877
0 0.7693713450292398 0.6853070175438597 0.010782163742690058 0.016721491228070175
0 0.7871893274853802 0.6847587719298246 0.009868421052631578 0.014528508771929825
0 0.27165570175438597 0.6925712719298246 0.007309941520467836 0.021929824561403508
0 0.8267543859649122 0.6929824561403509 0.011878654970760233 0.017269736842105265
0 0.934484649122807 0.6984649122807017 0.009868421052631578 0.022203947368421052
0 0.7474415204678363 0.6983278508771931 0.014802631578947368 0.018092105263157895
0 0.799296418128655 0.7050438596491229 0.016721491228070175 0.023848684210526317
0 0.2637061403508772 0.7301260964912281 0.008954678362573099 0.00712719298245614
0 0.07451571637426901 0.7417763157894737 0.009959795321637427 0.02055921052631579
0 0.3114491959064328 0.7441063596491228 0.009228801169590644 0.015350877192982455
0 0.4743466739766082 0.7436609100877194 0.00872624269005848 0.015556469298245614
0 0.2704678362573099 0.7472587719298245 0.010416666666666666 0.012883771929824562
0 0.7279788011695907 0.7593201754385965 0.007675438596491228 0.019462719298245616
0 0.8825840643274854 0.7550712719298246 0.01425438596491228 0.010964912280701754
0 0.7734831871345029 0.7578125 0.008771929824561403 0.011513157894736841
0 0.8919042397660819 0.7685032894736843 0.014985380116959063 0.009868421052631578
0 0.17210343567251463 0.7726836622807017 0.005391081871345029 0.01768092105263158
0 0.5915268640350877 0.8201918859649123 0.014862938596491215 0.022510964912280673
0 0.5839044225146198 0.8131853070175439 0.02042214912280702 0.010553728070175438
0 0.25890533625731 0.6129756030701754 0.009594298245614035 0.016110197368421047
0 0.25958333333333333 0.6031387061403509 0.015007309941520448 0.017406798245614034
0 0.23809301900584795 0.5819983552631579 0.009925073099415194 0.017132675438596492
0 0.23716191520467836 0.589235197368421 0.018044590643274815 0.01859100877192987
0 0.3048245614035088 0.5903577302631579 0.00945906432748542 0.016378837719298246
0 0.2999131944444444 0.5924136513157895 0.006807383040935673 0.018434758771929825
0 0.3213633040935673 0.5895696271929824 0.01251827485380117 0.01864035087719298
0 0.3286449195906433 0.5757003837719299 0.010908260233918138 0.015847039473684196
0 0.3869928728070175 0.587685032894737 0.01768092105263158 0.01528234649122807
0 0.38796783625730996 0.5918626644736843 0.015237573099415225 0.01282072368421052
0 0.39390259502923974 0.6018407346491228 0.011993786549707623 0.019942434210526317
0 0.3949424342105263 0.606376096491228 0.012655336257309942 0.01812499999999997
0 0.563733552631579 0.5976905153508772 0.01516812865497076 0.007606907894736842
0 0.5614181286549708 0.6054756030701754 0.014345760233918129 0.009936951754385965
0 0.6307675438596492 0.6230304276315789 0.01007309941520466 0.01915296052631576
0 0.6243375365497076 0.6275534539473684 0.008817616959064328 0.023884320175438626
0 0.6785572002923976 0.6298149671052632 0.015052997076023372 0.01490405701754383
0 0.6678545321637427 0.6399561403508772 0.007766812865497076 0.01949561403508769
0 0.8943713450292398 0.6449424342105263 0.007675438596491228 0.02261513157894737
0 0.9010572002923977 0.6435252192982456 0.0069901315789473685 0.021929824561403508
0 0.9234968932748537 0.6500137061403509 0.014482821637426901 0.027275219298245616
0 0.9286631944444445 0.6448958333333333 0.017308114035087727 0.02148574561403512
0 0.9508406432748537 0.6477878289473684 0.012653508771929785 0.02261513157894737
0 0.9450264985380117 0.6482867324561404 0.014643640350877212 0.023739035087719275
0 0.4611769005847953 0.5631003289473684 0.012039473684210546 0.01168311403508769
0 0.4633013523391813 0.5552521929824561 0.013547149122807037 0.012302631578947398
0 0.04502467105263158 0.6787280701754386 0.009731359649122808 0.01206140350877193
0 0.15261787280701755 0.5843955592105262 0.011558845029239767 0.015693530701754384
0 0.144828216374269 0.5959758771929824 0.006352339181286548 0.012335526315789474
