0 0.431 0.602625 0.02125 0.02175
0 0.329375 0.6486666666666666 0.0155 0.027
0 0.33475 0.65725 0.01225 0.028833333333333332
0 0.45878125000000003 0.6491666666666667 0.0208125 0.024
0 0.44587499999999997 0.649125 0.0185 0.023916666666666666
0 0.3469375 0.6486666666666667 0.011875 0.017666666666666667
0 0.43353125 0.6499583333333334 0.0208125 0.024416666666666666
0 0.31575 0.6571666666666667 0.01225 0.024666666666666667
0 0.29643749999999996 0.6553333333333333 0.021875 0.018333333333333333
0 0.2711875 0.6715000000000001 0.01875 0.023333333333333334
0 0.2796875 0.6688333333333334 0.019125 0.014
0 0.2841875 0.6772499999999999 0.026625 0.023166666666666665
0 0.2565 0.681125 0.0135 0.025083333333333332
0 0.26625000000000004 0.6843333333333333 0.02375 0.018333333333333333
0 0.2703125 0.7013333333333333 0.016875 0.027
0 0.27775 0.70077 0.01275 0.02879333333333337
0 0.26037499999999997 0.7043333333333334 0.0135 0.025666666666666667
0 0.24875 0.7122083333333333 0.01775 0.02675
0 0.2636875 0.7263333333333333 0.027625 0.026333333333333334
0 0.253375 0.7266666666666667 0.021 0.023666666666666666
0 0.349625 0.6593333333333333 0.023 0.013666666666666667
0 0.30375 0.6691033333333334 0.01975 0.017873333333333297
0 0.297375 0.68602 0.0115 0.022373333333333297
0 0.49809375 0.6737916666666667 0.0194375 0.02625
0 0.52075 0.6761666666666667 0.01125 0.027333333333333334
0 0.32396875 0.6741666666666667 0.0168125 0.023666666666666666
0 0.34134375 0.67225 0.0206875 0.016666666666666666
0 0.53278125 0.6777083333333332 0.0145625 0.027916666666666666
0 0.4055625 0.6771666666666667 0.010875 0.022
0 0.2388125 0.6765833333333333 0.016125 0.018833333333333334
0 0.359625 0.6744583333333333 0.0345 0.013916666666666667
0 0.47712499999999997 0.6799999999999999 0.0125 0.024333333333333332
0 0.50696875 0.6773966666666666 0.0169375 0.026873333333333298
0 0.500015 0.69723 0.013279999999999972 0.024873333333333296
0 0.49574999999999997 0.7142083333333333 0.015875 0.025416666666666667
0 0.38146874999999997 0.682 0.0166875 0.029666666666666668
0 0.3878125 0.6840833333333333 0.023625 0.0285
0 0.30725 0.6838333333333334 0.01675 0.023333333333333334
0 0.59428125 0.6841666666666667 0.0198125 0.028
0 0.5556875 0.6885833333333333 0.016125 0.0295
0 0.56975 0.6871666666666667 0.01375 0.026
0 0.56421875 0.7042083333333333 0.0218125 0.017583333333333333
0 0.3635 0.6920833333333333 0.02725 0.0345
0 0.44975 0.6896666666666667 0.01425 0.023666666666666666
0 0.46225000000000005 0.6887916666666666 0.01875 0.024083333333333335
0 0.21962500000000001 0.6892916666666667 0.015 0.02225
0 0.2266875 0.6929583333333333 0.023875 0.018916666666666665
0 0.3395 0.6868333333333334 0.02175 0.015333333333333332
0 0.143875 0.6981033333333333 0.0175 0.01879333333333337
0 0.13021875 0.6979566666666667 0.0161875 0.0215
0 0.12812500000000002 0.7356033333333333 0.0235 0.037793333333333366
0 0.14475 0.7268333333333333 0.01475 0.018
0 0.08562499999999999 0.7484999999999999 0.027 0.034666666666666665
0 0.103875 0.7518333333333334 0.0265 0.03266666666666666
0 0.09653125 0.7475 0.0175625 0.027833333333333335
0 0.244375 0.6899583333333333 0.014 0.020916666666666667
0 0.32325 0.688125 0.01325 0.022083333333333333
0 0.33018749999999997 0.7008333333333333 0.017125 0.026
0 0.3205 0.7070833333333333 0.00975 0.0185
0 0.35528125 0.6853750000000001 0.0163125 0.014416666666666666
0 0.34662499999999996 0.6998333333333333 0.0225 0.018666666666666668
0 0.34231249999999996 0.7090000000000001 0.026125 0.023666666666666666
0 0.5425 0.69475 0.02275 0.027166666666666665
0 0.40409375 0.6922083333333333 0.0220625 0.020083333333333335
0 0.51384375 0.6935 0.0158125 0.034
0 0.290125 0.69698 0.014 0.029039999999999965
0 0.4894375 0.6955 0.013625 0.0255
0 0.087375 0.6964166666666667 0.0265 0.028166666666666666
0 0.30471875 0.6965 0.0244375 0.024333333333333332
0 0.02328125 0.6985416666666666 0.0191875 0.02325
0 0.034312499999999996 0.7024933333333333 0.022875 0.03198666666666668
0 0.17234375 0.7033333333333333 0.0235625 0.029
0 0.42400000000000004 0.7025 0.02375 0.02666666666666667
0 0.5796250000000001 0.6995833333333332 0.0115 0.023166666666666665
0 0.5636875 0.724 0.025875 0.03233333333333333
0 0.06987499999999999 0.7010000000000001 0.015875 0.021666666666666667
0 0.38787499999999997 0.6983333333333334 0.0215 0.015666666666666666
0 0.5212500000000001 0.7036250000000001 0.01625 0.030416666666666668
0 0.6064375 0.7084583333333333 0.015625 0.04225
0 0.59984375 0.711875 0.0125625 0.03525
0 0.182375 0.705125 0.025 0.03241666666666667
0 0.3626875 0.7021666666666667 0.023625 0.026166666666666668
0 0.20425 0.700625 0.01925 0.019083333333333334
0 0.18165625 0.7144583333333334 0.0180625 0.034583333333333334
0 0.18725 0.720875 0.01575 0.02875
0 0.19178125000000001 0.7356666666666666 0.0176875 0.023
0 0.22653125000000002 0.7087083333333334 0.0248125 0.034916666666666665
0 0.67096875 0.711125 0.0151875 0.034583333333333334
0 0.5898912500000001 0.7129166666666668 0.014907500000000027 0.0375
0 0.65796875 0.7115 0.0169375 0.034666666666666665
0 0.2381875 0.7105416666666666 0.033625 0.033916666666666664
0 0.4365 0.7050833333333334 0.01325 0.027833333333333335
0 0.43562500000000004 0.7223333333333333 0.01775 0.021
0 0.48021874999999997 0.7070416666666667 0.0203125 0.023583333333333335
0 0.051562500000000004 0.7091666666666667 0.021375 0.03
0 0.054625 0.7155 0.0205 0.03
0 0.413 0.700125 0.021125 0.025916666666666668
0 0.36646875 0.7080000000000001 0.0226875 0.021666666666666667
0 0.306 0.71425 0.01925 0.03383333333333333
0 0.4615625 0.7066666666666667 0.0265 0.019
0 0.21234375 0.7147083333333334 0.0215625 0.030416666666666668
0 0.298375 0.71275 0.021 0.028166666666666666
0 0.38825 0.7114583333333333 0.02975 0.01925
0 0.44428125 0.7111666666666666 0.0098125 0.023
0 0.20325 0.715375 0.022875 0.029583333333333333
0 0.69625 0.7196666666666667 0.01125 0.03233333333333333
0 0.7230624999999999 0.7195 0.01775 0.034666666666666665
0 0.4193125 0.7235 0.021125 0.038
0 0.5452187500000001 0.7224166666666666 0.0184375 0.035166666666666666
0 0.6178437499999999 0.7210416666666667 0.0159375 0.03175
0 0.6533125000000001 0.7274166666666667 0.011125 0.026166666666666668
0 0.6860625 0.7202916666666667 0.016375 0.03158333333333333
0 0.100625 0.7162916666666667 0.03 0.030416666666666668
0 0.5605 0.7211666666666667 0.02025 0.027333333333333334
0 0.39975000000000005 0.7237083333333334 0.02975 0.03075
0 0.6302500000000001 0.7264999999999999 0.01225 0.03266666666666666
0 0.2764375 0.7271249999999999 0.026125 0.034083333333333334
0 0.3430625 0.7295 0.025875 0.037333333333333336
0 0.34375 0.7393333333333334 0.01925 0.03166666666666667
0 0.506 0.7244166666666667 0.01375 0.029833333333333333
0 0.5886562500000001 0.72725 0.0244375 0.03283333333333333
0 0.4494375 0.7246666666666667 0.022125 0.026333333333333334
0 0.5310625 0.728375 0.014375 0.03625
0 0.313125 0.7255416666666666 0.014 0.029916666666666668
0 0.38475 0.729 0.02125 0.03233333333333333
0 0.39357749999999997 0.7436033333333333 0.030904999999999974 0.022126666666666704
0 0.705125 0.7296666666666667 0.02425 0.033666666666666664
0 0.325625 0.7281666666666666 0.0155 0.02666666666666667
0 0.3624375 0.7318333333333333 0.022375 0.03666666666666667
0 0.410375 0.7268333333333333 0.012 0.022
0 0.36896875 0.7353333333333334 0.0204375 0.03766666666666667
0 0.2365 0.7313333333333333 0.01525 0.024333333333333332
0 0.5184687499999999 0.7412916666666667 0.0151875 0.04675
0 0.7365 0.7317083333333333 0.02925 0.022916666666666665
0 0.4321875 0.7329166666666667 0.018375 0.0265
0 0.20809375 0.7318749999999999 0.0179375 0.02325
0 0.2175625 0.7421666666666666 0.015625 0.02666666666666667
0 0.20015625 0.7519583333333334 0.0239375 0.031083333333333334
0 0.203625 0.7666666666666667 0.017 0.029666666666666668
0 0.16825 0.7475833333333333 0.02725 0.035166666666666666
0 0.1744375 0.753125 0.021625 0.03125
0 0.1860625 0.7547083333333333 0.018625 0.03691666666666667
0 0.44271875 0.7465 0.0154375 0.021333333333333333
0 0.4575 0.7571666666666667 0.01475 0.04
0 0.47962499999999997 0.7456666666666666 0.0295 0.019
0 0.13215625 0.7517916666666666 0.0305625 0.033416666666666664
0 0.4283125 0.7531666666666668 0.015625 0.037333333333333336
0 0.4234375 0.7605000000000001 0.013375 0.03966666666666667
0 0.449125 0.7526666666666667 0.01 0.023666666666666666
0 0.049 0.7501666666666668 0.01625 0.017333333333333333
0 0.036375000000000005 0.7611666666666667 0.025 0.026
0 0.237375 0.76025 0.0265 0.03783333333333333
0 0.22949999999999998 0.7583333333333334 0.01675 0.03166666666666667
0 0.258125 0.7618333333333334 0.0245 0.03666666666666667
0 0.24925 0.7604166666666667 0.02375 0.0335
0 0.40125000000000005 0.7666666666666666 0.02375 0.050666666666666665
0 0.47275 0.760625 0.02175 0.03775
0 0.481875 0.76 0.0145 0.03166666666666667
0 0.26771875 0.7656666666666666 0.0251875 0.041
0 0.27916124999999997 0.7671866666666667 0.03507249999999999 0.0346266666666667
0 0.41712499999999997 0.7675833333333334 0.0215 0.05383333333333333
0 0.49906249999999996 0.7570833333333333 0.023875 0.026833333333333334
0 0.214125 0.7666666666666667 0.025 0.03766666666666667
0 0.058125 0.7643333333333333 0.017 0.026333333333333334
0 0.298375 0.7641666666666667 0.0255 0.02666666666666667
0 0.355 0.7638333333333334 0.01425 0.026
0 0.364 0.7745 0.01925 0.043333333333333335
0 0.3761725 0.7730199999999999 0.017595000000000027 0.0436266666666667
0 0.38728125 0.77277 0.0178125 0.0421266666666667
0 0.32790625 0.7696033333333333 0.0185625 0.03279333333333337
0 0.34353125 0.7786666666666667 0.0206875 0.035666666666666666
0 0.32637499999999997 0.8003333333333333 0.0155 0.039
0 0.34225 0.8013333333333333 0.01675 0.035
0 0.47231249999999997 0.8088333333333333 0.037125 0.02
0 0.012 0.8288333333333333 0.01925 0.02
0 0.6648125 0.8364166666666667 0.020375 0.029833333333333333
0 0.722625 0.8578333333333333 0.03 0.024666666666666667
0 0.038875 0.6864583333333333 0.01875 0.014083333333333333
0 0.05403125 0.6818333333333333 0.0136875 0.018833333333333334
0 0.057874999999999996 0.689875 0.026 0.023583333333333335
0 0.10834375 0.7211666666666667 0.0224375 0.033666666666666664
0 0.1216875 0.6995 0.016185 0.020666666666666667
0 0.11415625 0.7228333333333333 0.0213125 0.028333333333333332
0 0.12109375 0.7280833333333334 0.0169375 0.0295
0 0.1379375 0.712 0.026625 0.0145
0 0.16359375 0.6875416666666666 0.0164375 0.01375
0 0.1715625 0.670875 0.024125 0.014583333333333334
0 0.16165625 0.6821666666666667 0.0236875 0.014333333333333333
0 0.154625 0.6955 0.014625 0.015666666666666666
0 0.16359374999999998 0.6996249999999999 0.0251875 0.020083333333333335
0 0.1618125 0.7172916666666667 0.021625 0.02275
0 0.1469375 0.7487916666666666 0.026875 0.03758333333333334
0 0.15953124999999999 0.7460416666666667 0.0296875 0.04275
0 0.18321875 0.6780416666666667 0.0244375 0.02325
0 0.19565624999999998 0.6832083333333334 0.0236875 0.018416666666666668
0 0.188 0.6820416666666667 0.0245 0.016916666666666667
0 0.208375 0.6829166666666667 0.027 0.02
0 0.2040625 0.6890416666666667 0.0275 0.02025
0 0.1983125 0.7000833333333334 0.01725 0.013166666666666667
0 0.255375 0.6646666666666667 0.0215 0.027333333333333334
0 0.26675000000000004 0.6609166666666666 0.02575 0.024833333333333332
0 0.46099999999999997 0.7248333333333333 0.022875 0.03166666666666667
0 0.47040624999999997 0.7238749999999999 0.0176875 0.029583333333333333
0 0.487485 0.7324783333333333 0.018529999999999974 0.038210000000000036
0 0.49471875 0.73725 0.0238125 0.027166666666666665
0 0.40975 0.83125 0.01775 0.013333333333333334
0 0.39440625 0.8417083333333333 0.0205625 0.022083333333333333
0 0.414125 0.842 0.019625 0.010666666666666666
0 0.48003125 0.685125 0.0175625 0.022583333333333334
0 0.61740625 0.6987083333333334 0.0204375 0.02675
0 0.64459375 0.7212916666666667 0.0205625 0.03808333333333333
0 0.55411 0.6286033333333333 0.020470000000000026 0.026539999999999963
0 0.5423275 0.6241866666666667 0.009404999999999972 0.016960000000000038
