0 0.191625 0.5585 0.02225 0.041666666666666664
0 0.5635 0.6106666666666667 0.022 0.042666666666666665
0 0.864125 0.6518333333333334 0.02475 0.04833333333333333
0 0.11487499999999999 0.45366666666666666 0.02025 0.030666666666666665
0 0.157125 0.5135 0.02575 0.029
0 0.27487500000000004 0.3815 0.02175 0.028333333333333332
0 0.9532499999999999 0.5991666666666666 0.025 0.041
0 0.96975 0.5278333333333334 0.0245 0.035666666666666666
0 0.850375 0.3768333333333333 0.02125 0.033666666666666664
0 0.151125 0.49133333333333334 0.02425 0.03
0 0.29137500000000005 0.378 0.02375 0.029333333333333333
0 0.4215 0.46066666666666667 0.0265 0.03333333333333333
0 0.06725 0.3953333333333333 0.038 0.030666666666666665
0 0.8039999999999999 0.48733333333333334 0.0205 0.04
0 0.9715 0.5626666666666668 0.0275 0.035333333333333335
0 0.435875 0.618 0.02025 0.042
0 0.509375 0.44766666666666666 0.03475 0.027333333333333334
0 0.414875 0.5203333333333333 0.02125 0.04666666666666667
0 0.28025 0.4543333333333333 0.0225 0.037333333333333336
0 0.0695 0.4473333333333333 0.0285 0.02666666666666667
0 0.3885 0.5123333333333333 0.016 0.03933333333333333
0 0.33449999999999996 0.6031666666666666 0.0195 0.042333333333333334
0 0.01575 0.513 0.0175 0.04133333333333333
0 0.876625 0.5395 0.02725 0.044333333333333336
0 0.74675 0.6255000000000001 0.02 0.050333333333333334
0 0.850875 0.5126666666666667 0.02425 0.04466666666666667
0 0.42425 0.36733333333333335 0.03 0.018666666666666668
0 0.6791250000000001 0.5316666666666666 0.02625 0.028666666666666667
0 0.45949999999999996 0.44783333333333336 0.0295 0.035
0 0.5965 0.5911666666666666 0.028 0.043
0 0.459125 0.5115 0.03225 0.027
0 0.6255 0.653 0.031 0.04
0 0.3805 0.38566666666666666 0.0235 0.02666666666666667
0 0.319 0.6098333333333333 0.023 0.04566666666666667
0 0.684625 0.3765 0.03075 0.026333333333333334
0 0.24025000000000002 0.5398333333333333 0.032 0.039
0 0.972 0.4781666666666667 0.029 0.043
0 0.7608750000000001 0.4613333333333333 0.02225 0.037333333333333336
0 0.058499999999999996 0.5093333333333333 0.026 0.03666666666666667
0 0.9185 0.6026666666666667 0.022 0.03
0 0.637 0.3845 0.0315 0.017666666666666667
0 0.8756250000000001 0.4821666666666667 0.02025 0.041
0 0.543875 0.523 0.01725 0.036
0 0.438125 0.509 0.03375 0.029333333333333333
0 0.476125 0.45083333333333336 0.02925 0.037
0 0.52 0.37733333333333335 0.034 0.016
0 0.79925 0.389 0.0175 0.037333333333333336
0 0.8475 0.4685 0.0205 0.037
0 0.32999999999999996 0.35866666666666663 0.0195 0.030666666666666665
0 0.8694999999999999 0.5053333333333333 0.025 0.034666666666666665
0 0.259625 0.38316666666666666 0.02625 0.027666666666666666
0 0.6345000000000001 0.48866666666666664 0.0215 0.035333333333333335
0 0.6315000000000001 0.6051666666666667 0.022 0.03766666666666667
0 0.259125 0.43766666666666665 0.02925 0.028666666666666667
0 0.5746249999999999 0.48633333333333334 0.01175 0.03133333333333333
0 0.41900000000000004 0.5418333333333333 0.028 0.03833333333333333
0 0.091875 0.5138333333333334 0.02225 0.041
0 0.54425 0.5428333333333333 0.0275 0.034333333333333334
0 0.932125 0.5356666666666667 0.02075 0.04
0 0.653625 0.611 0.02475 0.032
0 0.24075000000000002 0.39099999999999996 0.0215 0.03666666666666667
0 0.072625 0.4666666666666667 0.02075 0.028
0 0.2495 0.3661666666666667 0.021 0.027
0 0.736375 0.4628333333333333 0.01925 0.035666666666666666
0 0.716125 0.5771666666666667 0.04125 0.03166666666666667
0 0.512 0.623 0.0205 0.052
0 0.5772499999999999 0.5715 0.0185 0.03966666666666667
0 0.076125 0.5123333333333333 0.03525 0.037333333333333336
0 0.730875 0.6298333333333334 0.02275 0.053
0 0.259625 0.528 0.01675 0.03
0 0.4395 0.5695 0.0205 0.037
0 0.6605000000000001 0.531 0.0255 0.042666666666666665
0 0.16625 0.524 0.0235 0.04533333333333334
0 0.55625 0.4568333333333333 0.0235 0.04033333333333333
0 0.667375 0.5696666666666667 0.02325 0.044
0 0.93075 0.4785 0.019 0.036333333333333336
0 0.031 0.5071666666666667 0.02 0.045
0 0.7865 0.589 0.028 0.04
0 0.7647499999999999 0.6275000000000001 0.0225 0.051666666666666666
0 0.479875 0.4845 0.01875 0.04566666666666667
0 0.173125 0.47900000000000004 0.02675 0.014666666666666666
0 0.8925 0.6665 0.0345 0.029
0 0.40575 0.45 0.0335 0.021333333333333333
0 0.752125 0.591 0.03475 0.024666666666666667
0 0.593625 0.5273333333333333 0.03525 0.020666666666666667
0 0.746 0.36583333333333334 0.021 0.028333333333333332
0 0.543875 0.4005 0.03775 0.017
0 0.14100000000000001 0.5488333333333333 0.027 0.027
0 0.311 0.375 0.018 0.03
0 0.44375000000000003 0.39566666666666667 0.028 0.022
0 0.485375 0.5288333333333334 0.02425 0.03766666666666667
0 0.5986250000000001 0.6366666666666666 0.02825 0.05266666666666667
0 0.451125 0.612 0.02575 0.046
0 0.3835 0.6131666666666666 0.033 0.041
0 0.122125 0.5086666666666667 0.02875 0.035333333333333335
0 0.82 0.6413333333333333 0.0305 0.05466666666666667
0 0.9648749999999999 0.665 0.02575 0.046
0 0.93775 0.6576666666666667 0.0265 0.05
0 0.7005125 0.5869166666666668 0.02847500000000002 0.0495
0 0.692125 0.6045 0.02125 0.03833333333333333
0 0.213125 0.385 0.02475 0.018666666666666668
0 0.33449999999999996 0.38583333333333336 0.0315 0.017
0 0.460875 0.3655 0.03025 0.017
0 0.6906249999999999 0.4696666666666667 0.02375 0.036
0 0.6827500000000001 0.436 0.0375 0.02
0 0.508375 0.36733333333333335 0.02075 0.014
0 0.6245 0.5473333333333332 0.016 0.04133333333333333
0 0.28525 0.5195000000000001 0.0155 0.044333333333333336
0 0.61725 0.5245000000000001 0.0165 0.033666666666666664
0 0.884 0.3496666666666666 0.019 0.024666666666666667
0 0.95375 0.47983333333333333 0.0245 0.04633333333333333
0 0.40049999999999997 0.3681666666666667 0.0145 0.033
0 0.743 0.5671666666666666 0.0205 0.029
0 0.107625 0.5088333333333334 0.02725 0.039
0 0.1945 0.45599999999999996 0.02 0.03266666666666666
0 0.8272499999999999 0.3725 0.023 0.025666666666666667
0 0.540875 0.3583333333333333 0.03425 0.024666666666666667
0 0.9888750000000001 0.6621666666666667 0.01825 0.03966666666666667
0 0.200375 0.5083333333333333 0.02675 0.034
0 0.5855 0.6365 0.0215 0.04033333333333333
0 0.5441250000000001 0.5756666666666667 0.03675 0.02266666666666667
0 0.521125 0.5448333333333333 0.03175 0.034333333333333334
0 0.59025 0.36183333333333334 0.018 0.030333333333333334
0 0.14475000000000002 0.48266666666666663 0.0225 0.023333333333333334
0 0.8697499999999999 0.5518333333333333 0.007 0.010333333333333333
0 0.033875 0.48150000000000004 0.02475 0.015666666666666666
0 0.63475 0.5760000000000001 0.0435 0.025333333333333333
0 0.34049999999999997 0.3648333333333333 0.0325 0.023666666666666666
0 0.349375 0.5951666666666666 0.01925 0.057
0 0.375 0.5176666666666667 0.017 0.04666666666666667
0 0.789125 0.6398333333333333 0.02925 0.035
0 0.040375 0.45366666666666666 0.03025 0.015333333333333332
0 0.03875000000000001 0.4678333333333333 0.035 0.019666666666666666
0 0.168875 0.45516666666666666 0.02075 0.034333333333333334
0 0.58575 0.45166666666666666 0.017 0.034666666666666665
0 0.49576875000000004 0.5186666666666667 0.02596249999999998 0.04066666666666666
0 0.935625 0.5978333333333333 0.02075 0.043666666666666666
0 0.727125 0.3853333333333333 0.03225 0.017333333333333333
0 0.7585000000000001 0.389 0.034 0.019333333333333334
0 0.519 0.5928333333333333 0.02 0.039
0 0.4835 0.5519999999999999 0.0265 0.04933333333333333
0 0.986375 0.38033333333333336 0.02675 0.018
0 0.40512499999999996 0.48733333333333334 0.03275 0.021333333333333333
0 0.758375 0.3686666666666667 0.02475 0.022
0 0.7308749999999999 0.3665 0.01925 0.025
0 0.30525 0.515 0.026 0.034666666666666665
0 0.365 0.5635 0.019 0.049
0 0.9251250000000001 0.37516666666666665 0.02625 0.025666666666666667
0 0.32825 0.5651666666666666 0.0225 0.041
0 0.32575 0.5345 0.016 0.035
0 0.533875 0.4731666666666667 0.01375 0.035
0 0.983625 0.39449999999999996 0.03225 0.019666666666666666
0 0.712125 0.6521666666666667 0.02325 0.03766666666666667
0 0.2225 0.5156666666666667 0.0265 0.04066666666666666
0 0.30325 0.5485 0.017 0.023
0 0.423875 0.3775 0.02725 0.018333333333333333
0 0.79763625 0.5770833333333333 0.041227499999999966 0.027166666666666665
0 0.478375 0.37483333333333335 0.03375 0.023
0 0.743625 0.49933333333333335 0.03325 0.03333333333333333
0 0.970875 0.6068333333333333 0.02825 0.053
0 0.938125 0.5053333333333333 0.02075 0.029333333333333333
0 0.39225 0.378 0.0195 0.03133333333333333
0 0.103375 0.4815 0.01575 0.026333333333333334
0 0.9108750000000001 0.5081666666666667 0.02025 0.045
0 0.31975000000000003 0.5125 0.015 0.031
0 0.442 0.44966666666666666 0.014 0.03333333333333333
0 0.50375 0.49283333333333335 0.039 0.019
0 0.6024999999999999 0.4983333333333333 0.033 0.02666666666666667
0 0.6018749999999999 0.36216666666666664 0.01575 0.035666666666666666
0 0.8496250000000001 0.583 0.02475 0.05333333333333334
0 0.6731250000000001 0.48483333333333334 0.01825 0.043
0 0.35125 0.48383333333333334 0.023 0.03233333333333333
0 0.967375 0.6413333333333333 0.02575 0.04466666666666667
0 0.898 0.36383333333333334 0.0205 0.025
0 0.7216250000000001 0.5223333333333333 0.01825 0.034
0 0.20800000000000002 0.46166666666666667 0.019 0.03933333333333333
0 0.255 0.48483333333333334 0.0125 0.03833333333333333
0 0.2391 0.481375 0.02469999999999999 0.03191666666666667
0 0.217 0.46166666666666667 0.0185 0.030666666666666665
0 0.707125 0.447 0.01625 0.03333333333333333
0 0.5309999999999999 0.5058333333333334 0.025 0.025666666666666667
0 0.9025 0.5609999999999999 0.0265 0.04733333333333333
0 0.22125 0.48866666666666664 0.0145 0.03866666666666667
0 0.91225 0.48483333333333334 0.0245 0.04033333333333333
0 0.857625 0.566 0.02175 0.04066666666666666
0 0.324375 0.4553333333333333 0.01975 0.024666666666666667
0 0.3285 0.48233333333333334 0.021 0.029333333333333333
0 0.36024999999999996 0.4946666666666667 0.0195 0.036
0 0.348125 0.3796666666666667 0.02725 0.02266666666666667
0 0.23900000000000002 0.4485 0.0235 0.017
0 0.1335 0.4806666666666667 0.0235 0.026
0 0.242 0.5146666666666667 0.034 0.026
0 0.15375 0.4563333333333333 0.0165 0.037333333333333336
0 0.7831250000000001 0.36266666666666664 0.02825 0.017333333333333333
0 0.659375 0.49166666666666664 0.02275 0.04066666666666666
0 0.59375 0.5128333333333334 0.033 0.015666666666666666
0 0.340125 0.5623333333333334 0.01825 0.04066666666666666
0 0.5165 0.5156666666666667 0.039 0.024
0 0.6288750000000001 0.5073333333333333 0.02675 0.030666666666666665
0 0.648 0.5215 0.022 0.049
0 0.057821250000000005 0.48425 0.0336425 0.026833333333333334
0 0.33299999999999996 0.511 0.0155 0.043333333333333335
0 0.8755000000000001 0.5908333333333333 0.03 0.017666666666666667
0 0.23975000000000002 0.5 0.0155 0.029333333333333333
0 0.8888750000000001 0.5795 0.03675 0.03166666666666667
0 0.399375 0.4718333333333333 0.02725 0.026333333333333334
0 0.225375 0.5356666666666667 0.02475 0.025333333333333333
0 0.09262500000000001 0.478 0.01575 0.03266666666666666
0 0.787 0.6204999999999999 0.032 0.024333333333333332
0 0.981 0.5856666666666667 0.0185 0.048
0 0.36275 0.517 0.015 0.042666666666666665
0 0.8325 0.3445 0.0225 0.010333333333333333
0 0.9538749999999999 0.39333333333333337 0.03825 0.02
0 0.1575 0.493 0.009 0.01
0 0.992375 0.528 0.01475 0.014
0 0.07457875 0.49366666666666664 0.025627499999999998 0.04666666666666667
0 0.1314075 0.5155833333333333 0.019230000000000004 0.04816666666666667
0 0.008535000000000001 0.49516666666666664 0.012 0.026333333333333334
0 0.04366125 0.5101666666666667 0.0337525 0.041666666666666664
0 0.14966999999999997 0.5111666666666667 0.02025 0.035666666666666666
0 0.18517250000000002 0.4926666666666667 0.02375 0.038
0 0.19767375 0.49683333333333335 0.0272525 0.037
0 0.13354375 0.45866666666666667 0.021502499999999983 0.042666666666666665
0 0.11570874999999999 0.4769166666666667 0.017877499999999998 0.03283333333333333
0 0.021138749999999998 0.4895833333333333 0.0162525 0.020166666666666666
0 0.006404999999999999 0.5206666666666666 0.01475 0.042
0 0.18620875 0.44991666666666663 0.0188775 0.03983333333333333
0 0.23602375 0.4688333333333333 0.024502499999999997 0.035666666666666666
0 0.26827 0.4895833333333333 0.022 0.0435
0 0.27345875 0.49533333333333335 0.0271275 0.035333333333333335
0 0.29452125 0.48741666666666666 0.029252499999999997 0.030833333333333334
0 0.300335 0.5025833333333333 0.020375 0.03916666666666667
0 0.31602374999999994 0.4825 0.0197525 0.03166666666666667
0 0.298085 0.4661666666666667 0.041879999999999994 0.027333333333333334
0 0.3027025 0.529 0.020625 0.033666666666666664
0 0.31539124999999996 0.5486666666666666 0.011502499999999997 0.04133333333333333
0 0.35414375 0.5394166666666667 0.020252499999999996 0.0425
0 0.34101875 0.5239166666666667 0.0192525 0.0425
0 0.38045874999999996 0.56525 0.026377499999999998 0.0585
0 0.3972725 0.5176666666666667 0.011 0.033666666666666664
0 0.41114875 0.5085833333333334 0.0230025 0.03983333333333333
0 0.37745875 0.47991666666666666 0.020377499999999996 0.0385
0 0.2644075 0.602 0.02175000000000003 0.048
0 0.12379875 0.6013333333333334 0.023502500000000013 0.048
0 0.53257875 0.623 0.019002500000000054 0.05
0 0.5483300000000001 0.6123333333333333 0.0175 0.04066666666666666
0 0.6100850000000001 0.6516666666666667 0.022 0.034
0 0.46541125000000005 0.5515 0.021252499999999997 0.05633333333333333
0 0.45041000000000003 0.5473333333333333 0.01525 0.05
0 0.43465875 0.5401666666666667 0.0187525 0.03766666666666667
0 0.43140875 0.48925 0.022252499999999998 0.03816666666666667
0 0.51291375 0.5398333333333333 0.02525249999999994 0.028333333333333332
0 0.55441625 0.5576666666666666 0.037252500000000056 0.02266666666666667
0 0.5751687499999999 0.541 0.04575249999999994 0.025333333333333333
0 0.5971712499999999 0.5553333333333333 0.026752500000000054 0.03866666666666667
0 0.61404625 0.5556666666666666 0.013002500000000054 0.034
0 0.56020625 0.5040833333333333 0.01862749999999994 0.0485
0 0.5795212500000001 0.5063333333333333 0.03125250000000006 0.022333333333333334
0 0.61570625 0.611 0.02112749999999994 0.049
0 0.67096 0.6045 0.020125 0.044333333333333336
0 0.63777125 0.5440833333333333 0.020002500000000055 0.049166666666666664
0 0.67652375 0.5099166666666667 0.01600249999999994 0.03216666666666667
0 0.698025 0.5479166666666667 0.02425 0.030166666666666668
0 0.70646375 0.5429166666666666 0.031127500000000054 0.036833333333333336
0 0.70203125 0.5144166666666666 0.021987499999999955 0.031166666666666665
0 0.70296125 0.48 0.02362749999999994 0.03233333333333333
0 0.7160875 0.5061666666666667 0.016125 0.034
0 0.73546375 0.5275833333333334 0.023377500000000054 0.0495
0 0.752215 0.5306666666666666 0.016875 0.036333333333333336
0 0.76559125 0.5385833333333333 0.02012749999999994 0.041166666666666664
0 0.7054212499999999 0.6345000000000001 0.026752500000000054 0.057666666666666665
0 0.79835125 0.6671666666666667 0.021097499999999967 0.05566666666666667
0 0.83483875 0.623 0.021127500000000056 0.034666666666666665
0 0.8454025000000001 0.6189166666666667 0.02675 0.03716666666666667
0 0.8063362500000001 0.59575 0.02862749999999994 0.018166666666666668
0 0.7221662499999999 0.4731666666666667 0.020752500000000056 0.037
0 0.7651699999999999 0.5011666666666666 0.02175 0.043666666666666666
0 0.78083625 0.4945833333333333 0.017627499999999942 0.04716666666666667
0 0.7914625000000001 0.5068333333333334 0.023875 0.031
0 0.8100262500000001 0.5273333333333333 0.03375250000000005 0.03233333333333333
0 0.8207137499999999 0.4965 0.023127500000000054 0.03933333333333333
0 0.7850487500000001 0.5474583333333334 0.03130250000000001 0.04858333333333333
0 0.79682375 0.5427083333333333 0.04662750000000006 0.045083333333333336
0 0.8255475000000001 0.5535 0.0215 0.047
0 0.82958 0.5375 0.035139999999999984 0.046
0 0.83808625 0.5156666666666666 0.02137749999999994 0.04
0 0.86465125 0.5485 0.043502500000000055 0.033
0 0.92380375 0.6273333333333333 0.03750249999999994 0.022
0 0.91408875 0.5575833333333333 0.036377500000000056 0.041166666666666664
0 0.92595125 0.5527500000000001 0.03175249999999994 0.04583333333333333
0 0.89423 0.5270833333333333 0.03244000000000005 0.024166666666666666
0 0.89133625 0.5008333333333334 0.01912749999999994 0.037
0 0.9510875 0.56375 0.021125 0.042166666666666665
0 0.9915900000000001 0.5559166666666667 0.017875 0.051833333333333335
0 0.9509249999999999 0.6715 0.02175 0.03766666666666667
0 0.9816775 0.6633333333333333 0.00725 0.027333333333333334
0 0.9915537499999999 0.6379999999999999 0.02050249999999994 0.05333333333333334
0 0.9894275 0.49533333333333335 0.01975 0.05333333333333334
0 0.48921624999999996 0.38749999999999996 0.0271275 0.02266666666666667
0 0.341635 0.44808333333333333 0.01575 0.03966666666666667
0 0.35194875000000003 0.4693333333333333 0.026002499999999998 0.033
0 0.43083625 0.44608333333333333 0.015377499999999997 0.03216666666666667
0 0.5721775 0.44916666666666666 0.01375 0.041666666666666664
0 0.6506825 0.4365833333333333 0.01725 0.034166666666666665
0 0.65734125 0.4544166666666667 0.04537749999999994 0.018833333333333334
0 0.61427125 0.35108333333333336 0.019252500000000054 0.023833333333333335
0 0.6299600000000001 0.35991666666666666 0.016625 0.033166666666666664
0 0.61770875 0.37375 0.018877500000000054 0.03883333333333333
0 0.8357249999999999 0.47766666666666663 0.016125 0.034666666666666665
0 0.78315875 0.3413333333333333 0.03025249999999994 0.026333333333333334
0 0.7845337499999999 0.35075 0.02850249999999994 0.019166666666666665
0 0.77803375 0.38275 0.03200249999999994 0.021166666666666667
0 0.81972375 0.35675 0.019377500000000054 0.03183333333333333
0 0.8620387500000001 0.3673333333333333 0.018252499999999942 0.043666666666666666
0 0.8767287500000001 0.35691666666666666 0.021627500000000053 0.026166666666666668
0 0.88804125 0.3913333333333333 0.023002500000000054 0.04633333333333333
0 0.010915 0.73684 0.0255 0.026660000000000007
0 0.8220737499999999 0.8653616666666667 0.06849749999999995 0.03932333333333342
