0 0.68375 0.315 0.024 0.04666666666666667
0 0.597625 0.275 0.01975 0.050666666666666665
0 0.706125 0.7691666666666667 0.03375 0.036333333333333336
0 0.176625 0.2723333333333333 0.02625 0.04733333333333333
0 0.60875 0.15783333333333333 0.032 0.04033333333333333
0 0.224 0.25283333333333335 0.0235 0.049666666666666665
0 0.8512500000000001 0.20983333333333332 0.0195 0.035
0 0.646875 0.21166666666666667 0.02525 0.032
0 0.41475 0.312 0.025 0.03266666666666666
0 0.875875 0.17049999999999998 0.02325 0.041
0 0.5217499999999999 0.5538333333333333 0.033 0.026333333333333334
0 0.13475 0.28683333333333333 0.02 0.047
0 0.933875 0.18633333333333335 0.02075 0.04666666666666667
0 0.66875 0.2813333333333333 0.022 0.04466666666666667
0 0.102875 0.27516666666666667 0.02625 0.04766666666666667
0 0.953875 0.2555 0.02925 0.043666666666666666
0 0.6418750000000001 0.25666666666666665 0.02625 0.04933333333333333
0 0.9325 0.2311666666666667 0.0275 0.035
0 0.19925 0.248 0.023 0.042
0 0.476125 0.4723333333333333 0.03125 0.04533333333333334
0 0.3135 0.2723333333333333 0.021 0.05466666666666667
0 0.097875 0.20216666666666666 0.03425 0.041
0 0.200625 0.28750000000000003 0.02675 0.047
0 0.72325 0.15766666666666668 0.0285 0.022
0 0.077625 0.2798333333333333 0.02875 0.04833333333333333
0 0.443625 0.5506666666666667 0.02725 0.035333333333333335
0 0.0245 0.28650000000000003 0.0235 0.051
0 0.405125 0.3821666666666667 0.02325 0.051
0 0.91416375 0.17293 0.030827499999999987 0.02747333333333334
0 0.74175 0.5626666666666666 0.0195 0.048
0 0.505 0.4226666666666667 0.0285 0.03333333333333333
0 0.654125 0.24483333333333335 0.02175 0.05366666666666667
0 0.50975 0.4543333333333333 0.024 0.042666666666666665
0 0.956 0.20033333333333334 0.024 0.03333333333333333
0 0.59475 0.4563333333333333 0.0305 0.04933333333333333
0 0.627 0.391 0.0375 0.026
0 0.39737500000000003 0.41250000000000003 0.03475 0.037
0 0.529395 0.31884 0.028289999999999964 0.04965333333333335
0 0.42524999999999996 0.45916666666666667 0.0345 0.037
0 0.8032499999999999 0.264 0.021 0.064
0 0.70625 0.435 0.0275 0.034666666666666665
0 0.250125 0.19466666666666665 0.03725 0.043333333333333335
0 0.882 0.22866666666666666 0.023 0.03133333333333333
0 0.523625 0.1795 0.02875 0.030333333333333334
0 0.04775 0.2821666666666667 0.0245 0.050333333333333334
0 0.8335 0.62 0.03 0.042666666666666665
0 0.620125 0.2405 0.02125 0.045
0 0.532625 0.4325 0.03125 0.041666666666666664
0 0.736625 0.195 0.02175 0.05
0 0.464625 0.2025 0.01925 0.03166666666666667
0 0.54525 0.3115 0.02 0.036333333333333336
0 0.11624999999999999 0.287 0.0245 0.04933333333333333
0 0.51725 0.20766666666666667 0.027 0.025333333333333333
0 0.619125 0.336 0.02725 0.04933333333333333
0 0.7558750000000001 0.15583333333333332 0.02875 0.04033333333333333
0 0.809625 0.16633333333333333 0.02075 0.03666666666666667
0 0.9756250000000001 0.7886666666666666 0.03075 0.03933333333333333
0 0.67225 0.19816666666666666 0.0335 0.017666666666666667
0 0.516875 0.24333333333333335 0.02175 0.04133333333333333
0 0.8465 0.15316666666666665 0.0265 0.022333333333333334
0 0.428375 0.39216666666666666 0.02275 0.06766666666666667
0 0.57975 0.2366666666666667 0.0215 0.050666666666666665
0 0.538875 0.18833333333333332 0.01425 0.029333333333333333
0 0.381 0.38083333333333336 0.029 0.04833333333333333
0 0.64525 0.17983333333333332 0.023 0.036333333333333336
0 0.40775 0.3495 0.0315 0.043666666666666666
0 0.6364987499999999 0.3086333333333333 0.04150250000000005 0.03126666666666665
0 0.943625 0.5958333333333333 0.02525 0.047
0 0.869375 0.19999999999999998 0.02125 0.036
0 0.11825 0.21016666666666667 0.0245 0.04766666666666667
0 0.38425 0.32599999999999996 0.0335 0.042666666666666665
0 0.6218750000000001 0.1815 0.02225 0.042333333333333334
0 0.154375 0.2831666666666667 0.02975 0.05633333333333333
0 0.553875 0.18666666666666665 0.01525 0.034
0 0.6441250000000001 0.42133333333333334 0.03075 0.04066666666666666
0 0.535625 0.24233333333333335 0.01875 0.03666666666666667
0 0.785435 0.21715833333333334 0.028629999999999996 0.05568333333333332
0 0.417375 0.5706666666666667 0.02625 0.058666666666666666
0 0.55825 0.5123333333333333 0.028 0.06133333333333333
0 0.717 0.1755 0.018 0.035
0 0.6833750000000001 0.43916666666666665 0.01475 0.023666666666666666
0 0.509 0.38983333333333337 0.0355 0.031
0 0.27675 0.2786666666666667 0.02 0.050666666666666665
0 0.56525 0.29983333333333334 0.0265 0.05566666666666667
0 0.40387500000000004 0.2735 0.02675 0.057
0 0.6727500000000001 0.182 0.0355 0.018666666666666668
0 0.452875 0.6448333333333333 0.03225 0.029
0 0.494625 0.703 0.03375 0.04933333333333333
0 0.871 0.25 0.0235 0.06
0 0.913875 0.14450000000000002 0.02575 0.029
0 0.7565000000000001 0.20416666666666666 0.0175 0.03766666666666667
0 0.935375 0.14166666666666666 0.02525 0.024666666666666667
0 0.5812499999999999 0.5468333333333334 0.0245 0.059666666666666666
0 0.81845625 0.5858333333333333 0.044087499999999974 0.043
0 0.66575 0.6058333333333333 0.033 0.042333333333333334
0 0.66725 0.33866666666666667 0.026 0.06
0 0.79075 0.14983333333333335 0.0285 0.025666666666666667
0 0.704625 0.29283333333333333 0.04175 0.026333333333333334
0 0.936 0.12466666666666666 0.0275 0.022
0 0.83475 0.17750000000000002 0.0175 0.025
0 0.13905374999999998 0.201 0.026502500000000012 0.051333333333333335
0 0.23856125 0.28833333333333333 0.0335025 0.06666666666666667
0 0.26768875 0.28966666666666663 0.0277525 0.056666666666666664
0 0.29219125 0.271 0.025252499999999997 0.048
0 0.33381875 0.2771666666666667 0.032002499999999996 0.058333333333333334
0 0.3206925 0.348 0.02925 0.03866666666666667
0 0.3243175 0.31333333333333335 0.044004999999999996 0.029333333333333333
0 0.36232125000000004 0.28633333333333333 0.025002499999999997 0.062
0 0.3806975 0.2881666666666667 0.01475 0.039
0 0.34969500000000003 0.26733333333333337 0.01275 0.035333333333333335
0 0.35581999999999997 0.3428333333333333 0.0245 0.04766666666666667
0 0.298315 0.3805 0.06250499999999999 0.036333333333333336
0 0.27993874999999996 0.35750000000000004 0.0237525 0.043
0 0.2526875 0.412 0.02575 0.06266666666666666
0 0.35431999999999997 0.3721666666666667 0.058004999999999994 0.047
0 0.39282249999999996 0.44616666666666666 0.050004999999999994 0.025
0 0.44207624999999995 0.43566666666666665 0.0480025 0.029333333333333333
0 0.44482625 0.45516666666666666 0.0305025 0.023666666666666666
0 0.4514525 0.48133333333333334 0.02125 0.054
0 0.40519875 0.4761666666666667 0.0422525 0.036333333333333336
0 0.38094625 0.47733333333333333 0.0437525 0.06066666666666667
0 0.3223175 0.4831666666666667 0.04800499999999999 0.045
0 0.45882749999999994 0.41550000000000004 0.042004999999999994 0.039
0 0.424075 0.2633333333333333 0.0265 0.07
0 0.44007625 0.24366666666666664 0.017502499999999997 0.032
0 0.45920249999999996 0.25483333333333336 0.02025 0.035
0 0.46145374999999994 0.23383333333333334 0.0227525 0.025666666666666667
0 0.47457875 0.23883333333333334 0.0195025 0.035666666666666666
0 0.48533 0.2135 0.021 0.03766666666666667
0 0.490205 0.26083333333333336 0.02125 0.057666666666666665
0 0.47395375 0.269 0.0192525 0.028
0 0.44395125 0.277 0.025252499999999997 0.04533333333333334
0 0.46570374999999997 0.289 0.039752499999999996 0.024666666666666667
0 0.48995500000000003 0.31016666666666665 0.01775 0.05433333333333333
0 0.5074562499999999 0.28933333333333333 0.026252499999999998 0.05733333333333333
0 0.50158125 0.24466666666666667 0.024502499999999997 0.04533333333333334
0 0.5244575 0.2926666666666667 0.03025 0.06333333333333334
0 0.54670875 0.25916666666666666 0.018752500000000054 0.044333333333333336
0 0.57983625 0.2841666666666667 0.02350249999999994 0.04633333333333333
0 0.47770375 0.35566666666666663 0.0427525 0.034666666666666665
0 0.50733125 0.35000000000000003 0.0235025 0.058
0 0.55020875 0.3506666666666667 0.03325250000000005 0.05533333333333333
0 0.46595375 0.38516666666666666 0.0402525 0.06233333333333333
0 0.48957999999999996 0.39233333333333337 0.0265 0.046
0 0.5229575 0.36783333333333335 0.01775 0.041
0 0.560835 0.3885 0.053005 0.039
0 0.5868362500000001 0.3466666666666667 0.036002499999999944 0.06
0 0.61108875 0.3573333333333333 0.029502500000000053 0.062
0 0.64121625 0.3481666666666667 0.02425249999999994 0.05433333333333333
0 0.5908487499999999 0.4150833333333333 0.029127500000000056 0.06583333333333333
0 0.5825987499999999 0.39458333333333334 0.023877500000000055 0.0645
0 0.56778375 0.4335833333333333 0.02100249999999994 0.057833333333333334
0 0.62378875 0.42683333333333334 0.04850249999999994 0.05366666666666667
0 0.66316625 0.40900000000000003 0.03350250000000005 0.06333333333333334
0 0.6767925 0.39275 0.0225 0.04583333333333333
0 0.66016625 0.36641666666666667 0.016752500000000056 0.0375
0 0.48277875 0.44033333333333335 0.0325025 0.054
0 0.5382825000000001 0.40499999999999997 0.02425 0.02666666666666667
0 0.5533462499999999 0.4445 0.018127499999999942 0.043666666666666666
0 0.55484625 0.41875 0.02387749999999994 0.031166666666666665
0 0.53315625 0.48800000000000004 0.025502500000000053 0.053
0 0.53359375 0.5363333333333333 0.027127500000000054 0.05366666666666667
0 0.49652874999999996 0.5064166666666667 0.024502499999999997 0.0545
0 0.51084375 0.5029166666666667 0.027627500000000055 0.0675
0 0.47334 0.4994166666666667 0.028375 0.06416666666666666
0 0.45771375 0.5249166666666667 0.0268775 0.0595
0 0.48609125 0.5415 0.0521275 0.032
0 0.5767224999999999 0.46799999999999997 0.017625 0.034666666666666665
0 0.42358625 0.5029166666666667 0.0438775 0.057166666666666664
0 0.4385875 0.52075 0.015125 0.03383333333333333
0 0.41133624999999996 0.5510833333333334 0.0423775 0.06283333333333334
0 0.4359625 0.5971666666666666 0.049629999999999994 0.06066666666666667
0 0.48084125 0.56425 0.045627499999999994 0.04416666666666667
0 0.46721375 0.5945 0.027877499999999996 0.035666666666666666
0 0.5035925 0.5778333333333334 0.05238000000000005 0.035666666666666666
0 0.39345874999999997 0.6221666666666666 0.047877499999999996 0.04933333333333333
0 0.46158874999999994 0.6306666666666667 0.0353775 0.03933333333333333
0 0.48159124999999997 0.6260833333333333 0.0338775 0.031166666666666665
0 0.50603 0.6133333333333334 0.05050500000000005 0.036
0 0.5563462499999999 0.5575 0.029377499999999942 0.05633333333333333
0 0.53190625 0.5838333333333333 0.049752500000000054 0.04
0 0.58616125 0.5924166666666667 0.04600250000000006 0.06616666666666667
0 0.54978375 0.6048333333333333 0.04725249999999994 0.03933333333333333
0 0.58147375 0.4955 0.025377500000000056 0.028333333333333332
0 0.589175 0.5110416666666667 0.03718999999999994 0.04575
0 0.63939625 0.511 0.043877500000000055 0.0405
0 0.627255 0.537 0.047505 0.044
0 0.6217550000000001 0.55275 0.04850499999999999 0.05316666666666667
0 0.67069625 0.5231666666666667 0.017627499999999942 0.018
0 0.66200875 0.5571666666666666 0.03625249999999994 0.057
0 0.659195 0.4653333333333333 0.05313 0.027
0 0.6173787500000001 0.4741666666666667 0.03700249999999994 0.07533333333333334
0 0.65707 0.49433333333333335 0.05563 0.042333333333333334
0 0.6968237500000001 0.46241666666666664 0.026127500000000053 0.06583333333333333
0 0.73045125 0.4710833333333333 0.04487749999999994 0.0425
0 0.45439124999999997 0.675 0.0447525 0.035333333333333335
0 0.49714375 0.6508333333333334 0.0522525 0.03966666666666667
0 0.5456475 0.6361666666666667 0.044254999999999996 0.035666666666666666
0 0.46251624999999996 0.6923333333333334 0.0570025 0.05
0 0.45389 0.7330000000000001 0.055255 0.04533333333333334
0 0.51102 0.6645000000000001 0.039505000000000054 0.03766666666666667
0 0.5533987499999999 0.653 0.043252499999999944 0.026
0 0.5398974999999999 0.6788333333333334 0.052254999999999996 0.029666666666666668
0 0.62601625 0.5788333333333333 0.036252500000000056 0.03933333333333333
0 0.6462675 0.6206666666666667 0.047255 0.05
0 0.6050137499999999 0.6084166666666666 0.03700249999999994 0.0325
0 0.58838875 0.634 0.04125249999999994 0.03166666666666667
0 0.6298287499999999 0.6397499999999999 0.03837750000000006 0.04683333333333333
0 0.59276375 0.6653333333333333 0.04075249999999994 0.042
0 0.61651625 0.6575833333333334 0.03175250000000005 0.0355
0 0.65051875 0.6635 0.04025249999999994 0.048
0 0.68152 0.5675 0.028 0.08033333333333334
0 0.7135849999999999 0.5804166666666667 0.03913 0.07816666666666666
0 0.70120875 0.5639166666666666 0.022877500000000054 0.07683333333333334
0 0.681165 0.6545 0.054755 0.07033333333333333
0 0.7303350000000001 0.6312500000000001 0.04763 0.0515
0 0.7942775000000001 0.56325 0.072005 0.05416666666666667
0 0.7874025 0.6006666666666667 0.066505 0.061
0 0.7600862500000001 0.5531666666666667 0.025877499999999942 0.03166666666666667
0 0.76315 0.6201666666666666 0.044504999999999996 0.057
0 0.79409 0.64325 0.024125 0.051833333333333335
0 0.81077875 0.6676666666666666 0.035252499999999944 0.08766666666666667
0 0.7672125000000001 0.6560833333333334 0.04738 0.0465
0 0.7544625 0.6850833333333334 0.05712999999999999 0.07016666666666667
0 0.73871 0.7015 0.06688 0.06233333333333333
0 0.6955825 0.6809166666666666 0.025125 0.042833333333333334
0 0.75339875 0.7448333333333333 0.04700249999999994 0.044
0 0.71489625 0.7348333333333333 0.04100250000000005 0.06633333333333333
0 0.69251875 0.72775 0.04250249999999994 0.0825
0 0.64957875 0.7025833333333333 0.04662750000000006 0.05683333333333333
0 0.52803 0.7103333333333334 0.04650500000000005 0.042
0 0.60178625 0.6985 0.044002500000000055 0.033
0 0.6291625 0.7338333333333333 0.039255 0.039
0 0.65116375 0.7785 0.03875249999999994 0.051
0 0.6724162499999999 0.739 0.03825250000000006 0.062
0 0.67566625 0.7736666666666666 0.049752500000000054 0.06133333333333333
0 0.7564224999999999 0.7885000000000001 0.066255 0.05366666666666667
0 0.51677875 0.7468333333333333 0.047002499999999996 0.043
0 0.2154975 0.40595 0.049 0.07131333333333327
0 0.302955 0.6137266666666668 0.03975 0.07498000000000002
0 0.34645499999999996 0.6020633333333334 0.03075 0.07031333333333335
0 0.35233 0.68882 0.03 0.07297999999999995
0 0.4636225 0.7505433333333333 0.05275 0.04332000000000001
0 0.4886225 0.7530416666666667 0.0355 0.0613166666666666
0 0.4668725 0.791865 0.0485 0.04198999999999993
0 0.51956 0.78645 0.062124999999999944 0.04915333333333335
0 0.5133725 0.8144433333333334 0.03524999999999994 0.06914666666666669
0 0.5523724999999999 0.7838666666666666 0.0325 0.04998666666666668
0 0.5786849999999999 0.6830883333333333 0.034875 0.03582333333333334
0 0.568685 0.7084983333333335 0.045125 0.0436566666666666
0 0.5808099999999999 0.7279933333333333 0.046875 0.03199333333333334
0 0.5517475 0.75207 0.05575 0.04948666666666668
0 0.5913724999999999 0.7499883333333333 0.035 0.0406566666666666
0 0.6189349999999999 0.75432 0.030875 0.08331333333333335
0 0.5891225 0.78548 0.0475 0.04832000000000001
0 0.620435 0.8008083333333332 0.052875 0.038989999999999934
0 0.54481 0.8169716666666667 0.046375 0.037656666666666755
0 0.63974625 0.822135 0.04599750000000006 0.038989999999999934
0 0.6178724999999999 0.8426299999999999 0.0605 0.04998666666666668
0 0.5666224999999999 0.8358816666666666 0.02775 0.06614999999999994
0 0.481935 0.8306616666666667 0.042625 0.06814999999999993
0 0.53131 0.8472399999999999 0.034125 0.04998666666666668
0 0.5873925 0.8421316666666667 0.026875 0.0903100000000001
0 0.54033 0.88187 0.04775 0.05115333333333334
0 0.5784349999999999 0.89359 0.028875 0.0788133333333332
0 0.6032474999999999 0.90142 0.02875 0.07981333333333335
0 0.6211225 0.9061683333333334 0.02675 0.08730999999999994
0 0.64230875 0.8786766666666667 0.03937250000000006 0.07264666666666668
0 0.6718075 0.8511 0.027875 0.07014666666666669
0 0.7126825 0.80303 0.027625 0.03166000000000001
0 0.695705 0.8659583333333334 0.036 0.09197666666666676
0 0.72739125 0.8420483333333333 0.051872499999999946 0.0638166666666666
0 0.7552037500000001 0.8219683333333334 0.06149749999999995 0.05998333333333342
0 0.7880575 0.6883383333333333 0.026875 0.042656666666666676
0 0.5132275000000001 0.17675000000000002 0.027374999999999945 0.03366000000000001
0 0.5705375 0.18699833333333332 0.026 0.05681666666666668
0 0.540665 0.206825 0.02675 0.01249666666666667
0 0.586725 0.21807333333333334 0.025125 0.04832000000000001
0 0.6026625000000001 0.22382166666666667 0.02225 0.05648333333333335
0 0.6109125000000001 0.20532666666666666 0.0335 0.05615333333333335
0 0.54122625 0.22115500000000002 0.05637250000000006 0.027823333333333342
0 0.56391375 0.24823166666666666 0.024747500000000058 0.04598999999999997
0 0.6144974999999999 0.27927833333333335 0.02275 0.034323333333333345
0 0.6251224999999999 0.27827999999999997 0.017 0.022993333333333338
0 0.61881 0.30094000000000004 0.037875 0.03065999999999997
0 0.64530875 0.28769333333333336 0.03162250000000006 0.02582666666666667
0 0.6723075000000001 0.23412333333333335 0.017625 0.05232000000000001
0 0.6854325 0.23254166666666667 0.020125 0.05481666666666668
0 0.700745 0.21621166666666666 0.01725 0.03715666666666668
0 0.716495 0.21446333333333334 0.0295 0.05132000000000001
0 0.6945575 0.26128333333333337 0.031875 0.055653333333333346
0 0.7188075 0.2632966666666667 0.030875 0.05965333333333334
0 0.738495 0.24738333333333332 0.0185 0.05715333333333335
0 0.762495 0.21855833333333333 0.03 0.05514999999999998
0 0.733495 0.15324166666666666 0.033 0.033156666666666654
0 0.7738075000000001 0.13949666666666669 0.029875 0.04932000000000001
0 0.783995 0.17323666666666668 0.031 0.05082000000000001
0 0.810745 0.18723333333333333 0.034 0.056819999999999975
0 0.8325575 0.13399666666666668 0.038625 0.030326666666666672
0 0.856495 0.181235 0.02725 0.03249000000000001
0 0.8629325 0.17123666666666668 0.022875 0.027826666666666673
0 0.7535375000000001 0.25627 0.028 0.07247999999999998
0 0.7774125 0.25802 0.023 0.06364666666666664
0 0.7871625 0.28242999999999996 0.018 0.046820000000000014
0 0.8272875000000001 0.234525 0.03075 0.061649999999999976
0 0.8329125000000001 0.19737000000000002 0.0145 0.024660000000000005
0 0.850975 0.23794166666666666 0.022375 0.053149999999999975
0 0.7349125000000001 0.291275 0.0235 0.05681666666666665
0 0.7086625000000001 0.31085333333333337 0.038 0.028659999999999967
0 0.7473500000000001 0.3191016666666667 0.023625 0.06981666666666664
0 0.7717875000000001 0.3183516666666667 0.03075 0.06431666666666665
0 0.78535 0.3261833333333333 0.028875 0.07464666666666665
0 0.8247875 0.2788616666666667 0.03625 0.05764999999999998
0 0.805475 0.332765 0.030125 0.07114999999999998
0 0.8394112499999999 0.28985833333333333 0.04474749999999995 0.06298333333333331
0 0.832765 0.343235 0.026875 0.06465000000000001
0 0.7030175000000001 0.33990166666666666 0.046875 0.03565666666666668
0 0.724705 0.37972333333333336 0.04075 0.07631333333333336
0 0.73933 0.35214833333333334 0.0345 0.06548333333333335
0 0.77976625 0.37947333333333333 0.04562249999999995 0.07448000000000002
0 0.7011425000000001 0.3758916666666667 0.040375 0.04599000000000001
0 0.76870375 0.39997000000000005 0.03874749999999995 0.07981333333333335
0 0.811515 0.3971366666666667 0.034625 0.07248000000000002
0 0.6898075 0.4110500000000001 0.025625 0.04498666666666668
0 0.65962125 0.44095833333333334 0.02674750000000006 0.0281566666666666
0 0.717245 0.42121333333333333 0.028 0.058319999999999934
0 0.7446825 0.43521 0.029875 0.08397999999999994
0 0.7640575 0.44512333333333337 0.026625 0.07447999999999995
0 0.79712 0.45212166666666664 0.04525 0.06414999999999994
0 0.711225 0.52052 0.039375 0.055320000000000015
0 0.7406625000000001 0.5069416666666666 0.0455 0.06048333333333335
0 0.7836 0.5019416666666666 0.059375 0.03849000000000001
0 0.7666000000000001 0.5308516666666666 0.051625 0.04399000000000001
0 0.802475 0.5294333333333333 0.045625 0.05115333333333334
0 0.6891575000000001 0.09867999999999999 0.0315 0.047653333333333325
0 0.8673274999999999 0.13300333333333333 0.01975 0.02549333333333334
0 0.896265 0.11067666666666666 0.019125 0.021159999999999988
0 0.907515 0.12358999999999999 0.019375 0.024326666666666674
0 0.891515 0.147755 0.033625 0.03832333333333334
0 0.905765 0.19149333333333335 0.039125 0.05182000000000001
0 0.897765 0.20723833333333336 0.039625 0.05565000000000001
0 0.9588899999999999 0.103265 0.029375 0.03665666666666666
0 0.9527025 0.12509333333333333 0.02675 0.03099333333333332
0 0.98712 0.12417666666666666 0.025164999999999965 0.029826666666666654
0 0.9447025 0.17333 0.02875 0.047820000000000015
0 0.9579525 0.16041666666666665 0.02625 0.047653333333333346
0 0.9763274999999999 0.15830666666666665 0.02575 0.05331999999999999
0 0.9922025 0.15730666666666668 0.014 0.037326666666666654
0 0.91775875 0.12885 0.0140625 0.016326666666666673
0 0.9031199999999999 0.25908166666666665 0.02975 0.058150000000000014
0 0.926245 0.26983 0.02925 0.05932000000000001
0 0.96862 0.21784499999999998 0.04975 0.03832333333333334
0 0.98287 0.20109666666666665 0.03475 0.04848666666666668
0 0.99012 0.23883833333333332 0.02025 0.03732333333333334
0 0.9739325 0.25566666666666665 0.028625 0.05798666666666668
0 0.9143074999999999 0.3128183333333333 0.055875 0.052649999999999975
0 0.945245 0.30640333333333336 0.02125 0.062486666666666676
0 0.9869325 0.28232666666666667 0.026875 0.02499333333333334
0 0.9921825000000001 0.264665 0.014625 0.01499666666666667
0 0.9618700000000001 0.3069033333333333 0.02825 0.06082000000000001
0 0.9859950000000001 0.3154016666666667 0.02825 0.059150000000000015
0 0.8764325 0.31223500000000004 0.032625 0.06915000000000002
0 0.913245 0.3291483333333334 0.043 0.034323333333333345
0 0.86087 0.33398000000000005 0.03525 0.07098000000000002
0 0.9109325 0.3570566666666667 0.065375 0.03716000000000005
0 0.9810575 0.3492266666666667 0.037625 0.02749333333333334
0 0.966245 0.36488833333333337 0.048 0.033156666666666675
0 0.941495 0.34247666666666665 0.0165 0.01699333333333334
0 0.8472025 0.39799 0.02875 0.06015333333333334
0 0.8801399999999999 0.3786633333333333 0.019375 0.05082000000000001
0 0.8688275 0.4004066666666667 0.04175 0.06864666666666669
0 0.896015 0.41881833333333335 0.035875 0.08814333333333335
0 0.91689 0.40498833333333334 0.029125 0.06981666666666668
0 0.9365775000000001 0.40407333333333334 0.0355 0.07664666666666668
0 0.8317025 0.40823833333333337 0.02325 0.06931666666666668
0 0.8105375 0.4678616666666667 0.0455 0.06815000000000002
0 0.8501 0.44786499999999996 0.034875 0.06115000000000002
0 0.91184875 0.4530316666666666 0.058872499999999946 0.04482333333333334
0 0.8542875000000001 0.5335933333333334 0.04275 0.09330666666666669
0 0.8241 0.49693666666666664 0.027875 0.07264666666666668
0 0.8600375 0.49577 0.04725 0.060653333333333344
0 0.8731 0.4574466666666666 0.022875 0.05798666666666668
0 0.89447375 0.4991866666666666 0.050372499999999945 0.05082000000000001
0 0.9290975 0.47186 0.035875 0.040153333333333346
0 0.91247375 0.512765 0.04512249999999995 0.058983333333333346
0 0.9592799999999999 0.385505 0.04425 0.03899000000000001
0 0.98628 0.38933666666666666 0.02675 0.05665333333333335
0 0.96678 0.4166633333333334 0.04025 0.05198666666666668
0 0.965655 0.45332000000000006 0.0495 0.027326666666666673
0 0.992655 0.42699333333333334 0.0175 0.05598666666666668
0 0.98278 0.47514666666666666 0.03575 0.023660000000000007
0 0.973405 0.4976416666666667 0.0545 0.032656666666666674
0 0.949905 0.4869766666666667 0.032 0.04798666666666668
0 0.9626549999999999 0.5194700000000001 0.0425 0.047653333333333346
0 0.985265 0.5326783333333333 0.027375 0.03649000000000001
0 0.98014 0.5714183333333333 0.033625 0.07764333333333336
0 0.9620774999999999 0.5641716666666666 0.03975 0.06348333333333335
0 0.886995 0.540065 0.0645 0.05781666666666668
0 0.926495 0.55098 0.03575 0.10430666666666669
0 0.89437 0.59172 0.04675 0.07481333333333336
0 0.8504325 0.5614766666666666 0.051125 0.06398000000000002
0 0.92087 0.5998833333333333 0.051 0.0651466666666666
0 0.836475 0.5922183333333334 0.024875 0.021163333333333336
0 0.875225 0.6031316666666667 0.062125 0.041656666666666675
0 0.8777874999999999 0.62946 0.063 0.0499866666666666
0 0.92216125 0.646455 0.042747499999999945 0.037323333333333264
0 0.954245 0.6192666666666667 0.03325 0.04248666666666668
0 0.980245 0.6229316666666666 0.03325 0.03449000000000001
0 0.97766 0.65809 0.045 0.05182000000000001
0 0.9515975 0.6618383333333332 0.032875 0.06698333333333327
0 0.92409875 0.6904983333333333 0.03287249999999994 0.08997666666666669
0 0.9675975 0.70741 0.064875 0.05848666666666668
0 0.980535 0.7362366666666667 0.0355 0.07114666666666669
0 0.9430775 0.7500666666666665 0.05075 0.05015333333333335
0 0.97039 0.752315 0.037625 0.045989999999999934
0 0.8574125 0.6616166666666666 0.06325 0.04698666666666668
0 0.8875375 0.7044383333333334 0.0345 0.0863100000000001
0 0.90578625 0.6966916666666667 0.034747499999999945 0.08647666666666669
0 0.8455375 0.6921933333333332 0.0625 0.04815333333333335
0 0.83235 0.7207683333333333 0.045375 0.05665000000000009
0 0.8637875 0.7482700000000001 0.02825 0.10366
0 0.8102874999999999 0.7367816666666667 0.0835 0.05798333333333342
0 0.8140375 0.7931016666666667 0.0545 0.08530999999999994
0 0.795725 0.7831866666666667 0.044375 0.1008066666666667
0 0.8546 0.807015 0.048875 0.0858100000000001
0 0.8929525 0.7735233333333333 0.03525 0.07481333333333336
0 0.9288899999999999 0.7906850000000001 0.057875 0.06815000000000009
0 0.9343899999999999 0.8112616666666667 0.060875 0.06498333333333342
0 0.8858275 0.8100966666666667 0.03775 0.09130666666666669
0 0.97612 0.8371183333333334 0.0485 0.06548333333333327
0 0.9936200000000001 0.7897966666666667 0.0135 0.03449333333333334
0 0.9301200000000001 0.8664149999999999 0.0555 0.047323333333333266
0 0.9791825000000001 0.8675816666666667 0.041875 0.06364999999999994
0 0.657205 0.90896 0.046 0.06864666666666669
0 0.6987675 0.9081266666666666 0.035375 0.07231333333333335
0 0.734205 0.8897966666666666 0.0445 0.09764000000000002
0 0.7612675000000001 0.874385 0.031875 0.07814333333333327
0 0.82914125 0.8520583333333334 0.06587249999999994 0.040489999999999936
0 0.83414125 0.8932133333333333 0.06412249999999994 0.045153333333333344
0 0.6704974999999999 0.930565 0.04425 0.045323333333333264
0 0.6545599999999999 0.9666383333333334 0.057875 0.04049000000000008
0 0.47093625 0.8902216666666667 0.0641225 0.0888100000000001
0 0.3837075 0.8106883333333333 0.0755 0.06981666666666661
0 0.453875 0.07591333333333333 0.02525 0.026326666666666672
0 0.1172125 0.03820166666666666 0.01475 0.017329999999999998
0 0.0057125 0.21559833333333334 0.01125 0.05798333333333331
0 0.4541875 0.31600833333333334 0.039625 0.04532333333333334
0 0.4655 0.314675 0.03525 0.04465666666666668
0 0.435625 0.33075333333333334 0.02025 0.05048666666666668
0 0.449875 0.35599833333333336 0.02575 0.06598333333333335
0 0.5142075 0.41115 0.02675 0.017660000000000006
