0 0.8630299707602339 0.05852521929824561 0.02412280701754386 0.043859649122807015
0 0.9665570175438597 0.06537828947368421 0.02540204678362573 0.051535087719298246
0 0.8851425438596492 0.06085526315789474 0.024853801169590642 0.04139254385964912
0 0.8741776315789475 0.10307017543859649 0.0266812865497076 0.04906798245614035
0 0.9184027777777778 0.10553728070175439 0.019371345029239765 0.04523026315789474
0 0.8968384502923976 0.11581688596491228 0.023391812865497075 0.04276315789473684
0 0.8833150584795322 0.13733552631578946 0.03326023391812866 0.05345394736842105
0 0.9055190058479532 0.1444627192982456 0.02905701754385965 0.05893640350877193
0 0.9184941520467835 0.1567982456140351 0.027595029239766082 0.0556469298245614
0 0.7408625730994153 0.062225877192982455 0.03490497076023392 0.03262061403508772
0 0.757218567251462 0.059347587719298246 0.03983918128654971 0.023574561403508772
0 0.7843567251461988 0.0771655701754386 0.021747076023391813 0.043859649122807015
0 0.740405701754386 0.08518366228070175 0.039473684210526314 0.02425986842105263
0 0.9947916666666667 0.0722313596491228 0.01023391812865497 0.03289473684210526
0 0.8110380116959065 0.08826754385964912 0.018457602339181287 0.04797149122807018
0 0.852796052631579 0.09662828947368421 0.024853801169590642 0.05756578947368421
0 0.768640350877193 0.08223684210526316 0.030519005847953216 0.02275219298245614
0 0.6721491228070176 0.09745065789473684 0.030153508771929825 0.04057017543859649
0 0.6817434210526316 0.13815789473684212 0.033625730994152045 0.04468201754385965
0 0.9640899122807017 0.10868969298245613 0.02046783625730994 0.05921052631578947
0 0.829952485380117 0.10868969298245615 0.01864035087719298 0.0581140350877193
0 0.890625 0.09827302631578946 0.025950292397660817 0.0356359649122807
0 0.8150584795321637 0.1234923245614035 0.022478070175438597 0.04824561403508772
0 0.7775036549707602 0.12541118421052633 0.028143274853801168 0.025219298245614034
0 0.9458150584795321 0.1103344298245614 0.027412280701754384 0.05482456140350877
0 0.9786184210526316 0.14131030701754388 0.02540204678362573 0.05756578947368421
0 0.846217105263158 0.1137609649122807 0.019371345029239765 0.05180921052631579
0 0.7242324561403509 0.11047149122807018 0.03892543859649123 0.034265350877192985
0 0.6506761695906432 0.13445723684210525 0.027777777777777776 0.05043859649122807
0 0.9446271929824561 0.1373355263157895 0.03892543859649123 0.05455043859649123
0 0.942251461988304 0.1724232456140351 0.020285087719298246 0.06716008771929824
0 0.9694353070175439 0.1753015350877193 0.04029605263157895 0.03399122807017544
0 0.7454312865497076 0.13068804824561403 0.04111842105263158 0.041529605263157895
0 0.756030701754386 0.14131030701754388 0.047697368421052634 0.02631578947368421
0 0.7844480994152047 0.15158991228070176 0.03654970760233918 0.038651315789473686
0 0.8044590643274854 0.1636513157894737 0.01882309941520468 0.05345394736842105
0 0.8481359649122806 0.1585800438596491 0.03527046783625731 0.042214912280701754
0 0.8207236842105263 0.16858552631578946 0.021747076023391813 0.060032894736842105
0 0.995796783625731 0.1821546052631579 0.008223684210526315 0.02412280701754386
0 0.7644371345029239 0.17064144736842105 0.04331140350877193 0.03837719298245614
0 0.7025767543859649 0.15899122807017543 0.04349415204678363 0.01617324561403509
0 0.8725328947368421 0.16639254385964913 0.047149122807017545 0.027138157894736843
0 0.9191337719298246 0.22820723684210525 0.04057017543859649 0.0625
0 0.7526498538011696 0.17680921052631576 0.04678362573099415 0.04577850877192982
0 0.734375 0.18133223684210525 0.027777777777777776 0.047149122807017545
0 0.718201754385965 0.18722587719298248 0.01918859649122807 0.04358552631578947
0 0.7711988304093568 0.22190241228070173 0.03344298245614035 0.06359649122807018
0 0.7586805555555556 0.2301260964912281 0.024853801169590642 0.05921052631578947
0 0.7999360380116959 0.3142132675438597 0.030062134502923978 0.0683936403508772
0 0.6612755847953216 0.1747532894736842 0.027412280701754384 0.04057017543859649
0 0.5997807017543859 0.1943530701754386 0.020285087719298246 0.07209429824561403
0 0.5815972222222222 0.19654605263157895 0.02046783625730994 0.05345394736842105
0 0.5330774853801169 0.1875 0.03782894736842105 0.04851973684210526
0 0.6896929824561404 0.1763980263157895 0.04842836257309942 0.02631578947368421
0 0.6447368421052632 0.2055921052631579 0.022112573099415205 0.05345394736842105
0 0.6744334795321637 0.19969846491228072 0.03983918128654971 0.03399122807017544
0 0.7895650584795322 0.19421600877192982 0.0222953216374269 0.05921052631578947
0 0.6153143274853801 0.19791666666666669 0.02320906432748538 0.057291666666666664
0 0.935763888888889 0.2012061403508772 0.03399122807017544 0.059484649122807015
0 0.8261147660818714 0.19887609649122806 0.025950292397660817 0.05263157894736842
0 0.8425621345029239 0.20326206140350878 0.027777777777777776 0.05043859649122807
0 0.8559027777777778 0.20970394736842105 0.029239766081871343 0.057839912280701754
0 0.6889163011695907 0.20483826754385964 0.039565058479532164 0.04673793859649123
0 0.7002923976608186 0.22738486842105265 0.020650584795321638 0.06524122807017543
0 0.6824744152046783 0.25561951754385964 0.023026315789473683 0.05701754385964912
0 0.9811769005847953 0.21724232456140352 0.03709795321637427 0.05866228070175439
0 0.9923245614035088 0.21011513157894735 0.014802631578947368 0.042214912280701754
0 0.8848684210526316 0.2080592105263158 0.04148391812865497 0.032072368421052634
0 0.633406432748538 0.21559758771929824 0.017361111111111112 0.03837719298245614
0 0.7298062865497076 0.21641995614035087 0.039473684210526314 0.027412280701754384
0 0.734375 0.24917763157894737 0.03508771929824561 0.05235745614035088
0 0.7174707602339181 0.2436951754385965 0.03819444444444445 0.02987938596491228
0 0.7034904970760234 0.27042214912280704 0.03764619883040936 0.04111842105263158
0 0.9675621345029239 0.24054276315789475 0.023757309941520467 0.05756578947368421
0 0.5802266081871345 0.24081688596491227 0.030884502923976608 0.054276315789473686
0 0.6560672514619883 0.23985745614035087 0.03344298245614035 0.05016447368421053
0 0.5441337719298246 0.23081140350877194 0.04057017543859649 0.02823464912280702
0 0.890625 0.2480811403508772 0.023391812865497075 0.05838815789473684
0 0.8900767543859649 0.2937225877192982 0.03326023391812866 0.04550438596491228
0 0.8249269005847953 0.2486293859649123 0.02138157894736842 0.04961622807017544
0 0.8657711988304093 0.25082236842105265 0.03545321637426901 0.05180921052631579
0 0.6176900584795322 0.2412280701754386 0.04258040935672515 0.031524122807017545
0 0.9179459064327485 0.24835526315789475 0.03490497076023392 0.04468201754385965
0 0.9502923976608187 0.26795504385964913 0.026133040935672515 0.06030701754385965
0 0.9356725146198831 0.27631578947368424 0.031980994152046784 0.031524122807017545
0 0.542077850877193 0.2597313596491228 0.020376461988304093 0.044956140350877194
0 0.9877101608187134 0.25753837719298245 0.023848684210526317 0.023574561403508772
0 0.6691794590643275 0.2731633771929825 0.027138157894736843 0.044407894736842105
0 0.697094298245614 0.30646929824561403 0.028143274853801168 0.02987938596491228
0 0.6679915935672515 0.31380208333333337 0.04632675438596491 0.044270833333333336
0 0.7398574561403508 0.28275767543859653 0.03728070175438596 0.05592105263157895
0 0.7506853070175439 0.2935169956140351 0.03298611111111111 0.06373355263157894
0 0.7889025950292398 0.2811129385964912 0.02106176900584795 0.047697368421052634
0 0.6274214181286549 0.28371710526315785 0.02823464912280702 0.04906798245614035
0 0.8711622807017544 0.2911184210526316 0.022112573099415205 0.05345394736842105
0 0.8321454678362573 0.29372258771929827 0.034722222222222224 0.051535087719298246
0 0.9817251461988303 0.2856359649122807 0.0360014619883041 0.03481359649122807
0 0.9193622076023392 0.3046875 0.033168859649122806 0.06085526315789474
0 0.926672149122807 0.35635964912280704 0.02640716374269006 0.07099780701754387
0 0.9929641812865497 0.32257401315789475 0.013523391812865496 0.043722587719298246
0 0.8671418128654971 0.34457236842105265 0.03782894736842105 0.062225877192982455
0 0.8393640350877193 0.33819901315789475 0.04367690058479532 0.039884868421052634
0 0.8039108187134504 0.34457236842105265 0.0268640350877193 0.05071271929824561
0 0.8999908625730995 0.34895833333333337 0.03243786549707602 0.060581140350877194
0 0.7268823099415205 0.3573190789473684 0.024853801169590642 0.06414473684210527
0 0.9881670321637427 0.35471491228070173 0.023300438596491228 0.04139254385964912
0 0.5272752192982456 0.37088815789473684 0.030975877192982455 0.06716008771929824
0 0.5778965643274854 0.3778782894736842 0.02677266081871345 0.07291666666666667
0 0.6180555555555555 0.3691063596491228 0.02101608187134503 0.05537280701754386
0 0.5984100877192983 0.3944627192982456 0.02631578947368421 0.10773026315789473
0 0.6694078947368421 0.37390350877192985 0.039656432748538015 0.059484649122807015
0 0.5541849415204678 0.3776041666666667 0.02850877192982456 0.06633771929824561
0 0.537828947368421 0.3973410087719298 0.019554093567251463 0.06140350877192982
0 0.436312134502924 0.3756853070175439 0.03179824561403509 0.05646929824561404
0 0.4567799707602339 0.4160498903508772 0.03654970760233918 0.06757127192982457
0 0.8125913742690059 0.3729440789473684 0.016812865497076022 0.05098684210526316
0 0.8276681286549707 0.3862390350877193 0.01663011695906433 0.06551535087719298
0 0.49246162280701755 0.39350328947368424 0.022934941520467836 0.07072368421052631
0 0.5092288011695906 0.39651864035087714 0.013888888888888888 0.05263157894736842
0 0.8730811403508771 0.38637609649122806 0.028143274853801168 0.04550438596491228
0 0.887609649122807 0.42214912280701755 0.018457602339181287 0.059484649122807015
0 0.8548976608187134 0.39295504385964913 0.04111842105263158 0.05098684210526316
0 0.9838724415204678 0.4077576754385965 0.032072368421052634 0.06578947368421052
0 0.9574652777777778 0.40981359649122806 0.03737207602339181 0.057291666666666664
0 0.9448099415204678 0.45641447368421056 0.03782894736842105 0.06332236842105263
0 0.6182839912280702 0.4253015350877193 0.025127923976608187 0.07456140350877193
0 0.6134411549707602 0.46340460526315785 0.0421235380116959 0.025767543859649123
0 0.391812865497076 0.4194078947368421 0.031615497076023395 0.06112938596491228
0 0.38706140350877194 0.45291940789473684 0.036366959064327485 0.06071820175438596
0 0.40807748538011696 0.4618969298245614 0.02503654970760234 0.057839912280701754
0 0.9240679824561403 0.40858004385964913 0.05116959064327485 0.03179824561403509
0 0.7880116959064327 0.4240679824561403 0.039656432748538015 0.060581140350877194
0 0.8196271929824562 0.41577576754385964 0.049890350877192985 0.044270833333333336
0 0.42214912280701755 0.42543859649122806 0.03782894736842105 0.057839912280701754
0 0.7089957967836258 0.4384594298245614 0.026726973684210526 0.08168859649122807
0 0.48857821637426896 0.43534128289473684 0.029605263157894735 0.07915296052631579
0 0.6393000730994152 0.4342105263157895 0.031158625730994153 0.0644188596491228
0 0.5788559941520468 0.44305098684210525 0.02887426900584795 0.07661732456140351
0 0.6750274122807017 0.44887609649122806 0.030610380116959063 0.07675438596491228
0 0.686860380116959 0.46875 0.027777777777777776 0.06606359649122807
0 0.7313596491228069 0.45401589912280704 0.027960526315789474 0.08264802631578948
0 0.5434027777777778 0.45216557017543857 0.0222953216374269 0.07730263157894737
0 0.5189144736842105 0.44901315789473684 0.029239766081871343 0.06990131578947369
0 0.7854989035087719 0.4438048245614035 0.025127923976608187 0.055098684210526314
0 0.7545687134502924 0.47628837719298245 0.03929093567251462 0.0581140350877193
0 0.7946820175438597 0.48464912280701755 0.041666666666666664 0.06770833333333333
0 0.802266081871345 0.501233552631579 0.04294590643274854 0.05592105263157895
0 0.8698830409356725 0.4576480263157895 0.02942251461988304 0.07894736842105263
0 0.856907894736842 0.5126781798245614 0.02942251461988304 0.03193530701754386
0 0.835343567251462 0.546875 0.044407894736842105 0.04029605263157895
0 0.8241045321637427 0.4370888157894737 0.03618421052631579 0.0268640350877193
0 0.846765350877193 0.4673793859649123 0.02412280701754386 0.06990131578947369
0 0.828764619883041 0.47354714912280704 0.02540204678362573 0.05921052631578947
0 0.8135964912280702 0.5339912280701754 0.02503654970760234 0.06716008771929824
0 0.8346125730994153 0.5222039473684211 0.033808479532163746 0.04194078947368421
0 0.9906341374269007 0.45668859649122806 0.018548976608187134 0.06551535087719298
0 0.9214181286549707 0.48684210526315785 0.05171783625730994 0.10334429824561403
0 0.9127375730994153 0.5023300438596491 0.025584795321637425 0.07291666666666667
0 0.930921052631579 0.4583333333333333 0.042214912280701754 0.04523026315789474
0 0.9713084795321638 0.4761513157894737 0.017361111111111112 0.05180921052631579
0 0.8917214912280702 0.48218201754385964 0.02266081871345029 0.060032894736842105
0 0.34304184941520466 0.47176535087719296 0.049570540935672515 0.034265350877192985
0 0.5623629385964912 0.48958333333333337 0.026041666666666668 0.06770833333333333
0 0.6132127192982456 0.4935581140350877 0.0489766081871345 0.047149122807017545
0 0.38148757309941517 0.4861567982456141 0.03435672514619883 0.02905701754385965
0 0.3639437134502924 0.516858552631579 0.03326023391812866 0.04057017543859649
0 0.5221582602339181 0.4881441885964912 0.0516264619883041 0.031661184210526314
0 0.48049159356725146 0.49643640350877194 0.04632675438596491 0.0424890350877193
0 0.46038925438596495 0.5239857456140351 0.028965643274853802 0.06140350877192982
0 0.9904970760233919 0.5097313596491229 0.01882309941520468 0.04550438596491228
0 0.9551352339181286 0.49821820175438597 0.012426900584795321 0.01918859649122807
0 0.9745065789473684 0.5208333333333334 0.03545321637426901 0.04961622807017544
0 0.9661915204678363 0.5308388157894737 0.049890350877192985 0.05537280701754386
0 0.5784904970760233 0.5163103070175439 0.019736842105263157 0.05537280701754386
0 0.7623355263157895 0.5121984649122807 0.04057017543859649 0.04276315789473684
0 0.7322733918128654 0.5117872807017544 0.038559941520467836 0.033168859649122806
0 0.5996893274853802 0.5297423245614035 0.025584795321637425 0.0756578947368421
0 0.6531432748538012 0.5197368421052632 0.030519005847953216 0.05016447368421053
0 0.6258223684210527 0.5333059210526316 0.046052631578947366 0.048793859649122806
0 0.7080592105263158 0.5619517543859649 0.03399122807017544 0.06661184210526316
0 0.6864948830409356 0.5566063596491228 0.03654970760233918 0.046052631578947366
0 0.6327668128654971 0.5461896929824561 0.04312865497076023 0.022478070175438597
0 0.6579404239766082 0.5839501096491228 0.01653874269005848 0.08484100877192982
0 0.6810124269005848 0.5715460526315789 0.03289473684210526 0.05893640350877193
0 0.6419956140350878 0.5882675438596492 0.02320906432748538 0.08141447368421052
0 0.8705226608187134 0.5237116228070176 0.03033625730994152 0.05975877192982456
0 0.3385416666666667 0.5309758771929824 0.02046783625730994 0.07044956140350878
0 0.3241045321637427 0.5526315789473684 0.02850877192982456 0.06661184210526316
0 0.385233918128655 0.5370065789473684 0.052083333333333336 0.030975877192982455
0 0.39629020467836257 0.5540021929824561 0.03654970760233918 0.05290570175438596
0 0.2992735745614035 0.5623629385964912 0.02882858187134503 0.05756578947368421
0 0.3599232456140351 0.5630482456140351 0.04422514619883041 0.0381030701754386
0 0.31524122807017546 0.5229577850877193 0.0360014619883041 0.0503015350877193
0 0.5309758771929824 0.518640350877193 0.05445906432748538 0.02987938596491228
0 0.5286001461988304 0.5434484649122806 0.02412280701754386 0.05098684210526316
0 0.4357638888888889 0.5119928728070176 0.014619883040935672 0.014665570175438597
0 0.8867872807017544 0.5296052631578947 0.034722222222222224 0.03700657894736842
0 0.48428362573099415 0.5429002192982456 0.03527046783625731 0.047149122807017545
0 0.5044773391812866 0.5441337719298246 0.04057017543859649 0.03481359649122807
0 0.43905336257309946 0.5707236842105263 0.04861111111111111 0.04413377192982456
0 0.4697551169590643 0.5686677631578947 0.01425438596491228 0.01425438596491228
0 0.46536915204678364 0.5945723684210527 0.036915204678362575 0.061677631578947366
0 0.7621527777777778 0.5353618421052632 0.03874269005847953 0.027138157894736843
0 0.7824378654970761 0.560032894736842 0.055190058479532164 0.06661184210526316
0 0.7867324561403509 0.5589364035087718 0.017361111111111112 0.02768640350877193
0 0.549250730994152 0.560718201754386 0.027777777777777776 0.06304824561403509
0 0.5761147660818714 0.5583881578947368 0.033625730994152045 0.033168859649122806
0 0.5554184941520468 0.5823739035087719 0.02640716374269006 0.046600877192982455
0 0.5869883040935673 0.5860745614035088 0.03527046783625731 0.02823464912280702
0 0.5674342105263158 0.6171875 0.017361111111111112 0.06578947368421052
0 0.5491593567251462 0.6269188596491229 0.02942251461988304 0.055098684210526314
0 0.5302448830409356 0.6632401315789473 0.027412280701754384 0.054276315789473686
0 0.5632309941520468 0.6798245614035088 0.04806286549707602 0.06551535087719298
0 0.4152960526315789 0.5533168859649122 0.019736842105263157 0.044407894736842105
0 0.8895285087719298 0.5629111842105263 0.03545321637426901 0.0581140350877193
0 0.9307839912280701 0.5505756578947368 0.05893640350877193 0.02850877192982456
0 0.9815423976608187 0.5848410087719298 0.025767543859649123 0.06798245614035088
0 0.8961074561403508 0.5844298245614035 0.04422514619883041 0.06277412280701754
0 0.9479623538011696 0.5938870614035088 0.05491593567251462 0.06578947368421052
0 0.9261695906432749 0.5873081140350878 0.01882309941520468 0.03399122807017544
0 0.9375913742690059 0.6140350877192983 0.036915204678362575 0.0644188596491228
0 0.9491959064327485 0.6263706140350878 0.03673245614035088 0.06387061403508772
0 0.907437865497076 0.6210252192982456 0.02850877192982456 0.0400219298245614
0 0.9091739766081871 0.6422697368421053 0.052083333333333336 0.05674342105263158
0 0.8630299707602339 0.5764802631578948 0.03179824561403509 0.05838815789473684
0 0.8327850877192983 0.5723684210526316 0.046600877192982455 0.03262061403508772
0 0.8255665204678363 0.5986842105263157 0.024853801169590642 0.02823464912280702
0 0.8444809941520468 0.6376781798245614 0.023940058479532164 0.0996436403508772
0 0.5079495614035088 0.5753837719298246 0.031432748538011694 0.04029605263157895
0 0.501827485380117 0.6011513157894737 0.01918859649122807 0.06661184210526316
0 0.4850146198830409 0.6048519736842105 0.018457602339181287 0.07182017543859649
0 0.618329678362573 0.5671600877192983 0.036915204678362575 0.023848684210526317
0 0.277046783625731 0.5887472587719298 0.05500730994152047 0.0546875
0 0.6776315789473684 0.5974506578947368 0.027960526315789474 0.06798245614035088
0 0.7032163742690059 0.5892269736842106 0.020650584795321638 0.0268640350877193
0 0.6991959064327485 0.6134868421052632 0.02320906432748538 0.04029605263157895
0 0.61421783625731 0.5930646929824561 0.04258040935672515 0.05098684210526316
0 0.6182383040935672 0.6203399122807017 0.027595029239766082 0.060581140350877194
0 0.4327485380116959 0.5892955043859649 0.04550438596491228 0.03577302631578947
0 0.7807017543859649 0.5992324561403509 0.03782894736842105 0.05400219298245614
0 0.7738029970760234 0.6172560307017544 0.04961622807017544 0.08292214912280702
0 0.7498172514619883 0.6006030701754386 0.026498538011695907 0.05455043859649123
0 0.9909539473684211 0.6110197368421053 0.017543859649122806 0.07264254385964912
0 0.9775219298245613 0.6565241228070174 0.044407894736842105 0.0512609649122807
0 0.3781067251461988 0.5964912280701754 0.05500730994152047 0.03536184210526316
0 0.736750730994152 0.6110197368421052 0.020833333333333332 0.06112938596491228
0 0.7139071637426901 0.6206140350877193 0.04239766081871345 0.06332236842105263
0 0.5982273391812866 0.6348684210526316 0.0445906432748538 0.08799342105263158
0 0.6040752923976609 0.6230811403508771 0.0266812865497076 0.05180921052631579
0 0.813139619883041 0.6333607456140351 0.03216374269005848 0.07839912280701754
0 0.8243786549707602 0.6380208333333333 0.028326023391812866 0.06853070175438597
0 0.996938961988304 0.6396655701754386 0.005391081871345029 0.04057017543859649
0 0.736750730994152 0.6530975877192983 0.03179824561403509 0.05317982456140351
0 0.7641630116959065 0.6696820175438596 0.02631578947368421 0.08525219298245613
0 0.7340095029239766 0.6896929824561403 0.03654970760233918 0.06277412280701754
0 0.7605080409356726 0.7210800438596491 0.0489766081871345 0.039473684210526314
0 0.6685855263157894 0.6584429824561403 0.05847953216374269 0.04358552631578947
0 0.20157163742690057 0.6830455043859649 0.030884502923976608 0.0878563596491228
0 0.4038514254385965 0.6794133771929824 0.0301078216374269 0.07785087719298246
0 0.5819627192982456 0.6707099780701754 0.05226608187134503 0.05413925438596491
0 0.458516081871345 0.6679002192982456 0.05720029239766082 0.044956140350877194
0 0.6233552631578947 0.6847587719298245 0.02284356725146199 0.05180921052631579
0 0.6827485380116959 0.6960663377192983 0.054276315789473686 0.04070723684210526
0 0.8666849415204679 0.7136787280701755 0.027046783625730993 0.06414473684210527
0 0.6446454678362573 0.7127192982456141 0.025219298245614034 0.04906798245614035
0 0.4325201023391813 0.7310855263157895 0.02823464912280702 0.08086622807017543
0 0.8550804093567251 0.7250548245614035 0.03344298245614035 0.06332236842105263
0 0.6128472222222222 0.7381441885964912 0.0445906432748538 0.08264802631578948
0 0.629797149122807 0.751439144736842 0.03737207602339181 0.09114583333333333
0 0.22473501461988304 0.736156798245614 0.0424890350877193 0.06853070175438597
0 0.9791666666666667 0.731359649122807 0.041849415204678365 0.04523026315789474
0 0.7827119883040936 0.7580180921052632 0.03490497076023392 0.09443530701754387
0 0.3709795321637427 0.7467105263157895 0.03929093567251462 0.06880482456140351
0 0.3463998538011696 0.7648026315789473 0.039108187134502925 0.06277412280701754
0 0.2759959795321637 0.7415021929824562 0.0377375730994152 0.06551535087719298
0 0.8070175438596491 0.7578125 0.03782894736842105 0.08991228070175439
0 0.4152960526315789 0.7531524122807018 0.029605263157894735 0.0805921052631579
0 0.5629568713450291 0.7404057017543859 0.028143274853801168 0.05400219298245614
0 0.5422149122807017 0.7619243421052632 0.02503654970760234 0.08442982456140351
0 0.6958150584795322 0.7464364035087719 0.034722222222222224 0.06387061403508772
0 0.6726059941520468 0.7667214912280702 0.05043859649122807 0.06661184210526316
0 0.4689327485380117 0.7584978070175439 0.02722953216374269 0.08086622807017543
0 0.4848318713450292 0.7598684210526316 0.029788011695906433 0.08141447368421052
0 0.4528965643274854 0.7691885964912281 0.03024488304093567 0.09347587719298246
0 0.5971308479532164 0.7523300438596492 0.03654970760233918 0.06469298245614036
0 0.9342105263157895 0.7607593201754386 0.046600877192982455 0.052768640350877194
0 0.7303545321637427 0.7740542763157895 0.03070175438596491 0.07086074561403509
0 0.960297880116959 0.7857730263157895 0.040661549707602336 0.09923245614035088
0 0.5820540935672515 0.7685032894736842 0.026133040935672515 0.0537280701754386
0 0.897249634502924 0.8011239035087718 0.04084429824561404 0.08991228070175439
0 0.9900402046783626 0.7717927631578948 0.019371345029239765 0.03399122807017544
0 0.5513523391812866 0.8511855811403509 0.04842836257309942 0.0908031798245614
0 0.5265899122807018 0.9821134868421053 0.027046783625730993 0.03138706140350877
0 0.8340241228070174 0.9640940241228071 0.020833333333333332 0.0635882675438596
0 0.834297331871345 0.9200054824561403 0.030235745614035053 0.042214912280701754
0 0.9869334795321638 0.7945449561403508 0.025584795321637425 0.04331140350877193
0 0.9936951754385965 0.685375548245614 0.010782163742690058 0.014665570175438597
0 0.8706140350877193 0.6304139254385964 0.031432748538011694 0.08374451754385964
0 0.8642635233918129 0.6402138157894737 0.02238669590643275 0.062225877192982455
0 0.7287554824561403 0.5424890350877193 0.036275584795321635 0.06195175438596491
0 0.7213541666666666 0.5542763157894737 0.031524122807017545 0.052083333333333336
0 0.5530884502923977 0.5615405701754386 0.010416666666666666 0.013706140350877192
0 0.5273209064327485 0.5893640350877193 0.030519005847953216 0.0625
0 0.5252649853801169 0.6121847587719298 0.03079312865497076 0.06866776315789473
0 0.4372770467836258 0.5296875 0.04376827485380117 0.05482456140350877
0 0.4117781432748538 0.5148711622807017 0.022934941520467836 0.03330592105263158
0 0.41886330409356726 0.49579495614035085 0.05664473684210527 0.02563048245614035
0 0.38148757309941517 0.5056195175438597 0.041301169590643276 0.03399122807017544
0 0.7455226608187134 0.3906935307017544 0.031980994152046784 0.05084978070175439
0 0.7484923245614035 0.41173245614035087 0.03572733918128655 0.04303728070175439
0 0.7738943713450293 0.27624725877192985 0.022934941520467836 0.057702850877192985
0 0.7827805190058479 0.3091762609649123 0.028097587719298246 0.040364583333333336
0 0.733781067251462 0.09436677631578948 0.04084429824561404 0.0234375
0 0.7545449561403509 0.10468612938596492 0.05226973684210526 0.020540021929824563
0 0.78671783625731 0.10196957236842105 0.030365497076023366 0.0417297149122807
0 0.7997139985380116 0.10811677631578948 0.01719115497076018 0.04550438596491228
0 0.7981542397660819 0.21402138157894737 0.02631578947368421 0.05413925438596491
0 0.8048702485380117 0.2363623903508772 0.02055921052631579 0.06236293859649123
0 0.8942799707602339 0.19058388157894737 0.0533625730994152 0.031661184210526314
0 0.9344736842105262 0.22738075657894735 0.03654970760233918 0.04330317982456141
0 0.9891365131578946 0.11855811403508772 0.02209247076023398 0.060581140350877194
0 0.9927357456140351 0.09594298245614036 0.013888888888888888 0.02261513157894737
0 0.695906432748538 0.10396107456140351 0.025767543859649123 0.05084978070175439
0 0.7011787280701754 0.13622258771929827 0.03919956140350877 0.04029605263157896
