0 0.42924999999999996 0.43200000000000005 0.01025 0.011666666666666667
0 0.45816625 0.4367666666666667 0.009082499999999981 0.016933333333333318
0 0.45061500000000004 0.4410316666666667 0.010480000000000019 0.018396666666666686
0 0.50210375 0.4513583333333333 0.014477499999999964 0.021843333333333326
0 0.5364475000000001 0.44112166666666663 0.022355000000000017 0.013910000000000006
0 0.54747875 0.44337 0.01629250000000002 0.015080000000000003
0 0.51922875 0.44683333333333336 0.009792500000000018 0.016666666666666666
0 0.512385 0.4527066666666667 0.010480000000000019 0.02025333333333333
0 0.57325 0.4460266666666667 0.015335000000000036 0.018339999999999995
0 0.47204250000000003 0.4445616666666667 0.009375 0.012990000000000008
0 0.46523 0.4491483333333333 0.0105 0.013330000000000003
0 0.5623750000000001 0.4526666666666667 0.0135 0.013666666666666667
0 0.546385 0.452355 0.015019999999999981 0.01449666666666667
0 0.5319575 0.45737 0.015125 0.017073333333333343
0 0.55297875 0.45327166666666663 0.008207499999999982 0.011330000000000003
0 0.4305625 0.46000833333333335 0.016434999999999946 0.01901666666666665
0 0.450625 0.4564066666666667 0.0165 0.017519999999999984
0 0.46490625 0.4605983333333333 0.0214375 0.014470000000000028
0 0.46037500000000003 0.4661666666666667 0.018 0.014
0 0.450125 0.47293333333333337 0.013375 0.016580000000000004
0 0.40546875 0.461535 0.0106875 0.017830000000000002
0 0.5687300000000001 0.4576616666666667 0.016375 0.010343333333333324
0 0.565625 0.4675 0.01 0.014
0 0.48717250000000006 0.46159500000000003 0.01588499999999999 0.01824333333333334
0 0.41878125 0.46166666666666667 0.0193125 0.009666666666666667
0 0.539375 0.4653333333333333 0.01 0.011
0 0.54929125 0.4655366666666667 0.011332499999999981 0.014593333333333324
0 0.5528749999999999 0.4681666666666667 0.011 0.013333333333333334
0 0.40253124999999995 0.4806666666666667 0.0193125 0.036333333333333336
0 0.39534375 0.48248833333333335 0.0195625 0.01449666666666667
0 0.39234375 0.47197 0.0141875 0.0184533333333333
0 0.57291625 0.4738833333333333 0.012417500000000019 0.023900000000000015
0 0.567385 0.48263833333333334 0.012519999999999983 0.01874333333333334
0 0.41353124999999996 0.47375999999999996 0.0110625 0.02028666666666671
0 0.4268275 0.4741283333333333 0.014404999999999973 0.01974333333333334
0 0.593375 0.47300000000000003 0.023 0.015666666666666666
0 0.5579262500000001 0.46993166666666664 0.0100625 0.014830000000000003
0 0.558395 0.48201333333333335 0.014 0.019660000000000007
0 0.49374999999999997 0.47262499999999996 0.01525 0.014416666666666666
0 0.5345412500000001 0.47582500000000005 0.010332499999999982 0.016650000000000015
0 0.519895 0.47837 0.01825 0.021593333333333325
0 0.5303749999999999 0.4817 0.0105 0.013733333333333349
0 0.43961 0.47840166666666667 0.015529999999999973 0.019596666666666655
0 0.46528625 0.4771383333333334 0.019802500000000008 0.018156666666666675
0 0.49987499999999996 0.478205 0.0115 0.015076666666666672
0 0.378375 0.47919666666666666 0.021 0.01324666666666667
0 0.54052 0.47979166666666667 0.010875 0.023883333333333364
0 0.43125 0.48923666666666665 0.01175 0.02119333333333331
0 0.49223875 0.48989 0.0104375 0.019619999999999967
0 0.4124425 0.49183333333333334 0.01963499999999999 0.02
0 0.41036999999999996 0.50615 0.021095000000000027 0.024953333333333376
0 0.49937499999999996 0.49341 0.0075 0.018179999999999988
0 0.48748375 0.49562 0.01157249999999999 0.023573333333333342
0 0.43647 0.49532166666666666 0.01125 0.020410000000000005
0 0.47460625 0.4943933333333333 0.015962499999999977 0.017786666666666635
0 0.445615 0.5005916666666667 0.010519999999999982 0.028410000000000005
0 0.46555250000000004 0.50032 0.015019999999999981 0.026826666666666672
0 0.56929125 0.49583666666666665 0.02416750000000002 0.01200666666666666
0 0.386625 0.5035 0.012 0.02
0 0.45381249999999995 0.5128900000000001 0.0135 0.033640000000000024
0 0.43117750000000005 0.5066883333333333 0.023105000000000018 0.015609999999999976
0 0.5114525 0.5148666666666667 0.015345000000000027 0.027400000000000015
0 0.4781975 0.5163466666666666 0.011875 0.024359999999999975
0 0.5265 0.5191533333333334 0.016375 0.02597333333333336
0 0.49278625000000004 0.5226316666666666 0.01017750000000001 0.03044999999999997
0 0.381625 0.5223333333333333 0.013 0.023666666666666666
0 0.50149875 0.5201333333333333 0.0101875 0.0214533333333333
0 0.43296875 0.5214183333333334 0.0151875 0.020583333333333332
0 0.48572375 0.5248483333333333 0.011302500000000009 0.024636666666666696
0 0.6054275 0.5330166666666667 0.015894999999999982 0.027326666666666673
0 0.47112499999999996 0.5336666666666666 0.0105 0.017
0 0.478125 0.5515 0.018 0.020666666666666667
0 0.530625 0.5351666666666667 0.0135 0.02
0 0.618875 0.5369266666666666 0.0145 0.02581333333333335
0 0.50884375 0.539525 0.0160625 0.019383333333333364
0 0.6397612500000001 0.5429733333333333 0.0154375 0.029406666666666675
0 0.46181249999999996 0.5418333333333334 0.015125 0.023333333333333334
0 0.44925000000000004 0.5425 0.01175 0.018
0 0.452875 0.5505 0.011 0.028
0 0.461875 0.5483333333333333 0.0105 0.023
0 0.56840125 0.5451216666666667 0.01817750000000001 0.027910000000000008
0 0.401125 0.5383333333333333 0.02 0.013
0 0.40850000000000003 0.5455 0.02075 0.020666666666666667
0 0.5173749999999999 0.54222 0.016625 0.022826666666666672
0 0.53777 0.54294 0.0175 0.02649333333333334
0 0.5504162499999999 0.5445 0.010582499999999983 0.020666666666666667
0 0.5583849999999999 0.5498016666666666 0.016019999999999982 0.03255000000000003
0 0.5796825 0.5475666666666668 0.01988499999999999 0.025466666666666696
0 0.42743749999999997 0.5459050000000001 0.011875 0.019189999999999978
0 0.595875 0.5485383333333332 0.0115 0.02557666666666667
0 0.6277612499999999 0.5496383333333333 0.0151875 0.025410000000000005
0 0.418625 0.5528333333333334 0.013 0.025333333333333333
0 0.6059837499999999 0.5526 0.013092499999999972 0.024453333333333375
0 0.499875 0.5518166666666666 0.022 0.0159666666666667
0 0.5877337499999999 0.548095 0.006717499999999973 0.013830000000000004
0 0.6535000000000001 0.5548383333333333 0.01425 0.02067666666666666
0 0.6636562500000001 0.5755433333333334 0.0165625 0.03075333333333333
0 0.64439625 0.5743816666666667 0.019457499999999982 0.02607666666666667
0 0.652105 0.57684 0.01925 0.02932666666666667
0 0.5224475 0.5589933333333333 0.01610500000000002 0.028879999999999958
0 0.66815625 0.5573033333333334 0.0174375 0.029573333333333344
0 0.64339625 0.5532566666666667 0.015542500000000018 0.01848666666666668
0 0.53305625 0.5638516666666666 0.01757249999999999 0.034323333333333345
0 0.61422875 0.5606483333333334 0.014292500000000019 0.022963333333333367
0 0.6199425 0.5662550000000001 0.013220000000000027 0.025910000000000006
0 0.6053537499999999 0.5717883333333333 0.027457499999999982 0.024676666666666732
0 0.69396875 0.5664250000000001 0.0213125 0.033156666666666675
0 0.51021875 0.5611483333333332 0.0214375 0.020630000000000034
0 0.5464475 0.566345 0.013855000000000018 0.03364333333333335
0 0.5881087500000001 0.5632133333333333 0.018032500000000028 0.029906666666666675
0 0.49478125 0.5605066666666667 0.0218125 0.014580000000000003
0 0.47175 0.5606666666666666 0.02175 0.011666666666666667
0 0.5595 0.5689833333333334 0.01325 0.026366666666666635
0 0.6761449999999999 0.5715216666666666 0.011164999999999963 0.03446333333333337
0 0.57034375 0.5721333333333333 0.0114375 0.0299533333333333
0 0.58137375 0.56895 0.0165625 0.02749333333333334
0 0.6340837500000001 0.574285 0.01591750000000002 0.034216666666666694
0 0.6871875 0.5756716666666667 0.023375 0.033656666666666675
0 0.5351975 0.5771333333333333 0.01864499999999998 0.02673333333333335
0 0.71317625 0.5814083333333333 0.0214375 0.02974333333333334
0 0.6282300000000001 0.5848249999999999 0.01625 0.03446333333333337
0 0.61245875 0.5887533333333334 0.022667500000000017 0.020826666666666674
0 0.429375 0.604 0.014 0.03166666666666667
0 0.460875 0.6045 0.0265 0.021333333333333333
0 0.6130625000000001 0.640535 0.016375 0.028596666666666656
0 0.422875 0.7108333333333334 0.0215 0.015333333333333332
0 0.3971675 0.7587183333333334 0.016 0.016496666666666746
0 0.70345875 0.8197333333333333 0.039417500000000015 0.05089333333333328
0 0.45189499999999994 0.4855433333333333 0.0105 0.021326666666666598
0 0.4586925 0.490435 0.016970000000000027 0.022536666666666632
0 0.485865 0.4387216666666667 0.021625 0.011536666666666709
0 0.48484875 0.44478333333333325 0.016467499999999972 0.0075
0 0.47905250000000005 0.45215666666666665 0.018375 0.019413333333333338
0 0.4800625 0.47683 0.012875 0.02599333333333334
0 0.49190625 0.45108666666666664 0.0126875 0.018160000000000006
0 0.5183125 0.46141666666666664 0.013625 0.011166666666666667
0 0.511625 0.46854 0.0175 0.014413333333333337
0 0.506625 0.49599 0.01075 0.02799333333333334
0 0.516 0.4919916666666667 0.01475 0.021663333333333337
0 0.53465625 0.49540833333333334 0.0265625 0.01649666666666667
0 0.54853125 0.48391 0.0103125 0.022826666666666672
