0 0.36554276315789475 0.3008374451754386 0.017269736842105265 0.010825109649122809
0 0.013066520467836257 0.34539473684210525 0.010599415204678362 0.006853070175438596
0 0.8460343567251462 0.4187225877192982 0.01206140350877193 0.010964912280701754
0 0.7185672514619883 0.44065241228070173 0.004568713450292397 0.010416666666666666
0 0.7060489766081871 0.44311951754385964 0.015350877192982455 0.010416666666666666
0 0.7630665204678363 0.4465460526315789 0.008771929824561403 0.011239035087719298
0 0.7222222222222222 0.4532620614035088 0.00712719298245614 0.017543859649122806
0 0.2893823099415205 0.4551809210526316 0.006578947368421052 0.015350877192982455
0 0.7098866959064328 0.4529879385964912 0.010599415204678362 0.008223684210526315
0 0.7624269005847953 0.46546052631578944 0.011513157894736841 0.02549342105263158
0 0.6589912280701754 0.4708059210526316 0.01699561403508772 0.020833333333333332
0 0.15401133040935672 0.47274396929824564 0.017269736842105265 0.008262061403508799
0 0.16386147660818712 0.47895285087719297 0.009228801169590644 0.008870614035087755
0 0.05601242690058479 0.4934210526315789 0.014985380116959063 0.01069078947368421
0 0.15725511695906433 0.5022765899122806 0.01023391812865497 0.013050986842105235
0 0.04367690058479532 0.5076754385964912 0.011878654970760233 0.021107456140350877
0 0.14638157894736842 0.5149396929824561 0.008223684210526315 0.014802631578947368
0 0.062408625730994156 0.5212445175438597 0.01425438596491228 0.01699561403508772
0 0.08031798245614034 0.5198739035087718 0.011330409356725146 0.01206140350877193
0 0.15734649122807018 0.5202850877192982 0.010051169590643274 0.012335526315789474
0 0.7096125730994152 0.5215186403508771 0.00712719298245614 0.014802631578947368
0 0.9641812865497076 0.5248081140350876 0.020650584795321638 0.02138157894736842
0 0.9682017543859649 0.5412554824561404 0.02101608187134503 0.01864035087719298
0 0.9746893274853802 0.5223410087719298 0.01864035087719298 0.01425438596491228
0 0.797514619883041 0.5291940789473684 0.022112573099415205 0.014802631578947368
0 0.8097587719298246 0.5359100877192983 0.01114766081871345 0.022203947368421052
0 0.9431652046783626 0.5391995614035088 0.015533625730994151 0.022203947368421052
0 0.9424342105263158 0.5474232456140351 0.01699561403508772 0.02549342105263158
0 0.9276315789473685 0.5427631578947368 0.023574561403508772 0.023848684210526317
0 0.9100877192982456 0.5423519736842105 0.020650584795321638 0.020285087719298246
0 0.923702485380117 0.5471491228070176 0.01864035087719298 0.023848684210526317
0 0.9557748538011696 0.5487938596491229 0.008589181286549707 0.023848684210526317
0 0.8895285087719299 0.5482456140350876 0.01864035087719298 0.021107456140350877
0 0.9035087719298246 0.5637335526315789 0.014802631578947368 0.012609649122807017
0 0.9085343567251463 0.5500274122807017 0.01864035087719298 0.019736842105263157
0 0.9036915204678362 0.5515350877192982 0.021747076023391813 0.02055921052631579
0 0.846780884502924 0.5508497807017544 0.02415387426900586 0.01644736842105263
0 0.84796875 0.5605811403508772 0.013737207602339195 0.017269736842105265
0 0.776498538011696 0.5589364035087719 0.018092105263157895 0.026589912280701754
0 0.8781067251461988 0.5598958333333333 0.014437134502923976 0.02905701754385965
0 0.7377558479532165 0.5574287280701754 0.011513157894736841 0.023026315789473683
0 0.39514802631578944 0.5526110197368421 0.018548976608187134 0.01174616228070173
0 0.36702759502923976 0.5557113486842105 0.01381396198830412 0.016850328947368366
0 0.35407529239766083 0.5648999451754385 0.01574561403508769 0.0211924342105263
0 0.8895285087719298 0.5605811403508772 0.01644736842105263 0.024945175438596492
0 0.20349049707602337 0.5540021929824562 0.017178362573099414 0.01069078947368421
0 0.2719599780701754 0.5617831688596491 0.014497441520467823 0.028571820175438602
0 0.26412463450292395 0.5633223684210527 0.009791666666666653 0.018914473684210526
0 0.3028143274853801 0.5546875 0.012244152046783625 0.011513157894736841
0 0.23125274122807016 0.5578399122807017 0.022995248538011683 0.017269736842105265
0 0.2362783260233918 0.5598972039473684 0.019585160818713462 0.011510416666666669
0 0.23579861111111108 0.5694915021929825 0.016524122807017556 0.01315515350877187
0 0.23327850877192985 0.5753837719298246 0.01644736842105263 0.01069078947368421
0 0.3527960526315789 0.5597587719298246 0.015350877192982455 0.019462719298245616
0 0.8390899122807017 0.5618146929824561 0.019736842105263157 0.023026315789473683
0 0.2944234283625731 0.5635142543859649 0.009716739766081884 0.02478070175438599
0 0.28518640350877195 0.5654015899122806 0.010614035087719286 0.025030153508771854
0 0.28408260233918126 0.5830921052631579 0.014985380116959063 0.018848684210526375
0 0.2829861111111111 0.5922423245614036 0.01023391812865497 0.018092105263157895
0 0.34000365497076024 0.561951754385965 0.010964912280701754 0.018914473684210526
0 0.2547359283625731 0.5604440789473684 0.012944078947368407 0.014802631578947368
0 0.6694992690058479 0.560032894736842 0.021198830409356724 0.01343201754385965
0 0.36861293859649125 0.5604824561403509 0.017013888888888874 0.014440789473684228
0 0.9292763157894737 0.5644188596491228 0.02138157894736842 0.021655701754385966
0 0.2790487938596491 0.5593146929824562 0.01091922514619883 0.01199013157894737
0 0.32538377192982454 0.5629111842105263 0.009868421052631578 0.017543859649122806
0 0.7533808479532164 0.5683936403508771 0.013523391812865496 0.027412280701754384
0 0.94234283625731 0.5644188596491229 0.017543859649122806 0.01836622807017544
0 0.21637426900584797 0.564967105263158 0.010051169590643274 0.018914473684210526
0 0.1823830409356725 0.5832401315789474 0.011513157894736841 0.020690789473684214
0 0.21352704678362575 0.5852617872807018 0.01069078947368421 0.022223135964912325
0 0.17562134502923976 0.5830592105263158 0.006396198830409356 0.007949561403508772
0 0.1655171783625731 0.5926535087719299 0.011407163742690051 0.018914473684210526
0 0.1738468567251462 0.5926055372807018 0.018563596491228077 0.012787828947368445
0 0.22168128654970762 0.5972793311403509 0.008969298245614021 0.02172423245614035
0 0.2135572002923977 0.6004660087719298 0.010264985380116972 0.015899122807017545
0 0.18777412280701755 0.6008771929824561 0.009868421052631578 0.01617324561403509
0 0.17298336988304092 0.6008771929824561 0.019347587719298245 0.012335526315789474
0 0.18530701754385964 0.604562774122807 0.00712719298245614 0.014224232456140316
0 0.2146984649122807 0.6075205592105263 0.010599415204678362 0.010271381578947313
0 0.1825657894736842 0.6180098684210527 0.010051169590643274 0.025219298245614034
0 0.1757090643274854 0.6144270833333334 0.005230263157894738 0.015312500000000034
0 0.19101059941520468 0.6224931469298245 0.009608918128654978 0.028703399122807026
0 0.18411915204678364 0.6491200657894737 0.01206140350877193 0.04099232456140362
0 0.19466557017543862 0.6482689144736842 0.01195540935672516 0.02488212719298245
0 0.3988486842105263 0.5637143640350877 0.023391812865497075 0.01813048245614038
0 0.38221856725146197 0.5667379385964912 0.007675438596491228 0.02081140350877195
0 0.8340643274853802 0.5660635964912282 0.016264619883040937 0.018914473684210526
0 0.1629203216374269 0.5660635964912281 0.019371345029239765 0.016721491228070175
0 0.18421052631578946 0.5674342105263158 0.020650584795321638 0.019462719298245616
0 0.19372898391812865 0.5669476425438597 0.018488669590643287 0.020211074561403575
0 0.7624269005847953 0.5675712719298246 0.010051169590643274 0.01864035087719298
0 0.3099415204678363 0.5677083333333334 0.008589181286549707 0.018914473684210526
0 0.20339912280701755 0.5660635964912281 0.014071637426900584 0.013980263157894737
0 0.3026169590643275 0.5687938596491228 0.012883771929824562 0.020032894736842086
0 0.17687043128654972 0.5660635964912281 0.009625365497076016 0.01343201754385965
0 0.1682200292397661 0.5749150219298246 0.008771929824561403 0.018525219298245594
0 0.6893274853801169 0.5659265350877193 0.012975146198830409 0.013157894736842105
0 0.37677357456140353 0.5739117324561405 0.012838084795321638 0.027483552631579006
0 0.3911348684210526 0.5699712171052631 0.010522660818713437 0.02105537280701753
0 0.8263888888888888 0.5714089912280702 0.020285087719298246 0.021929824561403508
0 0.24855263157894736 0.5730866228070176 0.011695906432748537 0.02939144736842106
0 0.3347953216374269 0.5705866228070176 0.008954678362573099 0.01918859649122807
0 0.8158050073099415 0.5712129934210526 0.013737207602339195 0.019344846491228116
0 0.9197733918128654 0.5688048245614035 0.019554093567251463 0.015076754385964912
0 0.9249817251461988 0.5830592105263158 0.017543859649122806 0.024945175438596492
0 0.4166209795321637 0.5696422697368422 0.010325292397660819 0.016143092105263122
0 0.4427768640350877 0.5707730263157895 0.010736476608187134 0.017719298245614
0 0.44679733187134507 0.5750685307017545 0.009091739766081871 0.01877192982456141
0 0.6441885964912281 0.5708607456140351 0.011878654970760233 0.014802631578947368
0 0.673062865497076 0.5756578947368421 0.011878654970760233 0.024945175438596492
0 0.6974597953216374 0.5756578947368421 0.006944444444444444 0.02549342105263158
0 0.4239766081871345 0.5723684210526316 0.00712719298245614 0.01781798245614035
0 0.31531798245614034 0.5759032346491229 0.01206140350877193 0.026652960526315793
0 0.6640168128654971 0.5693530701754387 0.011695906432748537 0.011239035087719298
0 0.7111659356725146 0.5725054824561404 0.012426900584795321 0.01699561403508772
0 0.27707693713450293 0.5748670504385965 0.010111476608187122 0.02226699561403509
0 0.36299250730994154 0.5701562499999999 0.02078764619883041 0.01347039473684207
0 0.3487755847953216 0.5859375 0.01023391812865497 0.02850877192982456
0 0.3560544590643275 0.5863829495614036 0.011695906432748537 0.022820723684210526
0 0.36764437134502925 0.5806866776315789 0.012335526315789474 0.011236293859649188
0 0.3641228070175439 0.5923533442982456 0.010241228070175431 0.023352521929824576
0 0.35645102339181284 0.5983319627192982 0.007675438596491228 0.024004934210526362
0 0.3748857821637427 0.6024287280701754 0.011467470760233918 0.015208333333333338
0 0.3697231359649123 0.610219298245614 0.019142909356725146 0.01832236842105267
0 0.3584155701754386 0.6138980263157895 0.005025584795321637 0.008223684210526315
0 0.365953947368421 0.6174616228070176 0.014619883040935672 0.013706140350877192
0 0.37436038011695905 0.6274753289473685 0.015716374269005847 0.022187500000000016
0 0.3621080043859649 0.6275150767543859 0.020330774853801168 0.021170504385964916
0 0.43226882309941517 0.5741433662280702 0.010553728070175438 0.018018092105263162
0 0.7200292397660819 0.5764802631578947 0.010416666666666666 0.02055921052631579
0 0.6860380116959064 0.5705866228070176 0.012609649122807017 0.00932017543859649
0 0.6836622807017544 0.5744243421052632 0.014071637426900584 0.010416666666666666
0 0.2588633040935673 0.5786348684210526 0.0158698830409357 0.026239035087719242
0 0.7664473684210525 0.5783991228070176 0.012975146198830409 0.021655701754385966
0 0.2077247807017544 0.5794161184210526 0.00849780701754386 0.02500548245614042
0 0.9121893274853801 0.579906798245614 0.0222953216374269 0.022478070175438597
0 0.14108187134502922 0.5785361842105263 0.02284356725146199 0.018092105263157895
0 0.32038925438596494 0.576622807017544 0.008954678362573099 0.018634868421052636
0 0.34100877192982454 0.5826480263157895 0.014437134502923976 0.023574561403508772
0 0.5887244152046784 0.582922149122807 0.010599415204678362 0.013706140350877192
0 0.5884502923976609 0.5936129385964912 0.009685672514619883 0.00932017543859649
0 0.1915204678362573 0.5827850877192983 0.007858187134502924 0.022203947368421052
0 0.20048336988304097 0.5820545504385966 0.010462353801169591 0.02466282894736849
0 0.5647697368421052 0.580500274122807 0.019554093567251463 0.020485197368421058
0 0.6631030701754386 0.5783991228070176 0.02046783625730994 0.012883771929824562
0 0.3310873538011696 0.5814857456140351 0.012138157894736856 0.02096491228070176
0 0.15867141812865498 0.5844572368421053 0.011970029239766082 0.025762061403508778
0 0.40698099415204675 0.5808662280701754 0.014071637426900584 0.015625
0 0.41853983918128657 0.5860019188596491 0.013249269005847953 0.022349232456140407
0 0.4002192982456141 0.5911458333333334 0.0133406432748538 0.017543859649122806
0 0.42288011695906436 0.5953947368421053 0.011878654970760233 0.024945175438596492
0 0.41154970760233917 0.5940241228070176 0.007492690058479532 0.01617324561403509
0 0.42616959064327486 0.605953947368421 0.008954678362573099 0.03180921052631578
0 0.3989327485380117 0.6074561403508771 0.011527777777777765 0.023300438596491228
0 0.40981359649122806 0.6018366228070176 0.0062134502923976605 0.007675438596491228
0 0.40529057017543857 0.6037171052631578 0.0061220760233918125 0.008146929824561349
0 0.41931652046783624 0.6151315789473684 0.011330409356725146 0.029331140350877194
0 0.4110169956140351 0.6129057017543859 0.01081323099415206 0.0158936403508772
0 0.3925438596491228 0.6214487390350878 0.01918859649122807 0.01904879385964906
0 0.4247076023391813 0.629797149122807 0.011878654970760233 0.025767543859649123
0 0.41136695906432746 0.625718201754386 0.008223684210526315 0.013530701754385999
0 0.4169106359649123 0.6280646929824562 0.005908260233918115 0.016271929824561437
0 0.41353709795321636 0.6360485197368421 0.01621893274853801 0.02511239035087723
0 0.625639619883041 0.5870339912280702 0.010964912280701754 0.02631578947368421
0 0.8961988304093567 0.5834703947368421 0.020285087719298246 0.01918859649122807
0 0.9061586257309941 0.5867598684210527 0.020833333333333332 0.025219298245614034
0 0.8505116959064327 0.587171052631579 0.021747076023391813 0.024945175438596492
0 0.27172423245614036 0.5845271381578947 0.01253472222222225 0.020485197368421058
0 0.1494654605263158 0.5847574013157896 0.010553728070175438 0.01978344298245616
0 0.3058680555555556 0.5868996710526315 0.009579678362573113 0.023294956140350882
0 0.2969590643274854 0.598562225877193 0.014057017543859662 0.013840460526315854
0 0.29312865497076024 0.6160910087719299 0.00712719298245614 0.025767543859649123
0 0.2858497807017544 0.6191433662280702 0.007949561403508772 0.025293311403508767
0 0.5305418494152048 0.5835649671052632 0.011193347953216375 0.01719572368421053
0 0.8668676900584795 0.5873081140350876 0.017909356725146198 0.021929824561403508
0 0.39001553362573094 0.584484649122807 0.01595942982456139 0.015186403508771954
0 0.45038377192982454 0.5897711074561403 0.01206140350877193 0.025227521929824616
0 0.433890716374269 0.5986842105263158 0.007401315789473684 0.024945175438596492
0 0.44186312134502925 0.6039692982456141 0.011558845029239767 0.026195175438596476
0 0.4479166666666667 0.6096491228070176 0.009685672514619883 0.015076754385964912
0 0.44247258771929826 0.6278782894736843 0.01104166666666668 0.025767543859649123
0 0.45675712719298245 0.5909251644736842 0.015762061403508772 0.026970942982456104
0 0.5245339912280702 0.5869216008771929 0.010508040935672515 0.024320175438596436
0 0.24256030701754383 0.5903563596491228 0.01710160818713449 0.02625000000000006
0 0.2480811403508772 0.5949835526315789 0.015716374269005847 0.019736842105263157
0 0.24807748538011695 0.6088939144736842 0.017156432748538033 0.02387883771929828
0 0.236000548245614 0.609420230263158 0.017870979532163735 0.01496984649122798
0 0.4395330774853801 0.5847628837719299 0.013294956140350877 0.016099232456140356
0 0.6355080409356726 0.5885416666666667 0.009868421052631578 0.019462719298245616
0 0.5160818713450293 0.5859621710526315 0.012975146198830409 0.01596491228070182
0 0.5791602704678362 0.5918366228070175 0.00974597953216373 0.024956140350877183
0 0.6549707602339182 0.5848410087719299 0.010416666666666666 0.010964912280701754
0 0.7135416666666666 0.5870339912280702 0.02010233918128655 0.015350877192982455
0 0.6900584795321637 0.5882675438596492 0.019919590643274854 0.017269736842105265
0 0.822703764619883 0.5875233004385966 0.014742324561403522 0.01711348684210522
0 0.5414080774853801 0.5868969298245613 0.012457967836257322 0.011787280701754386
0 0.6661184210526315 0.5892269736842105 0.0133406432748538 0.01644736842105263
0 0.140625 0.5917269736842105 0.017635233918128657 0.020899122807017483
0 0.13671875 0.599562774122807 0.011558845029239767 0.01847861842105259
0 0.5081323099415205 0.5905975877192983 0.02046783625730994 0.018092105263157895
0 0.8969298245614035 0.5941611842105263 0.021747076023391813 0.02412280701754386
0 0.31607913011695904 0.5901192434210526 0.020133406432748552 0.0174040570175438
0 0.3152110745614035 0.6082058662280702 0.009625365497076037 0.03000822368421047
0 0.6028572733918128 0.5940241228070176 0.008101242690058467 0.013980263157894737
0 0.4644097222222222 0.5918969298245614 0.01653874269005848 0.020049342105263122
0 0.8884320175438597 0.5945723684210527 0.019371345029239765 0.021655701754385966
0 0.11641904239766081 0.5929865679824561 0.011558845029239767 0.02062225877192983
0 0.8072158260233918 0.5928686951754387 0.015199195906432763 0.0201288377192982
0 0.2312573099415205 0.5968297697368421 0.014597953216374289 0.027541118421052578
0 0.37591008771929824 0.5901864035087719 0.015906432748538004 0.011239035087719298
0 0.3811065423976608 0.5971765350877194 0.008072002923976621 0.011513157894736841
0 0.555844298245614 0.5951973684210525 0.009228801169590644 0.02178728070175439
0 0.3252165570175439 0.5899136513157895 0.008437500000000013 0.011236293859649063
0 0.3294270833333333 0.6011047149122807 0.01137609649122807 0.02178728070175439
0 0.32326663011695905 0.6068475877192983 0.010447733918128668 0.02866228070175437
0 0.5456871345029239 0.591188322368421 0.013706140350877192 0.013358004385964918
0 0.5709904970760235 0.5917694627192983 0.009122807017543873 0.014114583333333274
0 0.5639619883040936 0.5990282346491229 0.010051169590643274 0.01521655701754392
0 0.12556377923976608 0.5976123903508771 0.010447733918128647 0.022609649122807024
0 0.472953216374269 0.5986842105263158 0.0133406432748538 0.022203947368421052
0 0.2605994152046784 0.6012883771929824 0.008223684210526315 0.02631578947368421
0 0.4820906432748538 0.5982730263157894 0.011513157894736841 0.019736842105263157
0 0.3911732456140351 0.5993695175438596 0.01206140350877193 0.021929824561403508
0 0.3888888888888889 0.6078673245614035 0.01114766081871345 0.015899122807017545
0 0.4895833333333333 0.6023848684210527 0.011513157894736841 0.02631578947368421
0 0.7168009868421052 0.6001918859649122 0.014194078947368434 0.021929824561403508
0 0.7092470760233918 0.6026589912280702 0.012244152046783625 0.024671052631578948
0 0.7618786549707602 0.6007401315789473 0.021747076023391813 0.023574561403508772
0 0.648498720760234 0.5969024122807017 0.022691885964912294 0.014802631578947368
0 0.2678262061403509 0.6022615131578948 0.008817616959064328 0.027132675438596498
0 0.26238121345029236 0.6228070175438596 0.01069078947368421 0.02275219298245614
0 0.4638157894736842 0.600482456140351 0.015350877192982455 0.020827850877192987
0 0.885233918128655 0.6016995614035088 0.018457602339181287 0.021655701754385966
0 0.6661567982456141 0.6010142543859649 0.017072368421052645 0.018092105263157895
0 0.09582145467836257 0.6051151315789474 0.020407529239766076 0.032543859649122875
0 0.689594298245614 0.6019435307017544 0.014239766081871358 0.02110197368421053
0 0.2741611842105263 0.6060855263157895 0.00976242690058481 0.024945175438596492
0 0.28024488304093564 0.6095120614035088 0.015350877192982455 0.024671052631578948
0 0.2780144371345029 0.6256853070175439 0.009822733918128655 0.021929824561403508
0 0.2690369152046784 0.6246313048245614 0.008680555555555556 0.01760690789473685
0 0.4984923245614035 0.6028933662280702 0.01617324561403509 0.022009320175438586
0 0.6823455774853802 0.6007264254385964 0.015305190058479532 0.017571271929824536
0 0.3381761695906433 0.6037554824561404 0.007309941520467836 0.018092105263157895
0 0.34636970029239766 0.6075932017543859 0.009197733918128642 0.015899122807017545
0 0.3506944444444444 0.6149479166666666 0.010782163742690058 0.028601973684210566
0 0.1526982821637427 0.5994613486842104 0.0078125 0.012672697368421058
0 0.16084521198830407 0.6054618969298247 0.010012792397660812 0.019125548245614032
0 0.15718658625730994 0.6121162280701755 0.012929459064327485 0.019462719298245616
0 0.5276864035087719 0.607593201754386 0.012792397660818713 0.02412280701754386
0 0.5698099415204678 0.6043050986842106 0.008223684210526315 0.017546600877193043
0 0.5779724049707603 0.6143092105263157 0.014559576023391826 0.021107456140350877
0 0.5992023026315789 0.6042831688596491 0.014011330409356738 0.016406249999999976
0 0.6239510233918129 0.6067461622807018 0.011242690058479528 0.02078399122807022
0 0.6168987573099415 0.6175068530701754 0.012609649122807017 0.017453399122807037
0 0.5417580409356725 0.6026589912280701 0.008406432748538011 0.01206140350877193
0 0.5371591739766083 0.6087637061403508 0.008346125730994166 0.017143640350877183
0 0.5334128289473684 0.6187678179824562 0.0067013888888889026 0.009739583333333388
0 0.5490826023391813 0.6082826206140352 0.013066520467836257 0.028226425438596436
0 0.10555281432748538 0.6128015350877193 0.014650950292397654 0.029605263157894735
0 0.14779788011695905 0.6078673245614035 0.007401315789473684 0.019736842105263157
0 0.6999269005847952 0.6078673245614035 0.012244152046783625 0.019736842105263157
0 0.7036732456140351 0.6056743421052632 0.00804093567251462 0.015350877192982455
0 0.3018704312865497 0.613718475877193 0.011847587719298232 0.023215460526315804
0 0.2977887426900585 0.6291118421052632 0.009137426900584795 0.02549342105263158
0 0.306530519005848 0.6288473135964913 0.018305921052631593 0.0170751096491228
0 0.31377923976608185 0.6312883771929825 0.007858187134502924 0.018333333333333365
0 0.7477156432748538 0.6100603070175439 0.01864035087719298 0.021929824561403508
0 0.5041118421052632 0.6086896929824562 0.009502923976608187 0.01864035087719298
0 0.4982638888888889 0.6108826754385965 0.004751461988304093 0.011513157894736841
0 0.58359375 0.6075274122807018 0.014380482456140362 0.017543859649122806
0 0.8989400584795322 0.6144462719298246 0.015899122807017545 0.01864035087719298
0 0.5125182748538012 0.6086828399122807 0.007309941520467836 0.019202302631579
0 0.910453216374269 0.6151315789473684 0.012609649122807017 0.03042763157894737
0 0.5951206140350878 0.6071820175438596 0.008771929824561403 0.012883771929824562
0 0.5926535087719298 0.6165021929824561 0.013706140350877192 0.023300438596491228
0 0.6097404970760234 0.6117050438596491 0.017178362573099414 0.01206140350877193
0 0.608826754385965 0.627467105263158 0.011330409356725146 0.026041666666666668
0 0.14064784356725146 0.6129276315789474 0.008086622807017545 0.027708333333333314
0 0.6571335891812865 0.6112938596491228 0.026072733918128668 0.0200109649122807
0 0.13155610380116958 0.6111321271929825 0.011467470760233918 0.023020833333333338
0 0.6335133406432748 0.6102878289473684 0.011726973684210539 0.016354166666666628
0 0.8490497076023392 0.6155427631578948 0.01699561403508772 0.025219298245614034
0 0.8722441520467836 0.6130907346491228 0.016264619883040937 0.02250822368421056
0 0.11268640350877193 0.6134608004385965 0.01343201754385965 0.023429276315789418
0 0.11955592105263158 0.6127864583333332 0.012320906432748531 0.01856633771929825
0 0.11251279239766081 0.6286430921052633 0.010508040935672515 0.016567982456140367
0 0.33228252923976603 0.6131811951754386 0.010142543859649123 0.02511239035087723
0 0.5608854166666667 0.6096504934210527 0.011207967836257297 0.012338267543859709
0 0.7422030336257309 0.6145216557017544 0.018580043859649138 0.022080592105263207
0 0.4570997807017544 0.6182716557017544 0.010325292397660819 0.02903234649122803
0 0.7985197368421052 0.6156798245614035 0.014985380116959063 0.022203947368421052
0 0.8649488304093567 0.6159827302631579 0.021747076023391813 0.022809758771929835
0 0.1689172149122807 0.6125246710526315 0.009099049707602353 0.01596491228070182
0 0.16746619152046782 0.6258963815789473 0.0167671783625731 0.015438596491227991
0 0.15140716374269006 0.6395285087719298 0.014985380116959063 0.0200109649122807
0 0.16145833333333334 0.6418599232456141 0.0222953216374269 0.014251644736842045
0 0.2512637061403509 0.6136033442982456 0.014848318713450293 0.018018092105263162
0 0.24041666666666667 0.6325986842105263 0.01537280701754384 0.033015350877193
0 0.47231359649122806 0.6133497807017544 0.00804093567251462 0.015350877192982455
0 0.47971491228070173 0.6138980263157895 0.00712719298245614 0.01644736842105263
0 0.4847404970760234 0.6230811403508772 0.005847953216374269 0.01836622807017544
0 0.8363486842105263 0.6173245614035088 0.010964912280701754 0.02055921052631579
0 0.4643411915204678 0.6136718750000001 0.00826937134502924 0.017332785087719304
0 0.637297149122807 0.6174821820175438 0.013980263157894737 0.01868146929824564
0 0.7642470760233918 0.6183319627192982 0.016250000000000014 0.02038103070175436
0 0.929093567251462 0.6180098684210527 0.02320906432748538 0.018092105263157895
0 0.7786001461988304 0.6207510964912281 0.008771929824561403 0.023026315789473683
0 0.7868238304093568 0.6256853070175438 0.008771929824561403 0.020833333333333332
0 0.7807931286549707 0.643640350877193 0.009868421052631578 0.02275219298245614
0 0.7792781432748538 0.6629769736842105 0.015456871345029226 0.024100877192982477
0 0.7922149122807017 0.6189692982456141 0.012244152046783625 0.019462719298245616
0 0.829312865497076 0.6244517543859649 0.014071637426900584 0.03042763157894737
0 0.21907711988304093 0.6157442434210526 0.017832602339181273 0.014399671052631634
0 0.5394435307017544 0.6213034539473685 0.012914839181286563 0.02248629385964918
0 0.6925338084795322 0.6207154605263158 0.009914108187134504 0.023843201754385968
0 0.5671217105263159 0.6178741776315789 0.013446637426900571 0.015759320175438535
0 0.5609311038011696 0.6226027960526316 0.016843932748538026 0.019322916666666606
0 0.5591493055555555 0.632501370614035 0.01723866959064326 0.018018092105263162
0 0.5538194444444444 0.6348684210526316 0.012426900584795321 0.01836622807017544
0 0.435124269005848 0.6207483552631579 0.00932017543859649 0.021935307017543856
0 0.45040661549707606 0.6243640350877193 0.010491593567251436 0.025317982456140385
0 0.4495614035087719 0.6378837719298246 0.006030701754385965 0.011239035087719298
0 0.43803271198830407 0.6447368421052632 0.006730628654970747 0.024396929824561403
0 0.4439875730994152 0.6535087719298246 0.008406432748538011 0.027138157894736843
0 0.674250730994152 0.6188829495614034 0.013523391812865496 0.014355811403508742
0 0.6656697733918129 0.6257908442982456 0.02042214912280702 0.01973958333333327
0 0.7372834429824561 0.624906798245614 0.017147295321637415 0.02746710526315797
0 0.3860105994152047 0.6174342105263159 0.013066520467836257 0.011019736842105214
0 0.8625730994152047 0.6245888157894737 0.013706140350877192 0.023026315789473683
0 0.07994517543859649 0.626233552631579 0.015701754385964915 0.025219298245614034
0 0.07474415204678363 0.6308347039473685 0.015533625730994151 0.025885416666666623
0 0.2026452850877193 0.6282839912280702 0.016493055555555556 0.028771929824561414
0 0.20897295321637427 0.6281154057017544 0.015899122807017545 0.020907346491228065
0 0.3348866959064327 0.6216515899122808 0.014619883040935672 0.01958059210526311
0 0.3271500365497076 0.6438527960526316 0.012669956140350864 0.02890624999999995
0 0.3192616959064328 0.6517269736842105 0.009685672514619883 0.020285087719298246
0 0.322718384502924 0.672092927631579 0.011178728070175451 0.028670504385964954
0 0.3086083698830409 0.6739597039473685 0.02288925438596491 0.02671875000000007
0 0.3143119517543859 0.6831291118421052 0.008923611111111097 0.027656249999999966
0 0.7065058479532164 0.6218475877192983 0.010416666666666666 0.015350877192982455
0 0.25287097953216375 0.6235841557017543 0.01725511695906434 0.020759320175438602
0 0.49167671783625727 0.6258744517543859 0.007721125730994152 0.02521381578947369
0 0.8192616959064327 0.6248629385964912 0.012244152046783625 0.020833333333333332
0 0.8111293859649124 0.6341831140350878 0.017909356725146198 0.01864035087719298
0 0.8282163742690059 0.6417214912280701 0.013706140350877192 0.0200109649122807
0 0.827485380116959 0.6502192982456141 0.02101608187134503 0.023300438596491228
0 0.7238971125730994 0.6188719846491229 0.013218201754385952 0.01033717105263159
0 0.6249579678362573 0.6250054824561404 0.013987573099415198 0.02000000000000001
0 0.22814601608187132 0.6222587719298245 0.017512792397660806 0.012883771929824562
0 0.32287097953216376 0.6264788925438596 0.012152777777777778 0.02077576754385964
0 0.5745312499999999 0.6280194627192983 0.008649488304093554 0.02686677631578941
0 0.23518183479532162 0.6299561403508772 0.009654605263157881 0.028843201754386035
0 0.8485014619883041 0.628485471491228 0.015533625730994151 0.022047697368421007
0 0.8594362207602338 0.6426726973684211 0.011087353801169604 0.02797697368421051
0 0.49824835526315786 0.6282894736842105 0.008740862573099402 0.021655701754385966
0 0.503609283625731 0.6228919956140351 0.010508040935672515 0.011990131578947308
0 0.507781432748538 0.6395079495614036 0.010873538011695907 0.030282346491228015
0 0.5033881578947369 0.653876096491228 0.009152046783625717 0.03078947368421057
0 0.6422852704678362 0.6352796052631579 0.020498903508771944 0.0356359649122807
0 0.15063048245614036 0.6222450657894737 0.01617324561403509 0.012362938596491202
0 0.14727247807017543 0.6322642543859649 0.01804641812865497 0.01644736842105263
0 0.47542032163742687 0.6267817982456141 0.017543859649122806 0.01699561403508772
0 0.7661202485380117 0.6299342105263158 0.014513888888888903 0.023848684210526317
0 0.34676535087719296 0.6274753289473683 0.014619883040935672 0.01889802631578949
0 0.34051352339181284 0.6317242324561404 0.014999999999999987 0.01752741228070177
0 0.6523364400584796 0.6281524122807018 0.008740862573099402 0.01864035087719298
0 0.5136906067251462 0.6331359649122807 0.010751096491228056 0.031518640350877196
0 0.5274122807017544 0.6308730811403508 0.01114766081871345 0.02298519736842103
0 0.5354687499999999 0.6317160087719298 0.00989948830409358 0.01644736842105263
0 0.5232090643274854 0.6414473684210525 0.010051169590643274 0.02768640350877193
0 0.5307931286549707 0.6532346491228069 0.008771929824561403 0.028782894736842105
0 0.7040003654970761 0.6327453399122808 0.013812134502923963 0.02727796052631585
0 0.7545614035087719 0.6248094846491229 0.010402046783625744 0.014361293859649089
0 0.7749378654970761 0.6317776864035087 0.00839181286549709 0.026515899122807024
0 0.17726608187134502 0.6354125548245614 0.011056286549707603 0.030693530701754332
0 0.5904303728070175 0.628015350877193 0.011818347953216388 0.014528508771929825
0 0.5852220394736841 0.6369243421052632 0.0070047514619882905 0.014802631578947368
0 0.5884959795321637 0.6509868421052633 0.012273391812865471 0.03179824561403509
0 0.4597039473684211 0.6332634320175438 0.013523391812865496 0.02760690789473685
0 0.44937134502923975 0.6534210526315789 0.01149853801169592 0.030054824561403473
0 0.4468357090643275 0.6791844846491228 0.013371710526315804 0.027321820175438615
0 0.43877923976608185 0.6880482456140351 0.011513157894736841 0.029331140350877194
0 0.45065789473684215 0.6862993421052631 0.0133406432748538 0.023092105263157834
0 0.735844298245614 0.6357976973684211 0.010248538011695894 0.027198464912280645
0 0.39363304093567253 0.6332771381578948 0.02167032163742689 0.024207785087719282
0 0.8126827485380117 0.6265076754385965 0.006761695906432748 0.008223684210526315
0 0.21937408625730995 0.6340460526315789 0.008740862573099402 0.021107456140350877
0 0.2263797514619883 0.6399849232456142 0.013249269005847953 0.024597039473684214
0 0.2176233552631579 0.6564925986842105 0.015593932748537999 0.015013706140350871
0 0.6289327485380116 0.6340666118421052 0.008764619883040942 0.02161458333333331
0 0.8886147660818714 0.6387061403508771 0.01644736842105263 0.03042763157894737
0 0.895406615497076 0.6326754385964912 0.017604166666666653 0.01781798245614035
0 0.7254047880116958 0.6318585526315791 0.015685307017543847 0.019457236842105267
0 0.7515990497076023 0.634092653508772 0.016509502923976634 0.019555921052631618
0 0.8749926900584796 0.6288377192982456 0.013720760233918116 0.009594298245614035
0 0.4658644005847953 0.6396655701754386 0.0121673976608187 0.029605263157894735
0 0.4718722587719298 0.6444627192982456 0.008558114035087706 0.023300438596491228
0 0.4758315058479532 0.665296052631579 0.009777046783625731 0.019462719298245616
0 0.54328125 0.638641721491228 0.014742324561403522 0.03274945175438591
0 0.7152165570175438 0.6353837719298245 0.015776681286549694 0.021589912280701815
0 0.8450292397660819 0.6355441337719298 0.014437134502923976 0.021910635964912235
0 0.8415570175438597 0.6524122807017544 0.01516812865497076 0.027138157894736843
0 0.8448008040935673 0.6511787280701755 0.011239035087719298 0.025219298245614034
0 0.06425164473684211 0.637001096491228 0.014285453216374273 0.02153508771929823
0 0.5785818713450293 0.6389816337719298 0.00932017543859649 0.024947916666666726
0 0.5706176900584796 0.66015625 0.009959795321637427 0.02700109649122807
0 0.6367114400584795 0.6350383771929825 0.009303728070175411 0.02040570175438598
0 0.6806469298245613 0.6318845942982456 0.01206140350877193 0.012743969298245679
0 0.6900511695906433 0.640625 0.011162280701754373 0.02275219298245614
0 0.1302997076023392 0.6337047697368421 0.01699561403508772 0.011652960526315849
0 0.5963084795321638 0.6374095394736842 0.010051169590643274 0.01906249999999999
0 0.796875 0.6388432017543859 0.009502923976608187 0.020833333333333332
0 0.6130299707602339 0.6408991228070176 0.012792397660818713 0.023848684210526317
0 0.6035882675438596 0.6413569078947369 0.007797880116959078 0.02238486842105259
0 0.6744334795321637 0.6361019736842105 0.016812865497076022 0.013706140350877192
0 0.6744261695906433 0.6453536184210527 0.019568713450292385 0.018229166666666668
0 0.683358004385965 0.6431181469298246 0.008466739766081859 0.014476425438596476
0 0.7238514254385965 0.6345285087719299 0.009654605263157881 0.0124671052631579
0 0.16643823099415203 0.6356483004385964 0.013249269005847953 0.014114583333333397
0 0.379797149122807 0.6375123355263158 0.01836622807017544 0.02239857456140352
0 0.7644371345029239 0.643046875 0.01699561403508772 0.029322916666666737
0 0.25474415204678363 0.6404440789473683 0.018442982456140365 0.018552631578947324
0 0.24224872076023393 0.6432291666666667 0.011726973684210539 0.018092105263157895
0 0.2687015716374269 0.6390666118421052 0.01675255847953218 0.014701206140350908
0 0.430921052631579 0.6406537828947368 0.00932017543859649 0.021049890350877183
0 0.21109740497076024 0.6543037280701754 0.013660453216374269 0.027609649122807087
0 0.4983397295321637 0.6430921052631579 0.0089857456140351 0.021655701754385966
0 0.3926580774853801 0.6434046052631579 0.02124451754385965 0.024868421052631526
0 0.40772752192982453 0.6407976973684211 0.012213084795321624 0.018514254385964903
0 0.5699780701754387 0.6433662280701754 0.010325292397660819 0.0200109649122807
0 0.8753654970760234 0.6393092105263157 0.019554093567251463 0.016441885964912285
0 0.3028371710526316 0.6413336074561404 0.01804641812865497 0.01484923245614037
0 0.6630500730994152 0.6454043311403509 0.013629385964912267 0.025254934210526346
0 0.48044590643274854 0.6488486842105263 0.008589181286549707 0.02823464912280702
0 0.4902832602339181 0.6487362938596491 0.011787280701754386 0.030104166666666713
0 0.7881030701754386 0.6411732456140351 0.006578947368421052 0.01069078947368421
0 0.1119718567251462 0.6426493969298246 0.01944809941520467 0.016510416666666673
0 0.31620065789473684 0.6451384320175438 0.01964546783625731 0.02194901315789478
0 0.30510599415204676 0.6663925438596492 0.019356725146198843 0.027138157894736843
0 0.6205116959064328 0.6450246710526316 0.012039473684210546 0.02053179824561406
0 0.6186038011695907 0.6663925438596492 0.010051169590643274 0.024396929824561403
0 0.623842288011696 0.6609100877192982 0.00724963450292399 0.012883771929824562
0 0.608705226608187 0.6773574561403508 0.009990862573099429 0.022203947368421052
0 0.6133954678362573 0.6913377192982456 0.010599415204678362 0.031524122807017545
0 0.7497870979532164 0.64546875 0.01437682748538013 0.018185307017543898
0 0.7448830409356726 0.651452850877193 0.00932017543859649 0.022478070175438597
0 0.3445568347953216 0.6435444078947369 0.017512792397660806 0.01800986842105258
0 0.33480263157894735 0.6469366776315789 0.009305555555555569 0.022190241228070125
0 0.34055190058479534 0.667077850877193 0.013523391812865496 0.02138157894736842
0 0.3490871710526316 0.6492694627192983 0.020148026315789474 0.02712993421052626
0 0.6973684210526315 0.6455866228070175 0.007858187134502924 0.028728070175438648
0 0.7292955043859649 0.6462129934210525 0.011010599415204679 0.018703399122807024
0 0.12218293128654971 0.6503234649122807 0.012457967836257302 0.028026315789473625
0 0.6510416666666666 0.643655427631579 0.005847953216374269 0.010172697368421087
0 0.13014802631578948 0.6529934210526316 0.012335526315789474 0.028432017543859593
0 0.5471226242690058 0.650749725877193 0.012220394736842085 0.02682291666666664
0 0.557375730994152 0.6526507675438596 0.00967105263157896 0.02213267543859643
0 0.13842470760233916 0.6552905701754386 0.012046783625730986 0.030153508771929825
0 0.5631588084795321 0.6513678728070176 0.009387792397660799 0.02593749999999997
0 0.7128024488304093 0.6496025219298245 0.01402595029239766 0.01781249999999988
0 0.7052567616959065 0.653234649122807 0.009259868421052645 0.017269736842105265
0 0.8655729166666667 0.6572094298245614 0.012030336257309928 0.03344298245614035
0 0.6556103801169592 0.6554276315789473 0.010599415204678362 0.02823464912280702
0 0.06566794590643275 0.6557113486842105 0.020407529239766086 0.03205317982456136
0 0.3781980994152047 0.6511787280701755 0.012426900584795321 0.01918859649122807
0 0.8549058845029239 0.6567982456140351 0.012472587719298246 0.02987938596491228
0 0.4274488304093567 0.6485745614035088 0.012244152046783625 0.012883771929824562
0 0.43780427631578944 0.6643722587719298 0.009197733918128642 0.023097587719298304
0 0.2885599415204678 0.6582689144736842 0.011878654970760233 0.03062774122807018
0 0.5998876096491228 0.6536184210526316 0.010995979532163755 0.020230263157894786
0 0.26842744883040937 0.6499273574561403 0.01437682748538013 0.011751644736842076
0 0.26571637426900585 0.6594024122807017 0.009685672514619883 0.020285087719298246
0 0.29907529239766084 0.6543297697368421 0.014970760233918141 0.020556469298245554
0 0.301062682748538 0.6548464912280703 0.01239583333333332 0.017883771929824502
0 0.628624817251462 0.6551123903508772 0.008649488304093554 0.021025219298245565
0 0.6335891812865497 0.6758922697368421 0.010051169590643274 0.03390625000000001
0 0.6253353435672515 0.6776726973684212 0.009380482456140338 0.02157346491228065
0 0.7213541666666666 0.6561019736842105 0.01318713450292395 0.028892543859649022
0 0.7616812865497076 0.6527097039473685 0.012609649122807017 0.018632127192982528
0 0.05056834795321638 0.6578344298245614 0.023468567251461993 0.02672149122807018
0 0.8807565789473685 0.6555646929824561 0.01864035087719298 0.020285087719298246
0 0.27956688596491225 0.6548793859649122 0.02020833333333332 0.01617324561403509
0 0.14895559210526316 0.6533018092105263 0.018061038011695913 0.015485197368420993
0 0.16050712719298246 0.6524451754385965 0.008177997076023392 0.013908991228070116
0 0.14806469298245614 0.662483552631579 0.0176498538011696 0.019320175438596498
0 0.15454495614035085 0.6663541666666666 0.015076754385964912 0.017746710526315854
0 0.16386513157894736 0.6617626096491228 0.017086988304093567 0.032817982456140295
0 0.46010051169590643 0.6570956688596491 0.012152777777777778 0.022338267543859588
0 0.4064327485380117 0.6576206140350876 0.02138157894736842 0.0200109649122807
0 0.4241593567251462 0.6589501096491228 0.012975146198830409 0.024665570175438602
0 0.7858187134502924 0.655016447368421 0.006761695906432748 0.01425438596491228
0 0.2271792763157895 0.65625 0.01804641812865497 0.015076754385964912
0 0.33006670321637427 0.6605907346491229 0.008543494152046784 0.028873355263157874
0 0.5225694444444445 0.6621436403508772 0.017909356725146198 0.02631578947368421
0 0.5182437865497076 0.666529605263158 0.013157894736842105 0.024671052631578948
0 0.5367324561403508 0.665 0.011878654970760233 0.02224780701754382
0 0.5794654605263158 0.661047149122807 0.010842470760233905 0.024671052631578948
0 0.6760864400584795 0.6654454495614035 0.013569078947368422 0.03346765350877197
0 0.7384950657894738 0.6621587171052632 0.011467470760233918 0.026345942982456176
0 0.6456505847953216 0.6573067434210527 0.011878654970760233 0.01789747807017543
0 0.6468576388888889 0.6722313596491227 0.020049342105263164 0.0154605263157895
0 0.64421966374269 0.6884731359649122 0.012426900584795321 0.032269736842105205
0 0.7930372807017544 0.6572094298245614 0.008771929824561403 0.015899122807017545
0 0.17407620614035088 0.6656729714912281 0.01228983918128655 0.0317297149122807
0 0.2368421052631579 0.6674109100877192 0.012609649122807017 0.03301260964912276
0 0.24470029239766083 0.6696820175438596 0.012244152046783625 0.036458333333333336
0 0.6919088084795322 0.6768626644736843 0.008543494152046784 0.024503837719298212
0 0.5102339181286549 0.6750274122807017 0.008589181286549707 0.044407894736842105
0 0.5061220760233918 0.6828371710526316 0.008559941520467863 0.027269736842105267
0 0.521047149122807 0.7018845942982456 0.016904239766081873 0.03165296052631586
0 0.6373665935672514 0.6593092105263159 0.009685672514619883 0.015537280701754341
0 0.4298702485380117 0.6596573464912281 0.008315058479532164 0.015937499999999966
0 0.4983707967836257 0.6666351425438596 0.010020102339181273 0.026652960526315793
0 0.6075932017543859 0.665109649122807 0.01251827485380117 0.025553728070175384
0 0.7546683114035089 0.6640762061403509 0.010462353801169591 0.025191885964912307
0 0.19324195906432748 0.6666337719298246 0.013706140350877213 0.025427631578947427
0 0.4134311038011696 0.6629564144736841 0.011467470760233918 0.026334978070175482
0 0.5965826023391814 0.6685855263157895 0.011330409356725146 0.028782894736842105
0 0.47089729532163743 0.6681866776315789 0.011451023391812839 0.026970942982456104
0 0.5478499634502924 0.6663925438596491 0.013645833333333347 0.02768640350877193
0 0.830219298245614 0.6680564692982456 0.0213669590643275 0.024983552631578913
0 0.8241959064327485 0.6698190789473685 0.022478070175438597 0.01864035087719298
0 0.821546052631579 0.6736567982456141 0.0222953216374269 0.01699561403508772
0 0.36393640350877193 0.667124451754386 0.016067251461988317 0.0225712719298246
0 0.3540451388888889 0.6696820175438597 0.021624634502923963 0.019462719298245616
0 0.3828664108187135 0.6703481359649123 0.009365862573099416 0.0323848684210526
0 0.376187865497076 0.6773560855263158 0.010964912280701754 0.034717653508771956
0 0.732563048245614 0.6680071271929825 0.010995979532163755 0.02714364035087719
0 0.7722039473684211 0.665296052631579 0.010599415204678362 0.01781798245614035
0 0.7815999634502924 0.6898300438596491 0.0176955409356725 0.03125
0 0.4875657894736842 0.6706414473684211 0.011864035087719311 0.0268640350877193
0 0.48218932748538007 0.6804385964912281 0.011681286549707615 0.02672149122807018
0 0.7002010233918129 0.6629194078947368 0.010964912280701754 0.011968201754385925
0 0.2786001461988304 0.6628289473684211 0.014985380116959063 0.010142543859649123
0 0.4602905701754386 0.671827028508772 0.014696637426900598 0.028911732456140295
0 0.7667598684210527 0.6700452302631579 0.014331140350877207 0.027541118421052578
0 0.22736202485380116 0.673656798245614 0.01000548245614035 0.03070175438596491
0 0.6647478070175439 0.663061951754386 0.009868421052631578 0.012966008771929875
0 0.7099323830409358 0.6711979166666667 0.011056286549707603 0.02802083333333328
0 0.04852796052631579 0.6751000548245614 0.015031067251461994 0.03316063596491223
0 0.21011513157894737 0.6729139254385965 0.02183845029239766 0.0248300438596491
0 0.6732309941520469 0.673548519736842 0.011421783625730994 0.03028234649122814
0 0.6693092105263158 0.6915638706140351 0.011681286549707615 0.04403782894736845
0 0.677563048245614 0.700124725877193 0.014300073099415205 0.032102521929824594
0 0.7924735014619884 0.6768092105263158 0.01239583333333332 0.02987938596491228
0 0.3996710526315789 0.6769462719298245 0.017726608187134504 0.02850877192982456
0 0.7189327485380117 0.6729235197368421 0.00932017543859649 0.021011513157894762
0 0.5920751096491228 0.6798876096491228 0.014011330409356738 0.033294956140350884
0 0.4228499634502924 0.6782223135964913 0.010721856725146212 0.031515899122806966
0 0.558296783625731 0.6702302631578947 0.015533625730994151 0.01343201754385965
0 0.801108369883041 0.6785402960526316 0.01285270467836256 0.029503837719298275
0 0.8466739766081871 0.6736444627192982 0.017361111111111112 0.022502741228070215
0 0.2919325657894737 0.6726617324561404 0.01941703216374269 0.01843750000000006
0 0.25484283625730997 0.681907894736842 0.020833333333333332 0.03338815789473689
0 0.27581323099415206 0.6713199013157894 0.017086988304093567 0.011800986842105314
0 0.21999908625730993 0.6805112390350877 0.010721856725146212 0.027266995614035033
0 0.21564327485380116 0.7013390899122807 0.012244152046783625 0.03412006578947363
0 0.4934137426900585 0.6800657894736842 0.015153508771929837 0.02830043859649117
0 0.4946472953216374 0.6943530701754386 0.016736111111111097 0.02823464912280702
0 0.7000868055555556 0.6774821820175438 0.010827850877192983 0.023050986842105305
0 0.7074195906432748 0.703125 0.012244152046783625 0.038651315789473686
0 0.43075383771929826 0.6768503289473684 0.006427266081871359 0.01836074561403509
0 0.4355811403508772 0.7010690789473685 0.014985380116959063 0.03125
0 0.6612152777777778 0.6733991228070175 0.006487573099415204 0.011030701754385905
0 0.8103983918128654 0.6787280701754387 0.013523391812865496 0.019462719298245616
0 0.7275603070175438 0.6827549342105264 0.009396929824561417 0.026419956140350906
0 0.5732520102339181 0.6846217105263157 0.023148757309941533 0.02850877192982456
0 0.15743786549707603 0.6801644736842105 0.01425438596491228 0.02152412280701754
0 0.40304093567251464 0.6835773026315789 0.02081140350877195 0.02401864035087716
0 0.787904788011696 0.6859923245614035 0.018974780701754373 0.027960526315789474
0 0.5832419590643275 0.6853070175438597 0.017909356725146198 0.024945175438596492
0 0.33368329678362574 0.6905989583333334 0.018426535087719284 0.03848410087719295
0 0.6612225877192982 0.6918859649122806 0.010493421052631593 0.03536184210526316
0 0.6529605263157895 0.6951754385964912 0.009685672514619883 0.036458333333333336
0 0.7448300438596491 0.6922793311403508 0.013965643274853815 0.03560032894736839
0 0.7379769736842106 0.6961513157894738 0.012686403508771944 0.0301864035087719
0 0.2780975877192982 0.6858552631578947 0.02238669590643275 0.0200109649122807
0 0.3587280701754386 0.6887527412280702 0.020635964912280716 0.02932565789473685
0 0.5359100877192983 0.6879509320175439 0.013888888888888888 0.024750548245614026
0 0.5493576388888889 0.6871970942982456 0.019950657894736854 0.023242872807017534
0 0.7160544590643275 0.6861814692982456 0.014894005847953216 0.021211622807017574
0 0.7130546418128655 0.6983100328947368 0.009625365497076037 0.025183662280701725
0 0.322124451754386 0.6917489035087719 0.017604166666666653 0.03125
0 0.5233315058479533 0.6930852521929824 0.018183479532163743 0.03460800438596491
0 0.40846948099415203 0.6923492324561404 0.017918494152046816 0.034287280701754366
0 0.41937317251461986 0.6937349232456141 0.009024122807017565 0.035413925438596505
0 0.4299460891812866 0.7120353618421054 0.018335160818713437 0.03684484649122803
0 0.478983918128655 0.6876370614035088 0.011513157894736841 0.020285087719298246
0 0.6834795321637427 0.6927247807017544 0.008954678362573099 0.02936403508771927
0 0.6970714546783626 0.6986376096491228 0.010645102339181287 0.03672149122807018
0 0.6885964912280702 0.7013432017543859 0.007858187134502924 0.03125
0 0.3707821637426901 0.6921463815789474 0.01653874269005848 0.030350877192982403
0 0.46716648391812865 0.6935032894736842 0.013097587719298259 0.033349780701754345
0 0.5575657894736842 0.6936677631578947 0.00932017543859649 0.030153508771929825
0 0.339234283625731 0.6934717653508772 0.016889619883040947 0.02811677631578952
0 0.7615743786549708 0.6904564144736842 0.012732090643274867 0.026159539473684167
0 0.09978070175438596 0.6942160087719298 0.0133406432748538 0.02850877192982456
0 0.0807748538011696 0.6881853070175439 0.024671052631578948 0.01425438596491228
0 0.07419590643274854 0.7003837719298246 0.017726608187134504 0.01781798245614035
0 0.2901891447368421 0.697687774122807 0.015228435672514607 0.038138706140350906
0 0.457906615497076 0.697779605263158 0.012487207602339168 0.03399122807017544
0 0.6210709064327485 0.6975054824561404 0.01023391812865497 0.03399122807017544
0 0.12052266081871346 0.6932565789473684 0.021929824561403508 0.02275219298245614
0 0.5687902046783626 0.6916776315789473 0.015442251461988304 0.02536184210526315
0 0.8270129751461989 0.6890076754385965 0.024884868421052645 0.014802631578947368
0 0.6029486476608187 0.6944188596491228 0.011635599415204692 0.03413377192982456
0 0.302844480994152 0.6909169407894736 0.01376644736842104 0.019662828947368427
0 0.27334612573099415 0.6929824561403509 0.016904239766081873 0.021513157894736724
0 0.7679477339181286 0.6970010964912281 0.01816885964912282 0.03171052631578943
0 0.10535453216374269 0.7005208333333334 0.015716374269005847 0.03070175438596491
0 0.35578125 0.695638706140351 0.019493786549707615 0.023640350877192923
0 0.4096801900584795 0.7031551535087719 0.015449561403508765 0.0337774122807017
0 0.26525950292397665 0.7023697916666667 0.017269736842105265 0.030419407894736787
0 0.6330409356725146 0.7028508771929824 0.013706140350877192 0.03042763157894737
0 0.09000365497076024 0.7035361842105263 0.012792397660818713 0.02905701754385965
0 0.19807657163742692 0.7054660087719298 0.014391447368421052 0.03561403508771932
0 0.4753289473684211 0.7072272478070175 0.012821637426900559 0.033845942982456086
0 0.4666940789473684 0.7095257675438597 0.01069078947368421 0.026781798245613987
0 0.642361111111111 0.7028508771929824 0.013706140350877192 0.0200109649122807
0 0.7209585160818713 0.7081811951754385 0.01300621345029241 0.03456962719298249
0 0.44752010233918127 0.7062774122807017 0.011330409356725146 0.025767543859649123
0 0.4988422880116959 0.7006894188596491 0.014194078947368434 0.018303179824561398
0 0.20580500730994153 0.7077220394736842 0.008649488304093554 0.02724780701754376
0 0.5424890350877193 0.7017269736842106 0.021564327485380116 0.019517543859649072
0 0.7401315789473684 0.710578399122807 0.027960526315789474 0.03087171052631576
0 0.7280400219298245 0.7146381578947368 0.0052394005847953345 0.012335526315789474
0 0.4807200292397661 0.7086732456140351 0.011330409356725146 0.030844298245614032
0 0.5176279239766082 0.7111677631578947 0.019020467836257295 0.03144736842105258
0 0.08150584795321637 0.7095668859649122 0.006761695906432748 0.015899122807017545
0 0.11494883040935673 0.7183388157894737 0.01663011695906433 0.03289473684210526
0 0.1049890350877193 0.7219024122807017 0.015350877192982455 0.03289473684210526
0 0.12244152046783627 0.7268366228070176 0.018092105263157895 0.020285087719298246
0 0.10567434210526315 0.7273848684210525 0.0044773391812865495 0.019736842105263157
0 0.5013093932748538 0.7148327850877193 0.018152412280701743 0.02877741228070176
0 0.42496619152046783 0.7184388706140351 0.017878289473684198 0.03269462719298245
0 0.48503746345029236 0.7214117324561404 0.019080774853801143 0.030416666666666675
0 0.6330409356725146 0.7231359649122807 0.016264619883040937 0.024396929824561403
0 0.46070175438596495 0.726657072368421 0.018808479532163757 0.02650493421052633
0 0.23748172514619884 0.7490405701754386 0.03399122807017544 0.03179824561403509
0 0.24031432748538012 0.7611019736842105 0.018092105263157895 0.027412280701754384
0 0.24040570175438597 0.7754934210526316 0.021198830409356724 0.033717105263157895
0 0.25146198830409355 0.7764528508771931 0.019919590643274854 0.03344298245614035
0 0.7484466374269005 0.6789665570175438 0.01206140350877193 0.039325657894736854
0 0.7587262426900585 0.6810827850877192 0.011056286549707603 0.035367324561403506
0 0.8048245614035088 0.6512184758771931 0.015533625730994151 0.036450109649122875
0 0.8162006578947368 0.6509457236842106 0.01836622807017544 0.021376096491228076
0 0.2098099415204678 0.6385183662280702 0.014894005847953216 0.013977521929824502
0 0.2026827485380117 0.6574972587719299 0.013249269005847953 0.036036184210526324
0 0.252984283625731 0.6533168859649122 0.015533625730994151 0.021650219298245617
0 0.2521162280701754 0.6719531249999999 0.016904239766081873 0.018911732456140414
0 0.19827394005847954 0.5984786184210527 0.016127558479532164 0.014660087719298127
0 0.20521838450292396 0.6023135964912281 0.008908991228070175 0.02096491228070176
0 0.19754294590643273 0.6147834429824561 0.011010599415204679 0.020005482456140356
0 0.22149122807017546 0.5762924890350877 0.010599415204678362 0.01925164473684211
0 0.22784173976608185 0.5827316337719299 0.012792397660818713 0.024734100877192987
0 0.29145285087719297 0.588499177631579 0.010416666666666666 0.028911732456140295
0 0.29517635233918127 0.5891831140350877 0.01411732456140351 0.023432017543859655
0 0.2851023391812865 0.637221765350877 0.018548976608187134 0.01856633771929825
0 0.2845997807017544 0.6423944627192982 0.01745248538011696 0.01521107456140345
0 0.30905884502923975 0.6102700109649123 0.010599415204678362 0.02404879385964913
0 0.3540296052631579 0.6519544956140351 0.023117690058479533 0.025416666666666737
0 0.3662737573099415 0.6491790021929824 0.013888888888888888 0.025896381578947438
0 0.3962673611111111 0.650390625 0.020056652046783627 0.012606907894736782
0 0.3898940058479532 0.6770751096491229 0.018183479532163743 0.047066885964912354
0 0.38103892543859647 0.607765899122807 0.006259137426900585 0.01109649122807018
0 0.4056368786549708 0.6233881578947369 0.007925804093567232 0.01866776315789471
0 0.5175667032163743 0.6137582236842105 0.009639985380116959 0.03103618421052626
0 0.5259046052631579 0.6022478070175439 0.013066520467836257 0.02637609649122814
0 0.5298254751461988 0.6804618969298246 0.014391447368421052 0.014525767543859714
0 0.5943128654970761 0.5810896381578947 0.009228801169590644 0.022404057017543864
0 0.6023766447368422 0.5884196820175439 0.01667580409356725 0.017332785087719304
0 0.6125191885964911 0.5959909539473683 0.012107090643274854 0.024662828947368366
0 0.602079678362573 0.6213185307017544 0.012609649122807017 0.017949561403508778
0 0.679421600877193 0.6058497807017543 0.017041301169590642 0.022198464912280707
0 0.6859548611111111 0.6252042214912281 0.009639985380116959 0.022541118421052636
0 0.6882309941520468 0.6577014802631579 0.01745248538011696 0.015413925438596496
0 0.6839820906432749 0.6669503837719299 0.01114766081871345 0.02487116228070176
0 0.8801023391812867 0.6113637609649123 0.01918859649122807 0.024597039473684214
0 0.8902905701754386 0.617905701754386 0.011970029239766082 0.01753837719298246
0 0.7162225877192983 0.4584210526315789 0.006030701754385965 0.01315241228070176
