0 0.650375 0.6938333333333334 0.01875 0.059666666666666666
0 0.60625 0.6808333333333333 0.023 0.06633333333333333
0 0.5115000000000001 0.6851666666666666 0.0285 0.059
0 0.1987475 0.65661 0.043 0.07264666666666676
0 0.1451875 0.62914 0.029125 0.07831333333333335
0 0.35541500000000004 0.6563283333333333 0.03525 0.1071366666666667
0 0.39560125 0.6263366666666667 0.0446225 0.06948000000000001
0 0.39628875 0.6828216666666667 0.040247500000000005 0.07348333333333334
0 0.4350375 0.627335 0.026 0.08981000000000001
0 0.4657875 0.5548833333333333 0.043 0.07597999999999994
0 0.5368250000000001 0.6840066666666667 0.034 0.07564666666666661
0 0.580075 0.67651 0.0405 0.07798000000000002
0 0.6715750000000001 0.6851733333333333 0.0355 0.07597999999999994
0 0.627325 0.698005 0.03 0.08297666666666668
0 0.694575 0.67401 0.0375 0.07631333333333336
0 0.7109500000000001 0.6390199999999999 0.04125 0.07564666666666668
0 0.7375750000000001 0.7015033333333334 0.0395 0.08331333333333335
0 0.77757375 0.6981716666666667 0.04049749999999994 0.09464333333333336
0 0.8108225 0.6981716666666666 0.042 0.08464333333333335
0 0.8145725 0.6783433333333333 0.0465 0.06964666666666669
0 0.8296975 0.8801233333333334 0.03925 0.06864666666666669
0 0.8794475 0.8259716666666665 0.07875 0.05898333333333327
0 0.8590725 0.7996433333333333 0.0465 0.054320000000000014
0 0.8360725 0.6758433333333332 0.0365 0.07998000000000002
0 0.8619475 0.6766766666666667 0.04825 0.08698000000000002
0 0.8913224999999999 0.6886733333333334 0.049 0.08564666666666661
0 0.9095725 0.6815083333333333 0.03 0.06598333333333335
0 0.9313225 0.7015033333333334 0.03 0.08464666666666669
0 0.9536975 0.7030033333333333 0.02325 0.05765333333333327
0 0.9744474999999999 0.6841749999999999 0.04225 0.09264333333333327
0 0.9858225 0.647185 0.03 0.06265000000000001
0 0.8894475000000001 0.7378266666666666 0.05275 0.04532000000000001
0 0.8956974999999999 0.7901483333333332 0.03625 0.06331666666666676
0 0.9406975 0.78215 0.03725 0.07798000000000002
0 0.9741974999999999 0.7538216666666666 0.03825 0.0626500000000001
0 0.9466975 0.8151399999999999 0.06825 0.07198000000000002
0 0.9813225 0.8451333333333333 0.038 0.09597333333333335
0 0.88799 0.9409966666666667 0.073 0.04598666666666653
0 0.98761375 0.9171683333333333 0.024747499999999947 0.03498999999999993
0 0.98348875 0.9561583333333333 0.032997499999999944 0.06564999999999994
0 0.57691 0.5698716666666667 0.0315 0.06598333333333327
0 0.5997837500000001 0.5858666666666668 0.03074750000000006 0.07731333333333328
0 0.6177825000000001 0.5658733333333333 0.03425 0.07064666666666661
0 0.7211575 0.5602083333333333 0.031 0.08730999999999994
0 0.7541575 0.5648733333333333 0.039 0.07397999999999995
0 0.27214249999999995 0.40247166666666667 0.028125 0.07181666666666668
0 0.3233925 0.3858916666666667 0.030375 0.06865000000000002
0 0.39532999999999996 0.361565 0.02825 0.060650000000000016
0 0.78232 0.8584183333333333 0.063 0.09764333333333328
0 0.6557424999999999 0.35925833333333335 0.0385 0.06531666666666668
