0 0.5599999999999999 0.45166666666666666 0.029 0.03133333333333333
0 0.559875 0.3273333333333333 0.02475 0.029333333333333333
0 0.675125 0.4018333333333333 0.02525 0.029
0 0.15600000000000003 0.3998333333333334 0.031 0.033
0 0.286 0.4211666666666667 0.0225 0.036333333333333336
0 0.366 0.5315 0.035 0.026333333333333334
0 0.798625 0.3835 0.02525 0.036333333333333336
0 0.36324999999999996 0.5798333333333333 0.0235 0.037
0 0.956 0.587 0.02 0.050666666666666665
0 0.43474999999999997 0.5831666666666667 0.0255 0.044333333333333336
0 0.6425000000000001 0.458 0.0235 0.036
0 0.8185 0.4525 0.0175 0.037
0 0.21200000000000002 0.5433333333333333 0.019 0.03866666666666667
0 0.447375 0.5908333333333333 0.02675 0.042333333333333334
0 0.642375 0.23116666666666666 0.01875 0.01633333333333333
0 0.32775 0.5641666666666667 0.0225 0.036333333333333336
0 0.48575 0.23983333333333334 0.028 0.013666666666666667
0 0.304375 0.554 0.02125 0.034
0 0.650625 0.4658333333333333 0.01875 0.027
0 0.46325 0.43616666666666665 0.024 0.033666666666666664
0 0.285125 0.4648333333333333 0.02325 0.03766666666666667
0 0.40875 0.5756666666666667 0.0365 0.03866666666666667
0 0.176875 0.5921666666666666 0.03925 0.031
0 0.6525000000000001 0.6193333333333333 0.0315 0.028
0 0.143875 0.30183333333333334 0.02325 0.029
0 0.22875 0.5476666666666667 0.0335 0.04133333333333333
0 0.10775 0.49466666666666664 0.029 0.04133333333333333
0 0.75125 0.5961666666666666 0.019 0.047
0 0.524375 0.5851666666666667 0.01875 0.049666666666666665
0 0.565625 0.5796666666666667 0.01825 0.048
0 0.332875 0.37083333333333335 0.02925 0.025
0 0.370875 0.483 0.02375 0.030666666666666665
0 0.8617499999999999 0.4815 0.023 0.03766666666666667
0 0.42874999999999996 0.2746666666666666 0.0155 0.02266666666666667
0 0.90225 0.5613333333333334 0.0235 0.042666666666666665
0 0.14 0.5351666666666667 0.023 0.049666666666666665
0 0.705 0.2988333333333333 0.014 0.027666666666666666
0 0.5842499999999999 0.4955 0.027 0.035
0 0.32362500000000005 0.48550000000000004 0.02375 0.037
0 0.766875 0.4051666666666667 0.02325 0.03233333333333333
0 0.645 0.2585 0.0135 0.027
0 0.125875 0.45666666666666667 0.01625 0.032
0 0.6141625000000001 0.5201633333333333 0.020825000000000045 0.04700666666666666
0 0.83125 0.4976666666666667 0.022 0.036
0 0.7226250000000001 0.29966666666666664 0.01475 0.030666666666666665
0 0.45225 0.4166666666666667 0.0145 0.029333333333333333
0 0.11637499999999999 0.45566666666666666 0.02375 0.034666666666666665
0 0.77325 0.6425000000000001 0.0385 0.04566666666666667
0 0.047375 0.38799999999999996 0.03225 0.030666666666666665
0 0.870125 0.35150000000000003 0.02925 0.031
0 0.7705 0.5291666666666667 0.018 0.035666666666666666
0 0.240125 0.49033333333333334 0.02025 0.026
0 0.8055 0.5323333333333334 0.016 0.037333333333333336
0 0.7014999999999999 0.2808333333333334 0.019 0.015666666666666666
0 0.18312499999999998 0.46016666666666667 0.02075 0.03233333333333333
0 0.8776250000000001 0.5416666666666667 0.02025 0.04533333333333334
0 0.17750000000000002 0.296 0.0185 0.024666666666666667
0 0.1255 0.4876666666666667 0.024 0.028
0 0.09799999999999999 0.45216666666666666 0.022 0.03766666666666667
0 0.012625 0.46199999999999997 0.01575 0.027333333333333334
0 0.58275 0.3766666666666667 0.0185 0.032
0 0.5455 0.5425 0.025 0.029666666666666668
0 0.498455 0.578205 0.024089999999999976 0.053076666666666675
0 0.5241250000000001 0.48116666666666663 0.02275 0.035666666666666666
0 0.145375 0.47783333333333333 0.01925 0.03833333333333333
0 0.9720000000000001 0.5871666666666666 0.0175 0.043
0 0.147125 0.5766666666666667 0.03425 0.034666666666666665
0 0.33649999999999997 0.44383333333333336 0.0225 0.036333333333333336
0 0.16075 0.47 0.0255 0.034666666666666665
0 0.70875 0.5285000000000001 0.028 0.029666666666666668
0 0.08025 0.5498333333333333 0.023 0.049
0 0.374875 0.42266666666666663 0.03025 0.020666666666666667
0 0.43362500000000004 0.4231666666666667 0.02175 0.034333333333333334
0 0.6185 0.5898333333333333 0.0255 0.042333333333333334
0 0.040875 0.5486666666666666 0.02525 0.046
0 0.537875 0.5861666666666666 0.01775 0.043
0 0.49525 0.5 0.024 0.04
0 0.39475 0.4355 0.0225 0.033666666666666664
0 0.6920000000000001 0.408 0.022 0.030666666666666665
0 0.28125 0.5535 0.0125 0.036333333333333336
0 0.6335 0.2575 0.011 0.025666666666666667
0 0.34049999999999997 0.5243333333333333 0.0215 0.036
0 0.47275 0.48616666666666664 0.032 0.03233333333333333
0 0.40925 0.5146666666666667 0.018 0.03266666666666666
0 0.574125 0.594 0.02275 0.054
0 0.43275 0.24 0.023 0.019333333333333334
0 0.6525 0.5221666666666667 0.0245 0.03166666666666667
0 0.6295000000000001 0.2965 0.0335 0.019666666666666666
0 0.7002499999999999 0.494 0.031 0.03
0 0.7176250000000001 0.4925 0.01825 0.035
0 0.7204999999999999 0.36716666666666664 0.027 0.024333333333333332
0 0.45975 0.2733333333333333 0.0185 0.024666666666666667
0 0.951375 0.42116666666666663 0.03525 0.03166666666666667
0 0.692125 0.6160000000000001 0.02675 0.04533333333333334
0 0.2515 0.28350000000000003 0.024 0.025
0 0.506125 0.33416666666666667 0.03175 0.017
0 0.27025 0.5533333333333333 0.0155 0.038
0 0.053375 0.3101666666666667 0.02775 0.013666666666666667
0 0.208875 0.511 0.03275 0.018666666666666668
0 0.2625 0.2633333333333333 0.026 0.019333333333333334
0 0.587375 0.5236666666666667 0.03325 0.026
0 0.8929999999999999 0.3625 0.025 0.025
0 0.5675 0.2693333333333333 0.021 0.020666666666666667
0 0.3135 0.255 0.0205 0.023333333333333334
0 0.33675 0.3396666666666667 0.0295 0.018
0 0.6118750000000001 0.555 0.02225 0.03
0 0.6437499999999999 0.33766666666666667 0.027 0.023333333333333334
0 0.62725 0.328 0.033 0.016
0 0.5645 0.29683333333333334 0.0225 0.015
0 0.6126250000000001 0.31483333333333335 0.02625 0.017666666666666667
0 0.866625 0.5008333333333334 0.02575 0.023
0 0.242625 0.5463333333333333 0.01675 0.03266666666666666
0 0.31525000000000003 0.30566666666666664 0.021 0.017333333333333333
0 0.7095 0.5833333333333334 0.0215 0.04
0 0.18350000000000002 0.4291666666666667 0.0285 0.019666666666666666
0 0.138375 0.5640000000000001 0.03175 0.034
0 0.09774999999999999 0.295 0.022 0.027333333333333334
0 0.783875 0.319 0.02375 0.027333333333333334
0 0.280625 0.4896666666666667 0.03375 0.03
0 0.376875 0.28750000000000003 0.01875 0.025
0 0.54225 0.2851666666666667 0.0205 0.012333333333333333
0 0.601625 0.2235 0.01925 0.021
0 0.8191250000000001 0.6203333333333333 0.03025 0.050666666666666665
0 0.3575 0.48316666666666663 0.022 0.03166666666666667
0 0.262 0.5823333333333334 0.0305 0.021333333333333333
0 0.394625 0.40349999999999997 0.01875 0.029666666666666668
0 0.081125 0.5131666666666667 0.01475 0.033
0 0.67825 0.5575 0.0315 0.019
0 0.752375 0.39416666666666667 0.01625 0.033
0 0.2245 0.4216666666666667 0.0275 0.037333333333333336
0 0.26487499999999997 0.5253333333333333 0.01725 0.038
0 0.5785 0.6296666666666666 0.0235 0.050666666666666665
0 0.30412500000000003 0.5211666666666667 0.01975 0.037
0 0.06974999999999999 0.5091666666666667 0.0205 0.03233333333333333
0 0.28625 0.25966666666666666 0.0185 0.024
0 0.531 0.4888333333333333 0.0285 0.03166666666666667
0 0.6267499999999999 0.35466666666666663 0.031 0.013333333333333334
0 0.673 0.5146666666666667 0.0215 0.026
0 0.184375 0.5708333333333334 0.02825 0.023666666666666666
0 0.988625 0.6018333333333333 0.01975 0.049
0 0.1255 0.29833333333333334 0.015 0.025333333333333333
0 0.555 0.4891666666666667 0.0315 0.025
0 0.891875 0.4796666666666667 0.02475 0.028
0 0.330625 0.22516666666666665 0.01625 0.019666666666666666
0 0.710875 0.5485 0.01925 0.037
0 0.9147500000000001 0.7558333333333334 0.0275 0.021666666666666667
0 0.912125 0.46016666666666667 0.02175 0.043
0 0.49625 0.289 0.024 0.025333333333333333
0 0.206625 0.4615 0.01475 0.028333333333333332
0 0.036000000000000004 0.453 0.017 0.035333333333333335
0 0.645375 0.3768333333333333 0.01825 0.03166666666666667
0 0.934125 0.5456666666666666 0.02475 0.034666666666666665
0 0.21553875 0.48683333333333334 0.030922500000000012 0.021
0 0.40537500000000004 0.3036666666666667 0.02875 0.016
0 0.515 0.5493333333333333 0.0285 0.021333333333333333
0 0.9562499999999999 0.501 0.045 0.02666666666666667
0 0.58025 0.27616666666666667 0.024 0.024333333333333332
0 0.17800000000000002 0.5476666666666667 0.0265 0.035333333333333335
0 0.19225 0.4691666666666667 0.0165 0.036333333333333336
0 0.6405 0.594 0.02 0.046
0 0.237125 0.5115 0.02075 0.031
0 0.66675 0.25433333333333336 0.02 0.018666666666666668
0 0.853375 0.5966666666666667 0.03275 0.028
0 0.0265 0.6028333333333333 0.0275 0.047
0 0.884875 0.6088333333333333 0.01675 0.043
0 0.34550000000000003 0.47733333333333333 0.03 0.035333333333333335
0 0.9395 0.5301666666666667 0.0195 0.049
0 0.658 0.2806666666666666 0.0235 0.024666666666666667
0 0.34375 0.5866666666666667 0.0275 0.04
0 0.31112500000000004 0.6656666666666667 0.02275 0.048
0 0.31512500000000004 0.2895 0.02675 0.015
0 0.023875 0.4646666666666666 0.01875 0.028666666666666667
0 0.537 0.23466666666666666 0.0275 0.018666666666666668
0 0.4805 0.5365 0.0175 0.050333333333333334
0 0.07312500000000001 0.3036666666666667 0.01225 0.024
0 0.8213750000000001 0.36533333333333334 0.02075 0.034
0 0.6288750000000001 0.55 0.02625 0.036
0 0.629625 0.39166666666666666 0.01925 0.034
0 0.6683749999999999 0.2865 0.01775 0.026333333333333334
0 0.6988749999999999 0.32433333333333336 0.03425 0.016666666666666666
0 0.6297499999999999 0.4925 0.017 0.024333333333333332
0 0.366875 0.30383333333333334 0.02275 0.01633333333333333
0 0.795875 0.643 0.03375 0.04666666666666667
0 0.7825 0.5378333333333334 0.0145 0.044333333333333336
0 0.54925 0.6005 0.018 0.05366666666666667
0 0.61 0.2508333333333333 0.017 0.027666666666666666
0 0.509125 0.26866666666666666 0.01475 0.024
0 0.64525 0.24000000000000002 0.0185 0.016
0 0.37875 0.26233333333333336 0.0145 0.02
0 0.6920000000000001 0.5206666666666667 0.0335 0.027333333333333334
0 0.353375 0.22899999999999998 0.02225 0.017333333333333333
0 0.508 0.20733333333333334 0.0155 0.018
0 0.340375 0.6125 0.03975 0.026333333333333334
0 0.5343749999999999 0.507 0.03575 0.015333333333333332
0 0.571375 0.2315 0.01725 0.017666666666666667
0 0.531375 0.27249999999999996 0.01475 0.022333333333333334
0 0.811875 0.5033333333333333 0.01825 0.034666666666666665
0 0.29312499999999997 0.4925 0.01425 0.023666666666666666
0 0.326 0.26066666666666666 0.032 0.018
0 0.766 0.5593333333333333 0.0295 0.022
0 0.481 0.4205 0.016 0.041666666666666664
0 0.78225 0.2803333333333333 0.031 0.021333333333333333
0 0.835875 0.6271666666666667 0.02525 0.050333333333333334
0 0.627625 0.5191666666666667 0.01875 0.035666666666666666
0 0.520375 0.2675 0.01475 0.023
0 0.10725 0.39016666666666666 0.02 0.03966666666666667
0 0.938625 0.5836666666666667 0.01625 0.05266666666666667
0 0.625 0.24333333333333335 0.02 0.02
0 0.90225 0.41133333333333333 0.0305 0.036
0 0.25325 0.47900000000000004 0.024 0.026
0 0.668625 0.4648333333333333 0.01725 0.035666666666666666
0 0.6395000000000001 0.2838333333333333 0.0175 0.02033333333333333
0 0.692 0.29883333333333334 0.0145 0.024333333333333332
0 0.9147500000000001 0.5223333333333333 0.0175 0.03666666666666667
0 0.21812499999999999 0.2603333333333333 0.01475 0.020666666666666667
0 0.783875 0.5735 0.03125 0.025
0 0.5443749999999999 0.2603333333333333 0.02175 0.013333333333333334
0 0.68975 0.2743333333333334 0.014 0.018666666666666668
0 0.0605 0.4671666666666666 0.0245 0.03766666666666667
0 0.49537499999999995 0.4706666666666667 0.03875 0.026
0 0.773625 0.49983333333333335 0.02275 0.022333333333333334
0 0.433 0.5391666666666667 0.0185 0.049
0 0.9245 0.5626666666666666 0.0155 0.046
0 0.686625 0.5433333333333333 0.03225 0.020666666666666667
0 0.0125 0.44566666666666666 0.025 0.025333333333333333
0 0.9127500000000001 0.5765 0.018 0.037
0 0.0063100000000000005 0.375295 0.014625 0.038323333333333265
0 0.02799625 0.3942883333333333 0.0214975 0.0336566666666666
0 0.0109975 0.4222816666666666 0.021 0.020330000000000004
0 0.047994999999999996 0.4498583333333333 0.01125 0.03749000000000001
0 0.0693075 0.42036499999999993 0.024875000000000008 0.03282333333333334
0 0.05999500000000001 0.44519333333333333 0.016500000000000008 0.03282666666666667
0 0.07787000000000001 0.44910833333333333 0.02625 0.020663333333333336
0 0.021246249999999998 0.4895983333333333 0.0284975 0.04299000000000001
0 0.09612 0.38629166666666664 0.01775 0.0396566666666666
0 0.030996249999999996 0.49143 0.037497499999999996 0.046653333333333345
0 0.03574625 0.49293 0.032497500000000006 0.03199333333333334
0 0.0034974999999999997 0.507425 0.0075 0.03865666666666667
0 0.0036225 0.4739466666666666 0.00775 0.028660000000000005
0 0.068245 0.47935833333333333 0.020500000000000008 0.03915666666666667
0 0.08099500000000001 0.470695 0.0165 0.035156666666666676
0 0.09330750000000002 0.4781083333333333 0.026375 0.03565666666666668
0 0.099995 0.4932716666666666 0.031 0.041990000000000006
0 0.1408075 0.4530316666666666 0.020125 0.03782333333333334
0 0.163495 0.443785 0.02775 0.034323333333333345
0 0.1080575 0.5141833333333333 0.018875 0.035160000000000004
0 0.0950575 0.5245133333333334 0.019375 0.02349333333333334
0 0.06574625 0.5344283333333333 0.020497500000000002 0.03565666666666668
0 0.05912125000000001 0.51335 0.022747500000000004 0.03449333333333334
0 0.030122500000000003 0.5189316666666667 0.023750000000000004 0.03499000000000001
0 0.018935 0.5593383333333333 0.023875 0.03982333333333334
0 0.012392499999999999 0.5895533333333334 0.026125 0.02749333333333334
0 0.1085175 0.56331 0.017375 0.047653333333333346
0 0.10420499999999999 0.5412316666666667 0.0255 0.05381666666666668
0 0.12383000000000001 0.5503133333333333 0.016250000000000014 0.05132000000000001
0 0.18787 0.40260166666666664 0.016 0.03782333333333334
0 0.2006825 0.4071833333333333 0.019625 0.04065333333333335
0 0.18639 0.48733 0.019625 0.029660000000000006
0 0.18407749999999998 0.5212366666666667 0.01575 0.04215333333333335
0 0.15139125 0.49707666666666667 0.024372499999999974 0.028826666666666674
0 0.16139124999999999 0.494745 0.03362249999999997 0.03782333333333334
0 0.16507875 0.50899 0.03249749999999997 0.030993333333333338
0 0.16763999999999998 0.5199033333333334 0.023375 0.031160000000000007
0 0.1983275 0.543815 0.016 0.041323333333333344
0 0.2063075 0.49810333333333334 0.034375 0.019660000000000007
0 0.22330750000000002 0.4614483333333333 0.020125 0.03699000000000001
0 0.2305575 0.4411183333333333 0.018375 0.03765666666666668
0 0.24318250000000002 0.45094999999999996 0.016875 0.03332666666666667
0 0.2538075 0.452615 0.012625 0.034656666666666676
0 0.24205749999999998 0.46960999999999997 0.018875 0.02399333333333334
0 0.270495 0.45828166666666664 0.018 0.04532333333333334
0 0.3164325 0.42787166666666665 0.020625 0.039489999999999935
0 0.30068249999999996 0.46269666666666665 0.023125 0.02949333333333334
0 0.30905750000000004 0.47960833333333336 0.020375 0.04732333333333334
0 0.2866825 0.5154316666666666 0.019625 0.041990000000000006
0 0.25537 0.546425 0.015 0.04099000000000001
0 0.34305625 0.4607533333333333 0.029872500000000003 0.029160000000000005
0 0.352805 0.4300116666666666 0.012875 0.033656666666666675
0 0.3676175 0.44817333333333337 0.0235 0.02932666666666667
0 0.37955500000000003 0.4672516666666667 0.031375 0.041823333333333344
0 0.393805 0.4642516666666667 0.028625 0.03082333333333334
0 0.29312000000000005 0.555145 0.01975 0.042656666666666676
0 0.320745 0.5313166666666667 0.0205 0.04832000000000001
0 0.33480624999999997 0.5722233333333334 0.021622500000000003 0.035160000000000004
0 0.38361750000000006 0.5533933333333334 0.02075 0.025160000000000005
0 0.4069925 0.5338166666666666 0.02725 0.04232000000000001
0 0.39018 0.506325 0.013625 0.03765666666666668
0 0.4093275 0.37755166666666673 0.021 0.034156666666666675
0 0.40413999999999994 0.4652783333333333 0.017125 0.041990000000000006
0 0.419765 0.467195 0.019625 0.04415666666666668
0 0.43895124999999996 0.45511499999999994 0.0192475 0.03499000000000001
0 0.44176375 0.4940216666666667 0.0231225 0.042156666666666676
0 0.42957625 0.48744 0.0424975 0.03299333333333334
0 0.46695000000000003 0.49901999999999996 0.02675 0.03416
0 0.4627 0.5107666666666666 0.02375 0.029660000000000006
0 0.4976175 0.4372866666666666 0.01925 0.036993333333333336
0 0.5166175 0.4326216666666667 0.024249999999999942 0.039989999999999935
0 0.5208675 0.45886499999999997 0.021249999999999943 0.03782333333333334
0 0.44984750000000007 0.5354266666666666 0.024375 0.04798666666666668
0 0.45941000000000004 0.5280133333333333 0.023 0.03216000000000001
0 0.49603500000000006 0.5370933333333334 0.016 0.03299333333333334
0 0.5069724999999999 0.5126 0.018874999999999944 0.04798666666666668
0 0.4680975 0.5760833333333333 0.020625 0.04832000000000001
0 0.479785 0.5765833333333333 0.01525 0.04065333333333335
0 0.49234750000000005 0.5694183333333334 0.015125 0.05431666666666668
0 0.51166 0.5799983333333334 0.016499999999999942 0.03882333333333334
0 0.5330962499999999 0.52218 0.03387250000000006 0.019826666666666673
0 0.55622 0.5188483333333334 0.018875 0.04382333333333334
0 0.568345 0.526095 0.016375 0.03832333333333334
0 0.584345 0.5460916666666666 0.018125 0.03765666666666668
0 0.5912825 0.5802483333333334 0.02375 0.06098333333333335
0 0.5579075000000001 0.5562549999999999 0.0215 0.03599000000000001
0 0.534595 0.5521716666666666 0.019625 0.040156666666666674
0 0.6047825 0.505935 0.02975 0.020663333333333336
0 0.6582625000000001 0.5798866666666667 0.018875 0.04948666666666668
0 0.6451375000000001 0.5115733333333333 0.021875 0.04948666666666668
0 0.602825 0.47783166666666665 0.01575 0.034656666666666676
0 0.5877625 0.461335 0.021375 0.03565666666666668
0 0.5875750000000001 0.43461999999999995 0.026 0.03266000000000001
0 0.6657 0.4914683333333334 0.01775 0.03749000000000001
0 0.70363625 0.46505666666666673 0.021122499999999947 0.04198666666666668
0 0.727135 0.49804833333333337 0.025125 0.032656666666666674
0 0.75151 0.4838016666666667 0.026125 0.03915666666666667
0 0.75251 0.5082966666666667 0.035375 0.026826666666666672
0 0.7378849999999999 0.523625 0.021375 0.05281666666666661
0 0.7547600000000001 0.5308733333333333 0.016625 0.04631999999999994
0 0.7335725 0.432065 0.022 0.03899000000000001
0 0.6975125000000001 0.43373333333333336 0.021625 0.023660000000000007
0 0.7290525 0.5301783333333334 0.020125 0.03682333333333334
0 0.7261774999999999 0.5565049999999999 0.017375 0.040156666666666674
0 0.69774 0.5761666666666667 0.0165 0.05282000000000001
0 0.74124 0.5591700000000001 0.01675 0.05082000000000001
0 0.73324 0.6003266666666667 0.0235 0.055153333333333346
0 0.77849 0.5879966666666667 0.0465 0.05148666666666668
0 0.7705525 0.6006600000000001 0.025375 0.04482000000000001
0 0.711365 0.6185733333333333 0.02025 0.04998666666666668
0 0.726365 0.6223216666666667 0.01825 0.04582333333333334
0 0.79249 0.49827166666666667 0.022 0.03665666666666668
0 0.79574 0.5422583333333334 0.021 0.058650000000000015
0 0.82449 0.5442583333333333 0.027 0.05565000000000001
0 0.8104275 0.5734166666666667 0.021375 0.04698666666666668
0 0.8305525 0.58958 0.025375 0.04365333333333334
0 0.8404275 0.5790000000000001 0.035375 0.02749333333333334
0 0.84549 0.5650866666666666 0.02 0.020660000000000005
0 0.8331775 0.5350933333333333 0.027625 0.05098666666666668
0 0.838365 0.5292616666666667 0.02625 0.040656666666666674
0 0.84999 0.5154316666666666 0.0225 0.041323333333333344
0 0.87324 0.516515 0.0255 0.033156666666666675
0 0.854615 0.5510066666666666 0.01675 0.03249333333333334
0 0.86699 0.55059 0.0175 0.04065333333333335
0 0.8821775 0.5729166666666666 0.029375 0.025660000000000006
0 0.89548875 0.5369266666666667 0.022497499999999945 0.046653333333333345
0 0.841865 0.4636133333333333 0.026 0.045986666666666676
0 0.8570525 0.4481133333333333 0.022625 0.03833333333333333
0 0.8013650000000001 0.46068833333333337 0.01825 0.04515666666666668
0 0.7873025 0.4497733333333333 0.021125 0.044653333333333343
0 0.86299 0.6248666666666667 0.034 0.061153333333333344
0 0.87911375 0.6292816666666666 0.030747499999999945 0.06131666666666668
0 0.9111349999999999 0.4978166666666667 0.021375 0.024326666666666674
0 0.9323225 0.4585766666666667 0.0195 0.046486666666666676
0 0.9473225 0.5174783333333334 0.022 0.03499000000000001
0 0.9778 0.5116183333333333 0.016375 0.035156666666666676
0 0.9909875 0.5205333333333333 0.01875 0.044653333333333343
0 0.9827999999999999 0.5531066666666666 0.028625 0.05248666666666668
0 0.9697999999999999 0.5561066666666666 0.032625 0.045153333333333344
0 0.995425 0.5672699999999999 0.010375 0.04748666666666668
0 0.9770175000000001 0.7729816666666667 0.03925 0.0386566666666666
0 0.9833925 0.7989766666666667 0.0305 0.04932000000000001
0 0.6318062499999999 0.8353683333333334 0.05803250000000003 0.061883333333333214
0 0.336115 0.24253666666666668 0.0275 0.018660000000000006
0 0.2596775 0.25795 0.025625 0.022160000000000006
0 0.3346775 0.2896066666666667 0.027375 0.023826666666666635
0 0.37424 0.23812 0.03 0.020160000000000008
0 0.38799 0.29627333333333333 0.017 0.027826666666666635
0 0.40624 0.28585666666666665 0.0175 0.025326666666666636
0 0.426615 0.30310333333333334 0.01975 0.03382666666666664
0 0.44042749999999997 0.27436166666666667 0.011875 0.03299000000000001
0 0.38061500000000004 0.32776333333333335 0.04125 0.01849333333333334
0 0.441115 0.35400833333333337 0.01825 0.03832333333333334
0 0.45505249999999997 0.3141833333333333 0.013875 0.026660000000000007
0 0.4629275 0.25445 0.012875 0.02749333333333334
0 0.4755525 0.2626966666666667 0.016625 0.023660000000000007
0 0.478615 0.26903 0.01875 0.025660000000000006
0 0.49236375 0.26594666666666666 0.020497500000000002 0.03249333333333334
0 0.5017375000000001 0.27053 0.01525 0.02799333333333334
0 0.5231349999999999 0.22537333333333331 0.017375 0.02599333333333334
0 0.5533225 0.25545 0.018 0.025160000000000005
0 0.568885 0.25003333333333333 0.017375 0.027660000000000007
0 0.5810725 0.23004 0.017 0.019326666666666673
0 0.594635 0.23437166666666667 0.014625 0.030656666666666676
0 0.589885 0.2523666666666667 0.016625 0.018660000000000006
0 0.56142625 0.289885 0.025372499999999944 0.016830000000000005
0 0.5318025000000001 0.31363 0.022375 0.029660000000000006
0 0.54174 0.33279166666666665 0.019 0.035656666666666635
0 0.56367625 0.3547833333333333 0.018122499999999944 0.02599333333333334
0 0.5855499999999999 0.34212166666666666 0.017625 0.03798999999999997
0 0.60005 0.36886499999999994 0.016375 0.034823333333333345
0 0.606175 0.29988166666666666 0.025125 0.014830000000000003
0 0.6574249999999999 0.25431166666666666 0.012875 0.02898999999999997
0 0.6748624999999999 0.26705833333333334 0.01925 0.01449666666666667
0 0.68208875 0.2806133333333334 0.0121875 0.02074666666666667
0 0.6772137500000001 0.2986916666666667 0.0173125 0.035910000000000004
0 0.6598225 0.33950166666666665 0.01375 0.033990000000000006
0 0.6690725 0.33083833333333335 0.01375 0.03832333333333334
0 0.6793224999999999 0.33192166666666667 0.02125 0.03715666666666668
0 0.6998850000000001 0.3467516666666667 0.025875 0.03549000000000001
0 0.72594625 0.341835 0.01899750000000006 0.03232333333333334
0 0.66401 0.37649166666666667 0.019375 0.03699000000000001
0 0.6791975 0.3787433333333333 0.0225 0.024160000000000004
0 0.71794625 0.39507166666666665 0.02399750000000006 0.03882333333333334
0 0.7138625 0.29879 0.0155 0.02799333333333334
0 0.7359249999999999 0.2982916666666666 0.014875 0.03499000000000001
0 0.746425 0.3071216666666666 0.013875 0.03099000000000001
0 0.751925 0.2905433333333333 0.016625 0.01782666666666667
0 0.759425 0.31711833333333334 0.016375 0.040656666666666674
0 0.7674249999999999 0.30603833333333336 0.024125 0.03149000000000001
0 0.7641124999999999 0.27921333333333337 0.017 0.02749333333333334
0 0.7832374999999999 0.3628583333333333 0.01775 0.03182333333333334
0 0.807675 0.38243499999999997 0.021125 0.03665666666666668
0 0.8156125 0.3772716666666666 0.0255 0.03565666666666668
0 0.9180075000000001 0.3865183333333333 0.024375 0.040156666666666674
0 0.9560700000000001 0.41042833333333334 0.02075 0.03665666666666668
0 0.98225625 0.43292166666666665 0.035372499999999946 0.03865666666666667
0 0.99263125 0.4548333333333333 0.016872499999999947 0.020826666666666674
0 0.89204875 0.5099116666666667 0.02287250000000006 0.03865666666666667
0 0.1326875 0.30328166666666667 0.01725 0.029656666666666675
0 0.08540750000000001 0.29664166666666664 0.01325 0.024163333333333335
0 0.169125 0.3189666666666667 0.03225 0.020326666666666673
