0 0.5836988304093568 0.1724232456140351 0.023574561403508772 0.032072368421052634
0 0.597953216374269 0.18859649122807018 0.02138157894736842 0.03481359649122807
0 0.6218019005847953 0.20285087719298245 0.0266812865497076 0.04906798245614035
0 0.6037097953216374 0.2002467105263158 0.019736842105263157 0.03673245614035088
0 0.6681286549707601 0.2025767543859649 0.027595029239766082 0.03481359649122807
0 0.6407163742690059 0.20833333333333334 0.012244152046783625 0.04139254385964912
0 0.6529605263157895 0.2177905701754386 0.014802631578947368 0.05317982456140351
0 0.6637426900584795 0.21408991228070176 0.016264619883040937 0.03919956140350877
0 0.6320358187134503 0.23300438596491227 0.017178362573099414 0.04468201754385965
0 0.6114766081871346 0.24300986842105265 0.03344298245614035 0.030153508771929825
0 0.9637244152046784 0.2382127192982456 0.01827485380116959 0.04194078947368421
0 0.9856542397660818 0.25424890350877194 0.02850877192982456 0.020833333333333332
0 0.6000548245614035 0.2304002192982456 0.03654970760233918 0.023026315789473683
0 0.747624269005848 0.2362938596491228 0.03490497076023392 0.021107456140350877
0 0.8547149122807017 0.24835526315789475 0.02905701754385965 0.03481359649122807
0 0.003380847953216374 0.24479166666666666 0.006944444444444444 0.023300438596491228
0 0.8813048245614035 0.2635690789473684 0.029605263157894735 0.0581140350877193
0 0.6901498538011696 0.25548245614035087 0.021198830409356724 0.03974780701754386
0 0.7092470760233919 0.2579495614035088 0.018092105263157895 0.0381030701754386
0 0.941703216374269 0.26151315789473684 0.01663011695906433 0.04523026315789474
0 0.928545321637427 0.26480263157894735 0.017361111111111112 0.04797149122807018
0 0.9336622807017544 0.2963267543859649 0.026133040935672515 0.033717105263157895
0 0.9614400584795322 0.2545230263157895 0.023574561403508772 0.0268640350877193
0 0.9008589181286549 0.27439692982456143 0.015716374269005847 0.05619517543859649
0 0.8621162280701755 0.2661732456140351 0.019005847953216373 0.030975877192982455
0 0.8516081871345029 0.2813870614035088 0.030153508771929825 0.03125
0 0.7281615497076023 0.2694627192982456 0.020833333333333332 0.03481359649122807
0 0.7969663742690059 0.27439692982456143 0.023940058479532164 0.04084429824561404
0 0.7563048245614036 0.27631578947368424 0.017178362573099414 0.04413377192982456
0 0.9118238304093567 0.2824835526315789 0.01425438596491228 0.054276315789473686
0 0.9216465643274854 0.2813870614035088 0.01251827485380117 0.052083333333333336
0 0.9616228070175439 0.27576754385964913 0.02722953216374269 0.03919956140350877
0 0.9830043859649124 0.27179276315789475 0.03344298245614035 0.02138157894736842
0 0.9872989766081871 0.29920504385964913 0.024853801169590642 0.046600877192982455
0 0.993375365497076 0.3055098684210526 0.01251827485380117 0.03399122807017544
0 0.9838267543859649 0.33538925438596495 0.03179824561403509 0.03618421052631579
0 0.9911366959064327 0.3490953947368421 0.017178362573099414 0.043859649122807015
0 0.9782529239766082 0.3696546052631579 0.02320906432748538 0.04331140350877193
0 0.7775950292397661 0.2856359649122807 0.01918859649122807 0.03700657894736842
0 0.8869700292397661 0.30180921052631576 0.014985380116959063 0.04632675438596491
0 0.9455409356725146 0.296875 0.022112573099415205 0.03262061403508772
0 0.83296783625731 0.303453947368421 0.030153508771929825 0.04139254385964912
0 0.9664656432748538 0.31085526315789475 0.019005847953216373 0.05016447368421053
0 0.9551352339181286 0.31798245614035087 0.014985380116959063 0.04413377192982456
0 0.31514985380116955 0.3175712719298246 0.013888888888888888 0.044407894736842105
0 0.2171966374269006 0.32140899122807015 0.021929824561403508 0.04550438596491228
0 0.8949195906432749 0.32319078947368424 0.025767543859649123 0.04797149122807018
0 0.8014437134502924 0.3186677631578947 0.021929824561403508 0.03728070175438596
0 0.32922149122807015 0.3216831140350877 0.019005847953216373 0.042214912280701754
0 0.3357090643274854 0.3514254385964912 0.018092105263157895 0.0424890350877193
0 0.3248355263157895 0.3781524122807018 0.019371345029239765 0.03618421052631579
0 0.8248355263157895 0.32360197368421056 0.01827485380116959 0.043859649122807015
0 0.19864766081871346 0.32839912280701755 0.021747076023391813 0.04961622807017544
0 0.4010416666666667 0.3267543859649123 0.016812865497076022 0.04358552631578947
0 0.41986476608187134 0.3255208333333333 0.02266081871345029 0.03125
0 0.9389619883040936 0.32990679824561403 0.02284356725146199 0.04057017543859649
0 0.9103618421052632 0.3294956140350877 0.03216374269005848 0.038651315789473686
0 0.9227887426900585 0.3320997807017544 0.025950292397660817 0.039473684210526314
0 0.4421144005847953 0.3260690789473684 0.029513888888888888 0.03070175438596491
0 0.08349323830409357 0.3356633771929825 0.02023940058479532 0.044407894736842105
0 0.07015259502923976 0.3327165570175439 0.023620248538011698 0.03577302631578947
0 0.06642909356725146 0.36430921052631576 0.01864035087719298 0.038651315789473686
0 0.2684576023391813 0.32976973684210525 0.020650584795321638 0.02987938596491228
0 0.4792580409356725 0.33950109649122806 0.021564327485380116 0.048793859649122806
0 0.12892909356725146 0.3373766447368421 0.01827485380116959 0.046463815789473686
0 0.11494883040935673 0.34004934210526316 0.020650584795321638 0.04057017543859649
0 0.22807017543859648 0.33278508771929827 0.02540204678362573 0.032072368421052634
0 0.2240497076023392 0.36047149122807015 0.017726608187134504 0.02987938596491228
0 0.3504203216374269 0.33881578947368424 0.019736842105263157 0.04358552631578947
0 0.1441885964912281 0.3388157894736842 0.019919590643274854 0.0424890350877193
0 0.5262244152046783 0.34004934210526316 0.01425438596491228 0.044407894736842105
0 0.25164473684210525 0.3373081140350877 0.018092105263157895 0.03837719298245614
0 0.7669956140350878 0.3427905701754386 0.017361111111111112 0.047697368421052634
0 0.10069444444444445 0.34265350877192985 0.018457602339181287 0.04358552631578947
0 0.29376827485380114 0.33415570175438597 0.03070175438596491 0.024396929824561403
0 0.5135233918128654 0.34155701754385964 0.011878654970760233 0.03536184210526316
0 0.05080409356725146 0.3416940789473684 0.012244152046783625 0.03399122807017544
0 0.15990497076023394 0.3500548245614035 0.014437134502923976 0.04303728070175439
0 0.43128654970760233 0.34854714912280704 0.018457602339181287 0.039473684210526314
0 0.6394371345029239 0.34841008771929827 0.019554093567251463 0.03919956140350877
0 0.693530701754386 0.34347587719298245 0.01663011695906433 0.029331140350877194
0 0.00712719298245614 0.352796052631579 0.012244152046783625 0.04084429824561404
0 0.026772660818713448 0.35704495614035087 0.014985380116959063 0.04550438596491228
0 0.03698373538011696 0.3581414473684211 0.020148026315789474 0.044407894736842105
0 0.051900584795321635 0.36883223684210525 0.024305555555555556 0.027960526315789474
0 0.03271198830409357 0.38774671052631576 0.020650584795321638 0.01918859649122807
0 0.17132675438596492 0.358141447368421 0.01644736842105263 0.04550438596491228
0 0.17790570175438597 0.37678179824561403 0.01827485380116959 0.030153508771929825
0 0.1597222222222222 0.4107730263157895 0.03234649122807018 0.07456140350877193
0 0.41118421052631576 0.34649122807017546 0.022112573099415205 0.021107456140350877
0 0.18859649122807018 0.3549890350877193 0.020285087719298246 0.03700657894736842
0 0.27129020467836257 0.3592379385964912 0.013888888888888888 0.046052631578947366
0 0.2895650584795322 0.3601973684210526 0.028143274853801168 0.02549342105263158
0 0.27905701754385964 0.3808936403508772 0.030884502923976608 0.025219298245614034
0 0.25941154970760233 0.4010416666666667 0.01827485380116959 0.04797149122807018
0 0.9362207602339181 0.35416666666666663 0.031615497076023395 0.033168859649122806
0 0.483187134502924 0.36430921052631576 0.02101608187134503 0.05016447368421053
0 0.7222222222222222 0.3569078947368421 0.015899122807017545 0.035910087719298246
0 0.30290570175438597 0.34923245614035087 0.03033625730994152 0.018914473684210526
0 0.9545869883040936 0.3567708333333333 0.025219298245614034 0.03399122807017544
0 0.3534356725146199 0.36540570175438597 0.014437134502923976 0.04797149122807018
0 0.6663011695906432 0.36636513157894735 0.015899122807017545 0.048793859649122806
0 0.6564327485380117 0.3856907894736842 0.017361111111111112 0.05016447368421053
0 0.6228070175438596 0.3647203947368421 0.014802631578947368 0.043859649122807015
0 0.14208698830409358 0.3647203947368421 0.0222953216374269 0.046052631578947366
0 0.14875730994152048 0.38569078947368424 0.018092105263157895 0.031524122807017545
0 0.24022295321637427 0.3600603070175439 0.01425438596491228 0.03070175438596491
0 0.256578947368421 0.36499451754385964 0.017726608187134504 0.03892543859649123
0 0.085343567251462 0.36677631578947373 0.01699561403508772 0.04084429824561404
0 0.5452302631578947 0.3693804824561403 0.013888888888888888 0.044956140350877194
0 0.43795687134502925 0.37184758771929827 0.019736842105263157 0.04824561403508772
0 0.4619883040935672 0.3711622807017544 0.01516812865497076 0.04632675438596491
0 0.8138706140350876 0.3722587719298246 0.019736842105263157 0.04742324561403509
0 0.7349232456140351 0.3729440789473684 0.01608187134502924 0.047697368421052634
0 0.20321637426900585 0.3751370614035088 0.014071637426900584 0.04824561403508772
0 0.2138157894736842 0.3808936403508772 0.0133406432748538 0.04331140350877193
0 0.22861842105263158 0.3958333333333333 0.021747076023391813 0.04358552631578947
0 0.22651681286549707 0.42023026315789475 0.01644736842105263 0.04468201754385965
0 0.9152046783625731 0.37088815789473684 0.029788011695906433 0.03919956140350877
0 0.7909356725146198 0.3682839912280702 0.013706140350877192 0.03289473684210526
0 0.3609283625730994 0.3722587719298246 0.019554093567251463 0.04029605263157895
0 0.5592105263157895 0.37527412280701755 0.014437134502923976 0.04632675438596491
0 0.8310489766081871 0.3729440789473685 0.014985380116959063 0.04111842105263158
0 0.6987390350877193 0.37527412280701755 0.01827485380116959 0.04413377192982456
0 0.4918676900584795 0.3773300438596491 0.019736842105263157 0.044956140350877194
0 0.7501827485380117 0.37609649122807015 0.01918859649122807 0.0424890350877193
0 0.1141264619883041 0.37856359649122806 0.017909356725146198 0.046875
0 0.11677631578947369 0.4133771929824561 0.0133406432748538 0.0424890350877193
0 0.10791301169590643 0.43146929824561403 0.017178362573099414 0.04577850877192982
0 0.10151681286549707 0.44558662280701755 0.014619883040935672 0.041666666666666664
0 0.5308845029239766 0.3765076754385965 0.013706140350877192 0.04331140350877193
0 0.012335526315789474 0.3745888157894737 0.015716374269005847 0.03782894736842105
0 0.3989400584795322 0.37911184210526316 0.01516812865497076 0.046875
0 0.12701023391812866 0.3748629385964912 0.020650584795321638 0.03453947368421053
0 0.5741959064327485 0.3866502192982456 0.014802631578947368 0.05756578947368421
0 0.7630665204678362 0.3766447368421053 0.013157894736842105 0.03700657894736842
0 0.4133771929824561 0.38308662280701755 0.015533625730994151 0.047149122807017545
0 0.37216739766081874 0.38651315789473684 0.013157894736842105 0.05345394736842105
0 0.3644005847953216 0.3996710526315789 0.010782163742690058 0.03919956140350877
0 0.35827850877192985 0.428453947368421 0.025219298245614034 0.033717105263157895
0 0.8560855263157895 0.38527960526315785 0.02448830409356725 0.049342105263157895
0 0.5032894736842105 0.3832236842105263 0.029788011695906433 0.03974780701754386
0 0.0023757309941520467 0.38253837719298245 0.004934210526315789 0.0356359649122807
0 0.6345942982456141 0.3887061403508772 0.01864035087719298 0.04742324561403509
0 0.39364035087719296 0.3885690789473684 0.014071637426900584 0.046052631578947366
0 0.10206505847953216 0.38760964912280704 0.015716374269005847 0.03974780701754386
0 0.08945540935672515 0.3963815789473684 0.02631578947368421 0.03262061403508772
0 0.1894188596491228 0.3895285087719298 0.014619883040935672 0.0424890350877193
0 0.382218567251462 0.3855537280701754 0.009137426900584795 0.03344298245614035
0 0.7773209064327485 0.3945997807017544 0.017543859649122806 0.049342105263157895
0 0.7783260233918128 0.4228344298245614 0.02101608187134503 0.03837719298245614
0 0.5885416666666666 0.3974780701754386 0.02010233918128655 0.05180921052631579
0 0.683296783625731 0.3944627192982456 0.014071637426900584 0.04523026315789474
0 0.31716008771929827 0.38980263157894735 0.01644736842105263 0.033717105263157895
0 0.338358918128655 0.38788377192982454 0.01608187134502924 0.027138157894736843
0 0.33653143274853803 0.4242050438596491 0.013523391812865496 0.04111842105263158
0 0.3246527777777778 0.42269736842105265 0.012426900584795321 0.03700657894736842
0 0.013797514619883041 0.39391447368421056 0.02631578947368421 0.035910087719298246
0 0.24223318713450293 0.3902138157894737 0.02412280701754386 0.0268640350877193
0 0.24223318713450293 0.42297149122807015 0.015716374269005847 0.04303728070175439
0 0.29404239766081874 0.38760964912280704 0.028691520467836257 0.016721491228070175
0 0.42178362573099415 0.39925986842105265 0.014437134502923976 0.04331140350877193
0 0.4339364035087719 0.4061129385964912 0.021564327485380116 0.03289473684210526
0 0.4305555555555556 0.4284539473684211 0.031615497076023395 0.019462719298245616
0 0.9138340643274854 0.4009046052631579 0.023026315789473683 0.046600877192982455
0 0.040204678362573104 0.3937088815789474 0.03344298245614035 0.028097587719298246
0 0.05327119883040936 0.4010416666666667 0.029239766081871343 0.03536184210526316
0 0.028326023391812866 0.4126918859649123 0.027960526315789474 0.0268640350877193
0 0.02366593567251462 0.4228344298245614 0.02887426900584795 0.02631578947368421
0 0.6175986842105263 0.4059758771929825 0.01644736842105263 0.04851973684210526
0 0.668859649122807 0.4048793859649123 0.015899122807017545 0.04413377192982456
0 0.8697002923976609 0.3932291666666667 0.026133040935672515 0.01918859649122807
0 0.8817616959064327 0.4026864035087719 0.023574561403508772 0.03755482456140351
0 0.8103983918128655 0.4091282894736842 0.019005847953216373 0.048793859649122806
0 0.7997989766081871 0.43119517543859653 0.027412280701754384 0.04413377192982456
0 0.06551535087719298 0.3980263157894737 0.0266812865497076 0.02549342105263158
0 0.5955774853801169 0.4087171052631579 0.027960526315789474 0.04742324561403509
0 0.595486111111111 0.4391447368421053 0.02010233918128655 0.05235745614035088
0 0.4522112573099415 0.4088541666666667 0.013888888888888888 0.046600877192982455
0 0.46610014619883045 0.4081688596491228 0.02010233918128655 0.0424890350877193
0 0.5378289473684211 0.4069353070175439 0.017361111111111112 0.04276315789473684
0 0.7226334064327485 0.4134457236842105 0.02275219298245614 0.05523574561403509
0 0.1356907894736842 0.4047423245614035 0.015350877192982455 0.03618421052631579
0 0.12563961988304093 0.4091282894736842 0.01206140350877193 0.04276315789473684
0 0.5237573099415204 0.40775767543859653 0.012244152046783625 0.04057017543859649
0 0.30857090643274854 0.4055646929824561 0.011330409356725146 0.0356359649122807
0 0.2987938596491228 0.44353070175438597 0.022478070175438597 0.03974780701754386
0 0.17452485380116958 0.41584429824561403 0.02101608187134503 0.05180921052631579
0 0.20303362573099415 0.4076206140350877 0.022478070175438597 0.01781798245614035
0 0.18832236842105263 0.4220120614035088 0.031067251461988302 0.020285087719298246
0 0.2097953216374269 0.43654057017543857 0.019919590643274854 0.03837719298245614
0 0.1875 0.4346217105263158 0.03307748538011696 0.02138157894736842
0 0.2164656432748538 0.4487390350877193 0.019736842105263157 0.04906798245614035
0 0.5657894736842105 0.4141995614035088 0.016264619883040937 0.04797149122807018
0 0.5549159356725146 0.43914473684210525 0.025950292397660817 0.038651315789473686
0 0.26498538011695905 0.4144736842105263 0.02722953216374269 0.04632675438596491
0 0.34694809941520466 0.40172697368421056 0.0222953216374269 0.020833333333333332
0 0.7591374269005848 0.41269188596491224 0.023574561403508772 0.041666666666666664
0 0.28554459064327486 0.41063596491228066 0.03216374269005848 0.033717105263157895
0 0.08835891812865497 0.41118421052631576 0.020833333333333332 0.033717105263157895
0 0.7482638888888888 0.4055646929824561 0.027777777777777776 0.021929824561403508
0 0.9008589181286549 0.41680372807017546 0.012792397660818713 0.04331140350877193
0 0.38760964912280704 0.4150219298245614 0.01663011695906433 0.0381030701754386
0 0.37637061403508776 0.4251644736842105 0.012792397660818713 0.026589912280701754
0 0.7035361842105263 0.4192708333333333 0.02823464912280702 0.046052631578947366
0 0.07200292397660818 0.43078399122807015 0.014437134502923976 0.06578947368421052
0 0.07940423976608188 0.436266447368421 0.01023391812865497 0.05263157894736842
0 0.9581505847953217 0.42447916666666663 0.018092105263157895 0.05263157894736842
0 0.8610197368421053 0.41639254385964913 0.025219298245614034 0.03536184210526316
0 0.3527960526315789 0.41899671052631576 0.019736842105263157 0.03837719298245614
0 0.8240131578947368 0.42502741228070173 0.021747076023391813 0.048793859649122806
0 0.6400767543859649 0.4246162280701754 0.01827485380116959 0.04577850877192982
0 0.49643640350877194 0.42297149122807015 0.014619883040935672 0.04194078947368421
0 0.28746345029239767 0.42009320175438597 0.028691520467836257 0.03070175438596491
0 0.315515350877193 0.42447916666666663 0.009502923976608187 0.03837719298245614
0 0.325749269005848 0.4538103070175439 0.02850877192982456 0.023026315789473683
0 0.0043859649122807015 0.41776315789473684 0.008954678362573099 0.021655701754385966
0 0.2972404970760234 0.42557565789473684 0.016812865497076022 0.03508771929824561
0 0.4762426900584795 0.4357182017543859 0.014437134502923976 0.05263157894736842
0 0.4870248538011696 0.4394188596491228 0.015533625730994151 0.04742324561403509
0 0.5137061403508771 0.4369517543859649 0.014802631578947368 0.04303728070175439
0 0.5026498538011696 0.4468201754385965 0.01864035087719298 0.04906798245614035
0 0.05098684210526316 0.4257127192982456 0.02722953216374269 0.029331140350877194
0 0.03764619883040936 0.45285087719298245 0.0133406432748538 0.03481359649122807
0 0.046600877192982455 0.48807565789473684 0.019919590643274854 0.0400219298245614
0 0.842013888888889 0.4328399122807018 0.01827485380116959 0.04413377192982456
0 0.8391812865497076 0.45065789473684215 0.02101608187134503 0.04797149122807018
0 0.8751827485380117 0.4544956140350877 0.015899122807017545 0.05345394736842105
0 0.8601059941520468 0.47409539473684215 0.03070175438596491 0.02138157894736842
0 0.8885233918128655 0.43777412280701755 0.01882309941520468 0.05400219298245614
0 0.6175986842105263 0.4310581140350877 0.02448830409356725 0.0356359649122807
0 0.9432565789473684 0.43516995614035087 0.012792397660818713 0.041666666666666664
0 0.6970942982456141 0.43969298245614036 0.02448830409356725 0.046875
0 0.6910635964912281 0.45614035087719296 0.015350877192982455 0.0424890350877193
0 0.6698647660818713 0.4427083333333333 0.021564327485380116 0.0512609649122807
0 0.1356907894736842 0.4376370614035088 0.02631578947368421 0.04057017543859649
0 0.14126461988304093 0.4538103070175439 0.019554093567251463 0.04824561403508772
0 0.147843567251462 0.4683388157894737 0.016264619883040937 0.048793859649122806
0 0.7711988304093567 0.43585526315789475 0.022478070175438597 0.03536184210526316
0 0.05820540935672515 0.4395559210526316 0.011695906432748537 0.042214912280701754
0 0.06569809941520469 0.44846491228070173 0.013157894736842105 0.04194078947368421
0 0.050438596491228074 0.45285087719298245 0.020650584795321638 0.03536184210526316
0 0.6522295321637427 0.4458607456140351 0.01882309941520468 0.054276315789473686
0 0.9716739766081871 0.44051535087719296 0.01699561403508772 0.0424890350877193
0 0.9766995614035088 0.45449561403508776 0.02412280701754386 0.03700657894736842
0 0.9259868421052632 0.4479166666666667 0.023940058479532164 0.055098684210526314
0 0.089546783625731 0.4427083333333333 0.014802631578947368 0.04194078947368421
0 0.7417763157894737 0.44394188596491224 0.018092105263157895 0.04111842105263158
0 0.2827119883040936 0.44627192982456143 0.0133406432748538 0.04413377192982456
0 0.8592836257309941 0.4459978070175439 0.017361111111111112 0.04358552631578947
0 0.5801352339181286 0.4498355263157895 0.027777777777777776 0.04742324561403509
0 0.5376461988304093 0.44805372807017546 0.013706140350877192 0.039473684210526314
0 0.5543676900584795 0.46011513157894735 0.03179824561403509 0.0268640350877193
0 0.2702850877192982 0.4505208333333333 0.014437134502923976 0.046600877192982455
0 0.01827485380116959 0.43914473684210525 0.02722953216374269 0.021655701754385966
0 0.389437134502924 0.4550438596491228 0.012609649122807017 0.04961622807017544
0 0.40044773391812866 0.44997258771929827 0.011787280701754386 0.03673245614035088
0 0.4590643274853801 0.43832236842105265 0.020285087719298246 0.016721491228070175
0 0.9937865497076023 0.4564144736842105 0.012244152046783625 0.05071271929824561
0 0.4247989766081871 0.43928179824561403 0.02266081871345029 0.015350877192982455
0 0.44279970760233917 0.4399671052631579 0.013706140350877192 0.015076754385964912
0 0.44069809941520466 0.4602521929824561 0.01608187134502924 0.03919956140350877
0 0.43320540935672514 0.45093201754385964 0.011330409356725146 0.015625
0 0.4266264619883041 0.45778508771929827 0.019371345029239765 0.023848684210526317
0 0.3678728070175439 0.45682565789473684 0.01114766081871345 0.046052631578947366
0 0.6747989766081872 0.45339912280701755 0.019005847953216373 0.038651315789473686
0 0.8992141812865496 0.4570997807017544 0.02850877192982456 0.046600877192982455
0 0.9118238304093568 0.48944627192982454 0.017178362573099414 0.03728070175438596
0 0.9266264619883041 0.5106907894736842 0.019005847953216373 0.031524122807017545
0 0.11778143274853801 0.45997807017543857 0.013888888888888888 0.05016447368421053
0 0.3777412280701754 0.4598410087719298 0.010782163742690058 0.046052631578947366
0 0.7288011695906432 0.45394736842105265 0.028326023391812866 0.036458333333333336
0 0.3003472222222222 0.4550438596491228 0.023757309941520467 0.036458333333333336
0 0.2389437134502924 0.4662828947368421 0.017543859649122806 0.05400219298245614
0 0.22898391812865498 0.5024671052631579 0.031615497076023395 0.04851973684210526
0 0.7825292397660818 0.456140350877193 0.028326023391812866 0.03262061403508772
0 0.7990679824561404 0.4660087719298246 0.017178362573099414 0.035910087719298246
0 0.782986111111111 0.46641995614035087 0.02850877192982456 0.03179824561403509
0 0.17233187134502922 0.46573464912280704 0.01699561403508772 0.04851973684210526
0 0.18676900584795322 0.46436403508771934 0.017361111111111112 0.04468201754385965
0 0.2538377192982456 0.46710526315789475 0.018457602339181287 0.04961622807017544
0 0.3570906432748538 0.46450109649122806 0.011878654970760233 0.041666666666666664
0 0.1578033625730994 0.46450109649122806 0.013157894736842105 0.0400219298245614
0 0.1980994152046784 0.469983552631579 0.01663011695906433 0.051535087719298246
0 0.4544956140350877 0.4727247807017544 0.016264619883040937 0.05646929824561404
0 0.46427266081871343 0.4769736842105263 0.01206140350877193 0.046875
0 0.018092105263157895 0.46779057017543857 0.022478070175438597 0.04550438596491228
0 0.6175073099415205 0.4540844298245614 0.028691520467836257 0.01864035087719298
0 0.5197368421052632 0.46957236842105265 0.016264619883040937 0.04851973684210526
0 0.47130847953216376 0.4629934210526316 0.015533625730994151 0.034265350877192985
0 0.6350511695906433 0.47176535087719296 0.01663011695906433 0.046875
0 0.02860014619883041 0.4713541666666667 0.019736842105263157 0.043859649122807015
0 0.008771929824561403 0.473547149122807 0.015899122807017545 0.046052631578947366
0 0.41712353801169594 0.4629934210526316 0.02046783625730994 0.024945175438596492
0 0.4841922514619883 0.47697368421052627 0.013888888888888888 0.05290570175438596
0 0.22094298245614036 0.47697368421052627 0.014071637426900584 0.04961622807017544
0 0.9565058479532164 0.47601425438596495 0.015533625730994151 0.044407894736842105
0 0.3466739766081871 0.4754660087719298 0.018092105263157895 0.041666666666666664
0 0.5061220760233918 0.4793037280701754 0.01608187134502924 0.044956140350877194
0 0.4935124269005848 0.49520285087719296 0.014985380116959063 0.049890350877192985
0 0.5061220760233918 0.5233004385964912 0.013888888888888888 0.04851973684210526
0 0.49744152046783624 0.5496162280701755 0.013706140350877192 0.05838815789473684
0 0.1297514619883041 0.47820723684210525 0.011513157894736841 0.04276315789473684
0 0.8087536549707602 0.4761513157894737 0.02887426900584795 0.03700657894736842
0 0.3195358187134503 0.4650493421052631 0.02887426900584795 0.013706140350877192
0 0.6144919590643275 0.47053179824561403 0.031067251461988302 0.023574561403508772
0 0.7289839181286549 0.4739583333333333 0.023574561403508772 0.030975877192982455
0 0.7461622807017544 0.48492324561403505 0.015533625730994151 0.04523026315789474
0 0.7250548245614035 0.5028782894736842 0.02412280701754386 0.044407894736842105
0 0.7591374269005848 0.5243969298245614 0.03125 0.033717105263157895
0 0.5288742690058479 0.4915021929824561 0.019554093567251463 0.062225877192982455
0 0.5410270467836258 0.5130208333333334 0.023757309941520467 0.06085526315789474
0 0.5586165935672515 0.4837582236842105 0.02055921052631579 0.04564144736842105
0 0.5722770467836258 0.48286732456140347 0.027046783625730993 0.03782894736842105
0 0.4161184210526316 0.4868421052631579 0.01663011695906433 0.04632675438596491
0 0.9752375730994152 0.479577850877193 0.029970760233918127 0.027960526315789474
0 0.7567616959064327 0.4883497807017544 0.015899122807017545 0.043859649122807015
0 0.31935307017543857 0.4895833333333333 0.015350877192982455 0.0424890350877193
0 0.33031798245614036 0.4965734649122807 0.01644736842105263 0.044956140350877194
0 0.42909356725146197 0.48944627192982454 0.010782163742690058 0.041666666666666664
0 0.892452485380117 0.48519736842105265 0.025950292397660817 0.03262061403508772
0 0.8125913742690059 0.4894462719298246 0.029605263157894735 0.0400219298245614
0 0.2625182748538012 0.48930921052631576 0.028143274853801168 0.03042763157894737
0 0.6174159356725145 0.49136513157894735 0.019736842105263157 0.03782894736842105
0 0.6461074561403509 0.48684210526315785 0.027046783625730993 0.029331140350877194
0 0.6603618421052632 0.48697916666666663 0.03179824561403509 0.029605263157894735
0 0.6429093567251462 0.506578947368421 0.022478070175438597 0.016721491228070175
0 0.6722404970760234 0.520422149122807 0.02448830409356725 0.04331140350877193
0 0.6487573099415205 0.5224780701754386 0.023574561403508772 0.03974780701754386
0 0.6913377192982456 0.4838267543859649 0.03271198830409357 0.02275219298245614
0 0.5831505847953216 0.49246162280701755 0.02942251461988304 0.0356359649122807
0 0.11613669590643275 0.4956140350877193 0.01425438596491228 0.03700657894736842
0 0.472953216374269 0.4925986842105263 0.012244152046783625 0.03042763157894737
0 0.44142909356725146 0.49766995614035087 0.01608187134502924 0.03892543859649123
0 0.45129751461988304 0.5013706140350878 0.01864035087719298 0.04523026315789474
0 0.8523391812865497 0.4908168859649123 0.01882309941520468 0.024671052631578948
0 0.07958698830409357 0.5052083333333334 0.02046783625730994 0.05290570175438596
0 0.08589181286549709 0.5194627192982456 0.014071637426900584 0.038651315789473686
0 0.3607456140350877 0.5016447368421053 0.014071637426900584 0.04523026315789474
0 0.3695175438596491 0.5157620614035088 0.013706140350877192 0.05317982456140351
0 0.7823464912280702 0.49684758771929827 0.023574561403508772 0.0356359649122807
0 0.7882858187134503 0.5194627192982456 0.01608187134502924 0.04961622807017544
0 0.7722953216374269 0.5245339912280701 0.019919590643274854 0.03618421052631579
0 0.9937865497076023 0.5015076754385964 0.012244152046783625 0.043859649122807015
0 0.9858369883040936 0.5260416666666667 0.02412280701754386 0.05838815789473684
0 0.9971217105263157 0.5549616228070176 0.005391081871345029 0.0712719298245614
0 0.767361111111111 0.49588815789473684 0.014802631578947368 0.032072368421052634
0 0.2097953216374269 0.4993146929824561 0.014071637426900584 0.03782894736842105
0 0.07012975146198831 0.49122807017543857 0.019462719298245616 0.018914473684210526
0 0.8348866959064327 0.49849232456140347 0.02448830409356725 0.03399122807017544
0 0.8526133040935672 0.5197368421052632 0.021564327485380116 0.03919956140350877
0 0.8376279239766082 0.5205592105263158 0.017543859649122806 0.0381030701754386
0 0.9076206140350876 0.5152138157894737 0.02046783625730994 0.022478070175438597
0 0.8772843567251462 0.5263157894736843 0.023757309941520467 0.033168859649122806
0 0.870796783625731 0.5375548245614035 0.021747076023391813 0.05235745614035088
0 0.9034173976608187 0.5424890350877193 0.03252923976608187 0.04358552631578947
0 0.8569078947368421 0.5387541118421052 0.010416666666666666 0.04009046052631579
0 0.17754020467836257 0.4984923245614035 0.029605263157894735 0.020285087719298246
0 0.4060672514619883 0.5075383771929824 0.018457602339181287 0.03728070175438596
0 0.6803728070175439 0.5116502192982456 0.01663011695906433 0.046052631578947366
0 0.5953947368421053 0.5168585526315789 0.018457602339181287 0.05482456140350877
0 0.29486476608187134 0.5119243421052632 0.02046783625730994 0.04276315789473684
0 0.29660087719298245 0.5367324561403509 0.020650584795321638 0.04029605263157895
0 0.964546783625731 0.5185032894736842 0.02138157894736842 0.05537280701754386
0 0.9526681286549709 0.5235745614035088 0.01882309941520468 0.05345394736842105
0 0.9564144736842105 0.5659265350877193 0.02448830409356725 0.039473684210526314
0 0.9320175438596491 0.5730537280701754 0.01516812865497076 0.051535087719298246
0 0.9808114035087719 0.5716831140350878 0.02540204678362573 0.048793859649122806
0 0.9449013157894737 0.5849780701754386 0.013523391812865496 0.060032894736842105
0 0.39546783625730997 0.5152138157894737 0.015899122807017545 0.046052631578947366
0 0.7012061403508772 0.5049342105263158 0.031980994152046784 0.026041666666666668
0 0.6998355263157895 0.5220668859649124 0.02412280701754386 0.01864035087719298
0 0.582328216374269 0.5130208333333333 0.024853801169590642 0.0356359649122807
0 0.5647843567251462 0.5260416666666666 0.01608187134502924 0.03536184210526316
0 0.810124269005848 0.5209703947368421 0.023574561403508772 0.05043859649122807
0 0.6229897660818714 0.5235745614035088 0.01918859649122807 0.05290570175438596
0 0.6095577485380117 0.5248081140350878 0.015350877192982455 0.054276315789473686
0 0.3427448830409357 0.5172697368421052 0.02046783625730994 0.03974780701754386
0 0.19407894736842107 0.5237116228070176 0.01663011695906433 0.049342105263157895
0 0.2587719298245614 0.5119243421052632 0.033808479532163746 0.0268640350877193
0 0.7412280701754387 0.5230263157894737 0.018457602339181287 0.04468201754385965
0 0.7290752923976608 0.5339912280701754 0.014985380116959063 0.0512609649122807
0 0.03307748538011696 0.5228892543859649 0.014071637426900584 0.04331140350877193
0 0.060672514619883045 0.5130208333333334 0.021747076023391813 0.023574561403508772
0 0.04331140350877193 0.5263157894736842 0.0133406432748538 0.04468201754385965
0 0.05537280701754386 0.5349506578947368 0.01663011695906433 0.043859649122807015
0 0.4293676900584795 0.5186403508771931 0.02010233918128655 0.033717105263157895
0 0.7960526315789473 0.5231633771929824 0.012975146198830409 0.041666666666666664
0 0.09375 0.5274122807017544 0.01699561403508772 0.04851973684210526
0 0.11421783625730994 0.5239857456140351 0.01663011695906433 0.03892543859649123
0 0.10215643274853801 0.5412554824561404 0.019554093567251463 0.0581140350877193
0 0.11430921052631579 0.5511239035087719 0.010964912280701754 0.03289473684210526
0 0.4859283625730994 0.5265899122807017 0.01516812865497076 0.04742324561403509
0 0.1585343567251462 0.5283717105263158 0.014619883040935672 0.049342105263157895
0 0.2706505847953216 0.520422149122807 0.018457602339181287 0.03125
0 0.2652595029239766 0.5422149122807017 0.033625730994152045 0.03700657894736842
0 0.12810672514619884 0.5248081140350876 0.012244152046783625 0.03782894736842105
0 0.4778874269005848 0.5322094298245614 0.018457602339181287 0.047149122807017545
0 0.24305555555555555 0.5308388157894737 0.018092105263157895 0.04331140350877193
0 0.01507675438596491 0.5237116228070176 0.027777777777777776 0.0268640350877193
0 0.006944444444444444 0.5482456140350878 0.013706140350877192 0.04084429824561404
0 0.4439875730994152 0.5307017543859649 0.02046783625730994 0.03700657894736842
0 0.4575109649122807 0.5386513157894737 0.009502923976608187 0.028782894736842105
0 0.14848318713450293 0.5363212719298246 0.016812865497076022 0.047697368421052634
0 0.3519736842105263 0.5382401315789473 0.015533625730994151 0.046052631578947366
0 0.4731359649122807 0.5404331140350878 0.02320906432748538 0.048793859649122806
0 0.8184393274853801 0.5320723684210527 0.021198830409356724 0.031524122807017545
0 0.9453581871345029 0.5390625 0.018457602339181287 0.042214912280701754
0 0.20394736842105263 0.5376918859649122 0.01516812865497076 0.03782894736842105
0 0.42086988304093564 0.5390625 0.010782163742690058 0.04057017543859649
0 0.7151864035087719 0.5398848684210527 0.01864035087719298 0.039473684210526314
0 0.2282529239766082 0.545641447368421 0.018457602339181287 0.04824561403508772
0 0.016173245614035086 0.5466008771929824 0.02010233918128655 0.046875
0 0.5138888888888888 0.5486567982456141 0.014437134502923976 0.049342105263157895
0 0.6639254385964912 0.5453673245614035 0.019919590643274854 0.03837719298245614
0 0.3348866959064328 0.5549616228070176 0.015716374269005847 0.05043859649122807
0 0.3612938596491228 0.5533168859649122 0.012244152046783625 0.04550438596491228
0 0.3528874269005848 0.5762061403508771 0.023940058479532164 0.035910087719298246
0 0.919499269005848 0.5512609649122807 0.01644736842105263 0.04139254385964912
0 0.7602339181286549 0.5522203947368421 0.020285087719298246 0.04276315789473684
0 0.7495431286549709 0.5597587719298246 0.0266812865497076 0.04084429824561404
0 0.14172149122807018 0.5467379385964912 0.01827485380116959 0.030153508771929825
0 0.7064144736842105 0.5529057017543859 0.029970760233918127 0.04303728070175439
0 0.4355811403508772 0.5548245614035088 0.019371345029239765 0.04577850877192982
0 0.5583881578947368 0.5557839912280701 0.013523391812865496 0.044956140350877194
0 0.6302083333333334 0.5557839912280701 0.01608187134502924 0.044956140350877194
0 0.23739035087719296 0.5507127192982456 0.010782163742690058 0.033168859649122806
0 0.5301535087719298 0.5526315789473684 0.023940058479532164 0.036458333333333336
0 0.5694444444444444 0.556469298245614 0.014071637426900584 0.04468201754385965
0 0.32419590643274854 0.5596217105263158 0.015899122807017545 0.048793859649122806
0 0.21884137426900585 0.557154605263158 0.016812865497076022 0.041666666666666664
0 0.5916483918128655 0.5540021929824561 0.025584795321637425 0.03536184210526316
0 0.06798245614035088 0.5563322368421052 0.013706140350877192 0.03618421052631579
0 0.6964546783625731 0.5597587719298245 0.03527046783625731 0.04303728070175439
0 0.03280336257309942 0.5513980263157895 0.016812865497076022 0.024671052631578948
0 0.015259502923976608 0.5723684210526315 0.019736842105263157 0.03700657894736842
0 0.8352521929824561 0.5509868421052632 0.03252923976608187 0.02275219298245614
0 0.4111842105263158 0.5560581140350878 0.016264619883040937 0.03070175438596491
0 0.39528508771929827 0.5707236842105263 0.016264619883040937 0.05838815789473684
0 0.4004934210526316 0.5904605263157894 0.023391812865497075 0.03536184210526316
0 0.13276681286549707 0.5587993421052632 0.019736842105263157 0.03234649122807018
0 0.26050804093567254 0.5614035087719298 0.020833333333333332 0.035910087719298246
0 0.2972404970760234 0.5656524122807017 0.019736842105263157 0.04111842105263158
0 0.4529422514619883 0.5721628289473684 0.014619883040935672 0.05139802631578947
0 0.5426717836257311 0.5668859649122807 0.019005847953216373 0.04029605263157895
0 0.033534356725146194 0.5719572368421053 0.02046783625730994 0.05043859649122807
0 0.3788377192982456 0.5646929824561403 0.01516812865497076 0.035910087719298246
0 0.1162280701754386 0.5740131578947368 0.017361111111111112 0.05290570175438596
0 0.1032529239766082 0.5666118421052632 0.014071637426900584 0.036458333333333336
0 0.10179093567251463 0.5954632675438596 0.024671052631578948 0.04536732456140351
0 0.781889619883041 0.5730537280701754 0.014619883040935672 0.046600877192982455
0 0.7859100877192983 0.6104714912280701 0.02266081871345029 0.05180921052631579
0 0.24588815789473684 0.5663377192982456 0.009502923976608187 0.032072368421052634
0 0.6200657894736842 0.5788103070175439 0.015899122807017545 0.05701754385964912
0 0.7704678362573099 0.5701754385964912 0.0133406432748538 0.038651315789473686
0 0.08205409356725146 0.5741502192982456 0.02320906432748538 0.044407894736842105
0 0.6642909356725146 0.5694901315789473 0.020285087719298246 0.03508771929824561
0 0.163468567251462 0.5660635964912281 0.017543859649122806 0.02549342105263158
0 0.5887244152046783 0.5782620614035088 0.017178362573099414 0.04824561403508772
0 0.6824744152046784 0.5668859649122807 0.019371345029239765 0.026041666666666668
0 0.8332419590643275 0.5779879385964912 0.031432748538011694 0.043859649122807015
0 0.8358004385964912 0.604577850877193 0.014619883040935672 0.030153508771929825
0 0.841282894736842 0.6243146929824562 0.01206140350877193 0.03399122807017544
0 0.7997989766081871 0.5849780701754387 0.02010233918128655 0.057291666666666664
0 0.6042580409356725 0.5826480263157894 0.015350877192982455 0.051535087719298246
0 0.8738121345029239 0.5820997807017544 0.02448830409356725 0.046600877192982455
0 0.042214912280701754 0.5808662280701754 0.019919590643274854 0.04358552631578947
0 0.5044773391812866 0.5819627192982456 0.01206140350877193 0.04632675438596491
0 0.5799524853801169 0.5895010964912281 0.013157894736842105 0.06140350877192982
0 0.5884502923976608 0.6136239035087719 0.012975146198830409 0.041666666666666664
0 0.5302448830409358 0.575109649122807 0.01864035087719298 0.030975877192982455
0 0.8451206140350878 0.5775767543859649 0.02412280701754386 0.035910087719298246
0 0.17799707602339182 0.5807291666666666 0.019919590643274854 0.039473684210526314
0 0.1711440058479532 0.579906798245614 0.014619883040935672 0.0356359649122807
0 0.1543311403508772 0.5770285087719298 0.023757309941520467 0.02823464912280702
0 0.5557383040935673 0.587171052631579 0.015533625730994151 0.04906798245614035
0 0.5693530701754386 0.6018366228070176 0.01206140350877193 0.047149122807017545
0 0.5533625730994152 0.6059484649122807 0.019919590643274854 0.04824561403508772
0 0.1299342105263158 0.5905290570175439 0.012975146198830409 0.0546875
0 0.1206140350877193 0.5942982456140351 0.011513157894736841 0.0381030701754386
0 0.9085343567251463 0.5886787280701754 0.019005847953216373 0.05098684210526316
0 0.38477704678362573 0.5836074561403509 0.011330409356725146 0.03919956140350877
0 0.7346491228070176 0.576891447368421 0.030519005847953216 0.021929824561403508
0 0.9699378654970761 0.5910087719298246 0.01864035087719298 0.04961622807017544
0 0.9598866959064327 0.6133497807017544 0.016812865497076022 0.0537280701754386
0 0.9726790935672515 0.650219298245614 0.013888888888888888 0.05180921052631579
0 0.9800804093567251 0.6607730263157895 0.01516812865497076 0.042214912280701754
0 0.04989035087719298 0.5930646929824561 0.015533625730994151 0.05317982456140351
0 0.49360380116959063 0.5901864035087719 0.01918859649122807 0.04468201754385965
0 0.015350877192982455 0.5866228070175439 0.018457602339181287 0.03700657894736842
0 0.4768823099415205 0.5892269736842105 0.014985380116959063 0.03289473684210526
0 0.8640350877192982 0.5826480263157894 0.020650584795321638 0.019736842105263157
0 0.894828216374269 0.6008771929824561 0.019371345029239765 0.05455043859649123
0 0.6611842105263157 0.6011513157894737 0.019919590643274854 0.0512609649122807
0 0.14300073099415203 0.5896381578947368 0.017178362573099414 0.02823464912280702
0 0.15186403508771928 0.5900493421052632 0.020650584795321638 0.022478070175438597
0 0.33982090643274854 0.5927905701754386 0.020833333333333332 0.03125
0 0.18311403508771928 0.5944353070175439 0.02284356725146199 0.03179824561403509
0 0.6958150584795322 0.5881304824561403 0.029605263157894735 0.019736842105263157
0 0.6264619883040935 0.602796052631579 0.02101608187134503 0.04797149122807018
0 0.8529788011695907 0.6052631578947368 0.017909356725146198 0.05180921052631579
0 0.8655884502923977 0.6101973684210527 0.025219298245614034 0.04139254385964912
0 0.6485745614035088 0.5926535087719299 0.01699561403508772 0.026041666666666668
0 0.6088267543859649 0.5975877192982456 0.009137426900584795 0.033168859649122806
0 0.5089546783625731 0.6074561403508772 0.02320906432748538 0.04851973684210526
0 0.5128837719298246 0.6271929824561404 0.019005847953216373 0.04851973684210526
0 0.7500913742690059 0.606907894736842 0.02046783625730994 0.04358552631578947
0 0.539656432748538 0.6033442982456141 0.012975146198830409 0.032072368421052634
0 0.5293311403508772 0.6114309210526315 0.015716374269005847 0.044956140350877194
0 0.6782711988304093 0.6144462719298246 0.014985380116959063 0.046600877192982455
0 0.9354897660818714 0.6137609649122807 0.026498538011695907 0.04413377192982456
0 0.9323830409356725 0.656798245614035 0.015899122807017545 0.0512609649122807
0 0.9448099415204678 0.6576206140350878 0.01516812865497076 0.04797149122807018
0 0.7307200292397661 0.6200657894736842 0.01827485380116959 0.05345394736842105
0 0.40826023391812866 0.6173245614035088 0.02138157894736842 0.04523026315789474
0 0.6988304093567251 0.6151315789473684 0.0133406432748538 0.03700657894736842
0 0.6897843567251463 0.6207510964912281 0.010599415204678362 0.041666666666666664
0 0.828764619883041 0.6347313596491228 0.023574561403508772 0.07456140350877193
0 0.9903143274853802 0.6199287280701755 0.01882309941520468 0.041666666666666664
0 0.985014619883041 0.6304824561403508 0.02942251461988304 0.036458333333333336
0 0.08056926169590643 0.6247944078947368 0.019234283625730993 0.04920504385964912
0 0.6293859649122807 0.6239035087719298 0.018457602339181287 0.04358552631578947
0 0.6426352339181286 0.6214364035087719 0.012426900584795321 0.033717105263157895
0 0.8157894736842105 0.6293859649122807 0.014802631578947368 0.05455043859649123
0 0.6533625730994151 0.6222258771929825 0.012792397660818713 0.03234649122807018
0 0.5961257309941521 0.6245888157894737 0.017726608187134504 0.03344298245614035
0 0.8669590643274854 0.6308936403508771 0.02101608187134503 0.03892543859649123
0 0.7902046783625731 0.6396655701754386 0.024305555555555556 0.0537280701754386
0 0.805281432748538 0.639391447368421 0.013523391812865496 0.04824561403508772
0 0.9153874269005847 0.6343201754385964 0.020650584795321638 0.0381030701754386
0 0.8918128654970761 0.6322642543859649 0.03307748538011696 0.021929824561403508
0 0.7616959064327485 0.6404879385964912 0.024305555555555556 0.03179824561403509
0 0.7032163742690059 0.6576206140350878 0.020650584795321638 0.057839912280701754
0 0.7514619883040935 0.6422697368421053 0.019919590643274854 0.026041666666666668
0 0.8444809941520468 0.6555646929824561 0.01699561403508772 0.047697368421052634
0 0.960343567251462 0.6591282894736842 0.018092105263157895 0.05317982456140351
0 0.8683296783625731 0.6566611842105263 0.010599415204678362 0.041666666666666664
0 0.8562682748538011 0.6615953947368421 0.013157894736842105 0.048793859649122806
0 0.8776498538011697 0.6580317982456141 0.009868421052631578 0.03892543859649123
0 0.9024122807017544 0.6495339912280701 0.020285087719298246 0.02138157894736842
0 0.9012244152046783 0.6633771929824562 0.021564327485380116 0.026589912280701754
0 0.886421783625731 0.6611842105263158 0.01023391812865497 0.03974780701754386
0 0.9918676900584795 0.6647478070175439 0.015716374269005847 0.032072368421052634
0 0.9921418128654971 0.6873629385964912 0.01516812865497076 0.02412280701754386
0 0.9458150584795321 0.7177905701754387 0.02010233918128655 0.049890350877192985
0 0.09046052631578948 0.7177905701754387 0.011513157894736841 0.01918859649122807
0 0.10284173976608187 0.725123355263158 0.021107456140350877 0.02563048245614035
0 0.9035087719298245 0.7918037280701755 0.019554093567251463 0.03289473684210526
0 0.049798976608187134 0.7889254385964912 0.023757309941520467 0.024945175438596492
0 0.9834612573099415 0.8323739035087719 0.023757309941520467 0.01699561403508772
0 0.05528143274853801 0.24499725877192985 0.025219298245614034 0.0322094298245614
0 0.06428179824561403 0.2597998903508772 0.038468567251461985 0.025082236842105265
0 0.38475420321637427 0.533031798245614 0.014574195906432748 0.03837719298245614
0 0.37118512426900585 0.5580112390350878 0.021153143274853802 0.045435855263157895
0 0.46932108918128657 0.5648985745614035 0.02526498538011696 0.02261513157894737
0 0.4662317251461988 0.5877891995614035 0.026692251461988295 0.03317160087719304
0 0.5834475511695907 0.8411115679824561 0.024077119883040937 0.026932565789473683
0 0.5696500365497076 0.8433388157894737 0.01667580409356725 0.021107456140350877
0 0.44608918128654973 0.7992735745614035 0.011513157894736841 0.01411732456140351
0 0.43795687134502925 0.8040021929824561 0.008954678362573099 0.0381030701754386
0 0.9382309941520468 0.4797834429824562 0.025950292397660817 0.04454495614035088
0 0.9320175438596492 0.5022957785087719 0.01918859649122807 0.03871984649122807
0 0.8837262426900585 0.4967105263157895 0.029513888888888888 0.02850877192982456
0 0.8777503654970761 0.505345394736842 0.03479532163742683 0.03961074561403509
0 0.8115862573099415 0.5722313596491229 0.01516812865497076 0.04824561403508772
