0 0.5963084795321637 0.6504934210526315 0.021198830409356724 0.027412280701754384
0 0.34108369883040934 0.6120024671052632 0.026896929824561416 0.03266721491228072
0 0.733735380116959 0.6289747807017544 0.02448830409356725 0.023848684210526317
0 0.7588633040935673 0.5128837719298246 0.017726608187134504 0.023026315789473683
0 0.2519188596491228 0.4981894188596491 0.02138157894736842 0.0248876096491228
0 0.43475877192982454 0.5774396929824561 0.019736842105263157 0.03974780701754386
0 0.7189327485380117 0.4546326754385965 0.009868421052631578 0.02055921052631579
0 0.6506761695906432 0.4666940789473684 0.02101608187134503 0.016721491228070175
0 0.8002229532163743 0.4508484100877193 0.02076754385964918 0.02100054824561401
0 0.7856359649122806 0.436266447368421 0.01206140350877193 0.022203947368421052
0 0.6555190058479532 0.5808662280701755 0.02412280701754386 0.0268640350877193
0 0.4072551169590643 0.4550438596491228 0.011513157894736841 0.025219298245614034
0 0.6282894736842105 0.6032072368421052 0.01644736842105263 0.0381030701754386
0 0.6205226608187135 0.4538103070175438 0.010782163742690058 0.02275219298245614
0 0.45787646198830406 0.5660635964912281 0.010416666666666666 0.023026315789473683
0 0.7489948830409356 0.5338541666666666 0.014071637426900584 0.02987938596491228
0 0.544499269005848 0.6186951754385965 0.02540204678362573 0.02631578947368421
0 0.7605080409356725 0.5442708333333333 0.015899122807017545 0.029331140350877194
0 0.6059027777777778 0.5778508771929824 0.01663011695906433 0.02631578947368421
0 0.31697733918128657 0.42804276315789475 0.020650584795321638 0.01617324561403509
0 0.6195175438596492 0.43516995614035087 0.011695906432748537 0.01617324561403509
0 0.5910087719298246 0.4649122807017544 0.010964912280701754 0.025219298245614034
0 0.7336440058479532 0.4993146929824561 0.015899122807017545 0.023300438596491228
0 0.2995285087719298 0.5105729166666667 0.019013157894736836 0.030937499999999972
0 0.27202119883040937 0.5619517543859649 0.012975146198830409 0.03125
0 0.7520102339181286 0.5796326754385965 0.014619883040935672 0.023848684210526317
0 0.7721125730994152 0.5896381578947368 0.011695906432748537 0.024671052631578948
0 0.24305555555555555 0.573327850877193 0.017909356725146198 0.04029605263157895
0 0.24570540935672514 0.4842379385964912 0.01516812865497076 0.01781798245614035
0 0.5485197368421052 0.4454495614035088 0.012975146198830409 0.017543859649122806
0 0.6282894736842105 0.5735402960526316 0.015716374269005847 0.026165021929824575
0 0.7296363304093567 0.4768188048245614 0.026158625730994128 0.022168311403508743
0 0.6216191520467836 0.47217653508771934 0.022478070175438597 0.01343201754385965
0 0.3942799707602339 0.5927905701754386 0.02320906432748538 0.015625
0 0.377266081871345 0.46731633771929826 0.023117690058479533 0.016321271929824552
0 0.786966374269006 0.45412828947368417 0.016915204678362647 0.017730263157894756
0 0.6085526315789473 0.4440789473684211 0.011695906432748537 0.015899122807017545
0 0.12719298245614036 0.5489309210526315 0.03070175438596491 0.02055921052631579
0 0.7623355263157895 0.5881304824561403 0.011513157894736841 0.023848684210526317
0 0.5898209064327485 0.5145285087719298 0.012244152046783625 0.022478070175438597
0 0.22044682017543862 0.5515433114035088 0.03202668128654971 0.015690789473684214
0 0.7055007309941521 0.5862116228070176 0.026133040935672515 0.02055921052631579
0 0.700749269005848 0.45093201754385964 0.015899122807017545 0.01699561403508772
0 0.7602339181286549 0.42105263157894735 0.012426900584795321 0.015350877192982455
0 0.31304824561403505 0.4888980263157895 0.01425438596491228 0.02055921052631579
0 0.6812865497076023 0.6115679824561403 0.02046783625730994 0.029605263157894735
0 0.6101059941520467 0.4602521929824561 0.012609649122807017 0.01918859649122807
0 0.27695540935672514 0.4928728070175438 0.01114766081871345 0.022478070175438597
0 0.6345029239766082 0.44750548245614036 0.01023391812865497 0.018914473684210526
0 0.30714638157894736 0.5630962171052631 0.01947916666666665 0.03279879385964915
0 0.49625365497076024 0.5257675438596491 0.011513157894736841 0.027412280701754384
0 0.3244700292397661 0.4409265350877193 0.01882309941520468 0.015625
0 0.7738459429824561 0.42726836622807013 0.011153143274853755 0.013336074561403533
0 0.7545687134502924 0.46313048245614036 0.009137426900584795 0.02768640350877193
0 0.07026681286549707 0.5786732456140351 0.023940058479532164 0.03892543859649123
0 0.4719480994152047 0.4751918859649123 0.024671052631578948 0.018914473684210526
0 0.4578764619883041 0.5908717105263157 0.012975146198830409 0.02768640350877193
0 0.5251279239766082 0.5727796052631579 0.023940058479532164 0.023300438596491228
0 0.7851790935672515 0.4739583333333333 0.012609649122807017 0.022478070175438597
0 0.4355811403508772 0.4602521929824561 0.011878654970760233 0.021929824561403508
0 0.6139437134502924 0.6069394188596492 0.015533625730994151 0.020222039473684207
0 0.5066703216374269 0.5810032894736842 0.030884502923976608 0.01617324561403509
0 0.5560124269005848 0.4799890350877193 0.018092105263157895 0.020285087719298246
0 0.5057565789473684 0.6196546052631579 0.020650584795321638 0.029331140350877194
0 0.6770833333333333 0.4779331140350877 0.012426900584795321 0.023848684210526317
0 0.36412646198830406 0.7164199561403509 0.014802631578947368 0.019462719298245616
0 0.6647478070175439 0.6210252192982456 0.015899122807017545 0.03536184210526316
0 0.6464729532163743 0.6126644736842106 0.016264619883040937 0.03453947368421053
0 0.6961805555555555 0.5475603070175439 0.0133406432748538 0.019462719298245616
0 0.794407894736842 0.47162828947368424 0.01206140350877193 0.021107456140350877
0 0.7694298245614035 0.4756030701754386 0.013640350877193043 0.023574561403508772
0 0.37911184210526316 0.4432565789473684 0.01882309941520468 0.018092105263157895
0 0.5653326023391813 0.5651041666666666 0.013706140350877192 0.02768640350877193
0 0.7219480994152047 0.6304824561403509 0.014802631578947368 0.025767543859649123
0 0.6949926900584795 0.6132127192982456 0.01644736842105263 0.025767543859649123
0 0.342562134502924 0.503015350877193 0.011513157894736841 0.02412280701754386
0 0.5550073099415205 0.5142543859649124 0.013888888888888888 0.0268640350877193
0 0.6510416666666667 0.5623629385964912 0.017361111111111112 0.01836622807017544
0 0.4173062865497076 0.568530701754386 0.014437134502923976 0.02631578947368421
0 0.7411366959064327 0.5778508771929824 0.015533625730994151 0.017543859649122806
0 0.6916118421052632 0.5796326754385965 0.010782163742690058 0.016721491228070175
0 0.06377923976608187 0.6041666666666666 0.025219298245614034 0.02850877192982456
0 0.7035818713450293 0.46381578947368424 0.015716374269005847 0.01699561403508772
0 0.4441703216374269 0.43530701754385964 0.011878654970760233 0.020833333333333332
0 0.5585709064327485 0.4388706140350877 0.02320906432748538 0.018092105263157895
0 0.6294773391812865 0.45079495614035087 0.012244152046783625 0.02055921052631579
0 0.47021198830409355 0.6221217105263158 0.01827485380116959 0.03919956140350877
0 0.5372807017543859 0.557702850877193 0.014619883040935672 0.023300438596491228
0 0.5579312865497076 0.4589295504385965 0.029239766081871343 0.013840460526315792
0 0.4619883040935673 0.4373629385964912 0.013523391812865496 0.016721491228070175
0 0.8446637426900585 0.5903234649122807 0.016812865497076022 0.018914473684210526
0 0.4934210526315789 0.4449013157894737 0.021564327485380116 0.013706140350877192
0 0.6054459064327485 0.534265350877193 0.0222953216374269 0.01425438596491228
0 0.6678545321637427 0.45915570175438597 0.014802631578947368 0.020833333333333332
0 0.20897295321637427 0.6260964912280702 0.017361111111111112 0.03234649122807018
0 0.2849049707602339 0.510827850877193 0.016812865497076022 0.02275219298245614
0 0.451937134502924 0.5490679824561403 0.021198830409356724 0.015350877192982455
0 0.3314144736842105 0.4979660087719298 0.012244152046783625 0.025997807017543836
0 0.7330043859649122 0.5882675438596492 0.02010233918128655 0.01864035087719298
0 0.5900036549707602 0.42598684210526316 0.017726608187134504 0.014802631578947368
0 0.3370796783625731 0.5154879385964912 0.021747076023391813 0.010142543859649123
0 0.24135690789473685 0.553453947368421 0.027885599415204663 0.020833333333333332
0 0.7399488304093567 0.5439967105263158 0.021198830409356724 0.026041666666666668
0 0.7036732456140351 0.5407072368421053 0.009685672514619883 0.01781798245614035
0 0.3416483918128655 0.43188048245614036 0.0133406432748538 0.017269736842105265
0 0.41566154970760233 0.6018366228070176 0.018457602339181287 0.03262061403508772
0 0.26571637426900585 0.6080043859649122 0.017909356725146198 0.03179824561403509
0 0.31469298245614036 0.4466831140350877 0.015350877192982455 0.02275219298245614
0 0.19024122807017546 0.5804550438596492 0.01827485380116959 0.027138157894736843
0 0.6888706140350878 0.5043859649122807 0.018457602339181287 0.01918859649122807
0 0.35855263157894735 0.4440789473684211 0.023026315789473683 0.011513157894736841
0 0.40011970029239763 0.4147478070175438 0.01917214912280699 0.01425438596491228
0 0.990405701754386 0.7648026315789473 0.017726608187134504 0.01425438596491228
0 0.14802631578947367 0.6099232456140351 0.027046783625730993 0.023026315789473683
0 0.2573245614035088 0.5632771381578948 0.015380116959064343 0.03791940789473682
0 0.707328216374269 0.4399671052631579 0.01699561403508772 0.01206140350877193
0 0.186312134502924 0.5504385964912281 0.0360014619883041 0.01644736842105263
0 0.21829312865497075 0.6084155701754386 0.0133406432748538 0.03700657894736842
0 0.7252375730994152 0.424890350877193 0.012244152046783625 0.02138157894736842
0 0.6862207602339181 0.4488760964912281 0.02412280701754386 0.01343201754385965
0 0.5293311403508771 0.4239309210526316 0.014802631578947368 0.014528508771929825
0 0.042306286549707604 0.6036184210526315 0.03307748538011696 0.019736842105263157
0 0.38596491228070173 0.5815515350877193 0.019371345029239765 0.029331140350877194
0 0.34850146198830406 0.5723684210526316 0.03435672514619883 0.01699561403508772
0 0.7369334795321638 0.5633223684210527 0.019554093567251463 0.015899122807017545
0 0.27969663742690054 0.6036184210526315 0.021747076023391813 0.020285087719298246
0 0.23108552631578946 0.6080043859649122 0.015533625730994151 0.029605263157894735
0 0.39555921052631576 0.4051535087719298 0.018092105263157895 0.009868421052631578
0 0.14440241228070175 0.5460512609649123 0.01644736842105263 0.026307565789473693
0 0.15956962719298243 0.5378988486842106 0.021562500000000002 0.03274945175438597
0 0.15322002923976608 0.5323478618421054 0.0066703216374269 0.008495065789473687
0 0.17053453947368422 0.5317996162280701 0.018273026315789476 0.03041940789473685
0 0.1872094298245614 0.5302933114035088 0.01836622807017546 0.014797149122807022
0 0.19329404239766082 0.5151850328947368 0.013020833333333313 0.015139802631578953
0 0.1794279970760234 0.5430016447368421 0.027320906432748517 0.015827850877192986
0 0.19587536549707601 0.5321765350877192 0.02494517543859647 0.013771929824561406
0 0.20584978070175441 0.5150603070175439 0.012244152046783625 0.019183114035087726
0 0.2019892178362573 0.5240693530701754 0.024716739766081873 0.013220942982456145
0 0.20023026315789474 0.5396902412280702 0.023300438596491228 0.01760964912280702
0 0.20838541666666668 0.5442817982456141 0.007264254385964912 0.010756578947368424
0 0.22156615497076027 0.5283168859649123 0.026041666666666668 0.008700657894736844
0 0.22353070175438597 0.5223231907894738 0.026955409356725146 0.013566337719298249
0 0.22435398391812866 0.5361650219298245 0.027501827485380118 0.01534539473684211
0 0.22412554824561404 0.542297149122807 0.027775950292397662 0.011578947368421055
0 0.2425137061403509 0.5353769188596491 0.01768092105263158 0.02130756578947369
0 0.2152238669590643 0.49771792763157896 0.015579312865497076 0.018018092105263162
0 0.22655427631578945 0.5138199013157895 0.030930190058479533 0.02007401315789474
0 0.2246125730994152 0.506111567982456 0.008223684210526315 0.01013980263157895
0 0.23087171052631578 0.5040912828947368 0.017269736842105265 0.021581688596491233
0 0.2578874269005848 0.5253289473684211 0.02987938596491228 0.015142543859649126
0 0.26517452485380116 0.505905975877193 0.014665570175438597 0.03549067982456141
0 0.2537527412280702 0.5383237390350877 0.01987390350877193 0.01280975877192983
0 0.27355811403508773 0.5334251644736842 0.024671052631578948 0.010413925438596493
0 0.2636211622807018 0.5414405153508771 0.017406798245614034 0.01671875
0 0.2742891081871345 0.5441118421052632 0.01864035087719298 0.01973135964912281
0 0.2651059941520468 0.5604194078947369 0.011421783625730994 0.023843201754385968
0 0.2833050073099415 0.524998629385965 0.026679459064327487 0.008495065789473687
0 0.2858634868421053 0.5318832236842106 0.02878106725146199 0.010756578947368424
0 0.30537097953216374 0.5231140350877193 0.016904239766081873 0.02445723684210527
0 0.2879879385964912 0.5435992324561404 0.022887426900584797 0.019391447368421057
0 0.30448008040935676 0.5449355811403509 0.020604897660818713 0.015622258771929827
0 0.286343201754386 0.5530879934210526 0.017679093567251464 0.029459978070175447
0 0.3117671783625731 0.5282524671052632 0.01608187134502924 0.02007401315789474
0 0.32111019736842106 0.5351027960526317 0.01667580409356725 0.02541940789473685
0 0.2836175073099415 0.4921230811403509 0.008817616959064328 0.015413925438596496
0 0.2949250730994152 0.4864021381578948 0.01471125730994152 0.027266995614035096
0 0.30070449561403506 0.4929111842105263 0.01402595029239766 0.021376096491228076
0 0.31980171783625727 0.5076781798245614 0.014848318713450293 0.025416666666666612
0 0.3235709064327485 0.4875356359649123 0.01864035087719298 0.024731359649122816
0 0.33777960526315787 0.4839734100877193 0.012609649122807017 0.016099232456140356
0 0.347625182748538 0.485515350877193 0.01091922514619883 0.022609649122807024
0 0.354187682748538 0.5064117324561404 0.015213815789473685 0.023294956140350882
0 0.33276864035087717 0.5222258771929825 0.026224415204678362 0.017883771929824564
0 0.336514985380117 0.534592927631579 0.03170687134502924 0.01671875
0 0.3550639619883041 0.5323999451754386 0.015899122807017545 0.01644462719298246
0 0.31360288742690057 0.5589254385964912 0.013660453216374269 0.02569078947368428
0 0.29208424707602343 0.5616310307017544 0.015579312865497076 0.020553728070175505
0 0.3226946271929825 0.5598506030701754 0.013569078947368422 0.024936951754386035
0 0.32401955409356725 0.5530674342105264 0.0188687865497076 0.021239035087719304
0 0.3389446271929824 0.5431441885964913 0.02645285087719298 0.010208333333333337
0 0.3391273757309941 0.5525315241228069 0.014482821637426901 0.02624177631578948
0 0.3467571271929824 0.5535238486842105 0.010553728070175438 0.026855811403508716
0 0.36439236111111106 0.5464679276315789 0.014300073099415205 0.014662828947368424
0 0.3558717105263158 0.5530098684210526 0.01964546783625731 0.026787280701754332
0 0.36992050438596485 0.5433840460526316 0.013843201754385965 0.014525767543859652
0 0.3815707236842105 0.5419120065789473 0.01941703216374269 0.019388706140350882
0 0.3711769005847953 0.5550657894736842 0.019005847953216373 0.01760964912280702
0 0.37572277046783625 0.5611979166666666 0.025173611111111112 0.0219243421052631
0 0.3872359283625731 0.5399588815789473 0.012838084795321638 0.015619517543859655
0 0.39518548976608187 0.5413294956140351 0.012107090643274854 0.018634868421052636
0 0.39054824561403506 0.5556825657894736 0.012609649122807017 0.013223684210526318
0 0.3745805921052632 0.5108059210526316 0.01987390350877193 0.028020833333333342
0 0.3770020102339181 0.5168009868421053 0.019782529239766082 0.024665570175438602
0 0.39920504385964917 0.5309841008771929 0.022339181286549752 0.01383771929824562
0 0.39481999269005846 0.5064555921052631 0.013386330409356726 0.026858552631578953
0 0.1625548245614035 0.6047436951754386 0.02722953216374269 0.026444627192982528
0 0.18813961988304093 0.6063199013157895 0.01864035087719298 0.03233826754385972
0 0.20239309210526318 0.5999479166666667 0.019186769005847953 0.02754385964912281
0 0.2218558114035088 0.5782976973684211 0.029055190058479535 0.02014254385964913
0 0.2614820906432748 0.5880509868421052 0.027046783625730993 0.018634868421052636
0 0.28062408625730995 0.5805139802631578 0.017816154970760237 0.027678179824561347
0 0.29743603801169594 0.5782538377192982 0.024945175438596492 0.022061403508771935
0 0.31785818713450287 0.5811293859649123 0.013706140350877192 0.018497807017543864
0 0.2855116959064327 0.6117543859649123 0.014802631578947368 0.022746710526315793
0 0.2981670321637427 0.6073697916666666 0.019462719298245616 0.02959703947368428
0 0.3062079678362573 0.6009306469298246 0.018731725146198832 0.030693530701754332
0 0.31721856725146197 0.6057264254385966 0.019371345029239765 0.03699561403508773
0 0.328640350877193 0.5943530701754386 0.012609649122807017 0.026310307017543864
0 0.3562353801169591 0.586702302631579 0.03709795321637431 0.017949561403508778
0 0.3565095029239766 0.6044476425438597 0.01864035087719298 0.027678179824561472
0 0.37656615497076024 0.4862637061403509 0.018366228070175482 0.02315789473684211
0 0.4086842105263158 0.4795476973684211 0.016264619883040937 0.019320175438596498
0 0.41608552631578954 0.4942790570175438 0.013157894736842105 0.01836074561403503
0 0.41969480994152053 0.49969161184210525 0.01653874269005848 0.01959703947368415
0 0.4092324561403509 0.5131208881578947 0.015899122807017545 0.03274945175438591
0 0.427233187134503 0.5096258223684211 0.01663011695906433 0.028226425438596436
0 0.43495431286549713 0.5088048245614035 0.01343201754385965 0.01890899122807012
0 0.4419444444444445 0.5012664473684211 0.01425438596491228 0.01973135964912275
0 0.42056286549707605 0.5283977521929825 0.01699561403508772 0.016170504385964915
0 0.438015350877193 0.5199712171052632 0.027777777777777776 0.02260690789473685
0 0.4409393274853802 0.5244243421052631 0.02448830409356725 0.019457236842105267
0 0.40338450292397665 0.5453892543859649 0.012609649122807017 0.01808662280701755
0 0.40018640350877194 0.558407346491228 0.00804093567251462 0.017812500000000005
0 0.415171783625731 0.5370298793859648 0.017726608187134504 0.009591557017543863
0 0.41919225146198835 0.5430605811403508 0.021198830409356724 0.013977521929824564
0 0.418187134502924 0.5532003837719298 0.02942251461988304 0.016170504385964915
0 0.40132858187134507 0.5762212171052631 0.014894005847953216 0.02987116228070176
0 0.3866630116959065 0.5696436403508772 0.021198830409356724 0.023294956140350945
0 0.45738669590643277 0.48254111842105263 0.011695906432748537 0.021376096491228076
0 0.4652905701754386 0.4910361842105263 0.015625 0.0202796052631579
0 0.4775794956140351 0.4935718201754386 0.023207236842105225 0.022061403508771935
0 0.45601608187134507 0.5005592105263158 0.024853801169590642 0.017127192982456144
0 0.45697551169590644 0.5174122807017544 0.011787280701754386 0.020416666666666673
0 0.44495979532163743 0.5368023574561404 0.018092105263157895 0.023292214912280708
0 0.43408625730994155 0.5446820175438597 0.011695906432748537 0.021239035087719304
0 0.42892361111111116 0.565030153508772 0.012335526315789474 0.02466557017543854
0 0.4408479532163743 0.5628371710526315 0.01663011695906433 0.020827850877192924
0 0.45009320175438594 0.5593791118421053 0.011421783625730994 0.015211074561403574
0 0.45459338450292397 0.5391337719298246 0.02444261695906433 0.013634868421052633
0 0.4559868421052631 0.5319750548245614 0.021564327485380116 0.013566337719298249
0 0.4693960160818713 0.5317694627192983 0.015305190058479532 0.008906250000000003
0 0.4777796052631579 0.534749177631579 0.02284356725146199 0.014865679824561408
0 0.4654440789473684 0.547904331140351 0.02147295321637427 0.015413925438596434
0 0.4667461622807017 0.561811951754386 0.011010599415204679 0.02527960526315784
0 0.4653070175438596 0.5159429824561403 0.01206140350877193 0.025762061403508778
0 0.47499908625730997 0.5128358004385964 0.01402595029239766 0.03124177631578948
0 0.4554002192982456 0.5058484100877192 0.013384502923976652 0.010002741228070178
0 0.4866949926900585 0.5109525767543859 0.015670687134502925 0.020348135964912285
0 0.48607821637426907 0.5267447916666667 0.012609649122807017 0.02342927631578948
0 0.4814035087719298 0.5436896929824561 0.019462719298245616 0.01986842105263152
0 0.48005573830409354 0.5512266995614035 0.015305190058479532 0.01452576754385959
0 0.4901069078947368 0.5480413925438596 0.01183296783625731 0.01993695175438591
0 0.48949013157894733 0.5602700109649122 0.015899122807017545 0.014662828947368485
0 0.4839163011695906 0.5646546052631579 0.0268640350877193 0.020690789473684214
0 0.4989784356725146 0.49919133771929824 0.01699561403508772 0.019665570175438598
0 0.5048263888888889 0.5168681469298245 0.01836622807017544 0.02624177631578948
0 0.5125237573099415 0.5015200109649123 0.019506578947368465 0.017469846491228076
0 0.5075822368421052 0.5287554824561403 0.013157894736842105 0.01740131578947369
0 0.5101178728070175 0.5427316337719298 0.031204312865497075 0.011373355263157896
0 0.5057775950292398 0.549547697368421 0.026818347953216373 0.01212719298245608
0 0.5055034722222221 0.5581469298245615 0.02526498538011696 0.0202796052631579
0 0.5087244152046783 0.5633525219298245 0.023848684210526317 0.02110197368421053
0 0.5228874269005848 0.5542406798245614 0.011421783625730994 0.01740131578947369
0 0.4496198830409357 0.5964364035087719 0.01644736842105263 0.024254385964912285
0 0.49162097953216377 0.60796875 0.02722953216374269 0.023020833333333338
0 0.5230985014619883 0.5974862938596491 0.028963815789473643 0.016853070175438602
0 0.5301343201754386 0.610984100877193 0.025308845029239725 0.01671600877192983
0 0.5239985380116959 0.618048245614035 0.02055921052631579 0.02481907894736841
0 0.5211805555555556 0.4937171052631579 0.024945175438596492 0.016853070175438602
0 0.5345211988304094 0.4933059210526316 0.017635233918128657 0.02315789473684211
0 0.5463541666666667 0.49412828947368415 0.012792397660818713 0.027817982456140356
0 0.527576754385965 0.5133799342105263 0.01471125730994152 0.02247258771929825
0 0.5263888888888889 0.5356469298245613 0.02275219298245614 0.022883771929824565
0 0.5344755116959065 0.5316049890350878 0.012975146198830409 0.01589638157894737
0 0.5469937865497077 0.5216022478070176 0.017361111111111112 0.014251644736842107
0 0.546811038011696 0.5357154605263158 0.014802631578947368 0.026310307017543864
0 0.534749634502924 0.5512691885964913 0.017543859649122806 0.02151315789473685
0 0.5660900950292398 0.5046121162280701 0.016445540935672475 0.03316063596491229
0 0.5766438230994152 0.516532346491228 0.01708516081871341 0.01973135964912281
0 0.5632118055555556 0.526672149122807 0.017816154970760195 0.021376096491228076
0 0.576735197368421 0.5310567434210527 0.02603983918128651 0.01644462719298246
0 0.5570449561403509 0.5435265899122806 0.016264619883040937 0.018363486842105266
0 0.5732172880116959 0.5422245065789474 0.023024488304093527 0.012743969298245617
0 0.5871052631578948 0.5375657894736842 0.025584795321637425 0.01383771929824562
0 0.5839985380116959 0.5497615131578948 0.01827485380116959 0.02151315789473685
0 0.5744051535087719 0.5543516995614035 0.012607821637426861 0.012606907894736844
0 0.5445266812865497 0.5664103618421052 0.015533625730994151 0.028500548245614044
0 0.5574104532163743 0.5660663377192983 0.017361111111111112 0.025076754385964916
0 0.5566794590643275 0.5596271929824562 0.015350877192982455 0.02096491228070182
0 0.5840899122807017 0.5750411184210527 0.02503654970760234 0.02274671052631567
0 0.5849588815789474 0.5699725877192982 0.028963815789473643 0.02247258771929825
0 0.5924506578947368 0.5520216557017544 0.014894005847953216 0.026581688596491296
0 0.5578362573099416 0.6061472039473684 0.01882309941520468 0.02740405701754393
0 0.579766081871345 0.5975836074561404 0.019005847953216373 0.027266995614035033
0 0.5856140350877193 0.6179989035087718 0.014619883040935672 0.025076754385964916
0 0.599046052631579 0.6014884868421052 0.013157894736842105 0.02658442982456141
0 0.6042543859649122 0.6091611842105262 0.012244152046783625 0.021924342105263162
0 0.5783040935672514 0.497484923245614 0.019919590643274854 0.029322916666666674
0 0.603203581871345 0.502624725877193 0.020741959064327485 0.02699287280701755
0 0.6010105994152046 0.5173547149122807 0.014528508771929825 0.02521381578947369
0 0.6169097222222222 0.5076946271929824 0.014345760233918129 0.02096491228070176
0 0.6050767543859649 0.5415391995614035 0.012426900584795321 0.013840460526315792
0 0.6076672149122807 0.5237760416666667 0.022384868421052674 0.014936951754385967
0 0.6276772660818714 0.5188432017543859 0.01471125730994152 0.023020833333333338
0 0.6273802997076023 0.5366447368421052 0.025082236842105265 0.016650219298245617
0 0.6142909356725146 0.5471271929824562 0.014619883040935672 0.01760964912280702
0 0.6346902412280703 0.5430852521929824 0.026818347953216373 0.015139802631578953
0 0.6242278874269006 0.557782346491228 0.017772295321637425 0.0195942982456141
0 0.6069133771929824 0.5540131578947368 0.01749634502923981 0.01822368421052638
0 0.6114820906432749 0.5710046600877193 0.024349415204678405 0.025348135964912352
0 0.635421235380117 0.5545641447368421 0.016036184210526317 0.024391447368421058
0 0.6411092836257309 0.5254810855263158 0.014163011695906433 0.026927083333333338
0 0.6390076754385965 0.5639158442982456 0.01781798245614035 0.015825109649122874
0 0.6487618786549708 0.5469599780701755 0.015305190058479532 0.020690789473684214
0 0.6270915570175439 0.49920641447368413 0.018411915204678362 0.0247998903508772
0 0.6414144736842106 0.5053385416666667 0.022021198830409358 0.028297697368421058
0 0.6474908625730995 0.5047217653508771 0.017726608187134504 0.026104714912280707
0 0.6549378654970761 0.5267831688596492 0.016355994152046784 0.02281524122807018
0 0.6505062134502925 0.4821463815789474 0.01653874269005848 0.020690789473684152
0 0.6568110380116959 0.5011938048245613 0.025767543859649123 0.026718750000000006
0 0.6702887426900586 0.506297971491228 0.024762426900584795 0.025556469298245617
0 0.6703572733918128 0.48721765350877194 0.013477704678362573 0.020142543859649066
0 0.6613569078947369 0.48266036184210526 0.014482821637426901 0.02445997807017538
0 0.6873985745614035 0.48139254385964914 0.01183296783625731 0.02329495614035082
0 0.6942744883040936 0.48509320175438597 0.01425438596491228 0.02274671052631573
0 0.6732711988304093 0.5283566337719299 0.012975146198830409 0.02534813596491229
0 0.6855610380116959 0.5252727521929824 0.015807748538011698 0.0282264254385965
0 0.692139985380117 0.5244503837719299 0.010508040935672515 0.024936951754385973
0 0.7060288742690058 0.5214364035087719 0.015807748538011698 0.029873903508771935
0 0.7242123538011697 0.5212308114035088 0.019279970760233918 0.02315789473684211
0 0.7097295321637427 0.5382223135964913 0.008954678362573099 0.00726151315789474
0 0.7211970029239766 0.5373999451754387 0.01653874269005848 0.013018092105263161
0 0.7128819444444444 0.5471285635964912 0.022203947368421052 0.019871162280701758
0 0.6625904605263159 0.5414857456140351 0.016584429824561403 0.022061403508771935
0 0.6757255116959064 0.5450493421052631 0.014894005847953216 0.015208333333333338
0 0.6876955409356725 0.5553632127192982 0.02540204678362573 0.018840460526315793
0 0.6878554459064328 0.5439555921052631 0.01000548245614035 0.01383771929824562
0 0.6750858918128656 0.5603645833333334 0.026498538011695907 0.018843201754385967
0 0.6929038742690059 0.5661197916666667 0.01882309941520468 0.01623629385964919
0 0.6671591739766083 0.5693092105263158 0.0190515350877193 0.024254385964912285
0 0.6782839912280703 0.5788651315789474 0.01617324561403509 0.03144736842105258
0 0.6602604166666667 0.5670819627192982 0.012472587719298246 0.02980537280701755
0 0.6430720029239766 0.580498903508772 0.022021198830409358 0.018634868421052636
0 0.6405592105263158 0.6018763706140351 0.01644736842105263 0.03562774122807025
0 0.6540826023391813 0.6260704495614035 0.017178362573099414 0.03357182017543854
0 0.6817233187134503 0.6283305921052631 0.024396929824561403 0.017264254385964916
0 0.7134758771929824 0.625453673245614 0.013523391812865496 0.026855811403508716
0 0.7069426169590644 0.5660498903508773 0.018914473684210526 0.020690789473684214
0 0.7184100877192982 0.5670079495614035 0.02010233918128655 0.012469846491228072
0 0.7273647660818713 0.5570052083333333 0.027412280701754384 0.011647478070175379
0 0.7277759502923976 0.5446052631578947 0.012701023391812866 0.01671600877192983
0 0.7489290935672515 0.5601576206140351 0.01937134502923985 0.01603344298245608
0 0.719141081871345 0.5836567982456141 0.012244152046783625 0.020553728070175442
0 0.7112828947368421 0.5773547149122806 0.017909356725146198 0.013974780701754392
0 0.7269864766081872 0.5744161184210526 0.014528508771929825 0.015142543859649188
0 0.7396399853801169 0.5141419956140351 0.01425438596491228 0.027132675438596498
0 0.7668676900584797 0.5377782346491228 0.01864035087719298 0.02836348684210527
0 0.7776498538011696 0.5333251096491228 0.014802631578947368 0.024665570175438602
0 0.7825383771929826 0.5518242872807018 0.027320906432748537 0.014525767543859652
0 0.7649488304093567 0.5667598684210526 0.013523391812865496 0.026310307017543926
0 0.7741776315789474 0.5687472587719299 0.012244152046783625 0.022609649122807086
0 0.791858552631579 0.5875191885964912 0.03499634502923977 0.023432017543859655
0 0.7923611111111111 0.5966995614035088 0.029970760233918127 0.025625000000000005
0 0.7886604532163743 0.5573040021929824 0.02275219298245614 0.011510416666666669
0 0.7890259502923976 0.5644298245614036 0.02238669590643275 0.014797149122807085
0 0.8114126461988305 0.5795723684210526 0.02640716374269006 0.02398026315789474
0 0.8163925438596492 0.5770367324561404 0.03125 0.02658442982456141
0 0.8200018274853802 0.5710087719298246 0.02403143274853801 0.02082785087719305
0 0.8349872076023392 0.5777905701754386 0.015990497076023392 0.0237061403508772
0 0.8061586257309942 0.5858758223684211 0.029788011695906433 0.03110471491228077
0 0.7890716374269006 0.5740227521929825 0.019736842105263157 0.015896381578947433
0 0.7737207602339181 0.6282990679824562 0.021929824561403508 0.03754660087719293
0 0.842311769005848 0.6309484649122806 0.017543859649122806 0.03398026315789475
0 0.6353472222222223 0.6960992324561404 0.025950292397660817 0.021924342105263162
0 0.7031469298245614 0.718983004385965 0.019371345029239765 0.023294956140350882
0 0.7648227339181286 0.7388514254385965 0.021747076023391813 0.023569078947368427
0 0.8213230994152046 0.7895504385964912 0.03252923976608187 0.0158936403508772
0 0.8383187134502924 0.7024026864035088 0.017543859649122806 0.02795230263157889
0 0.4579915935672515 0.6648122258771929 0.015899122807017545 0.02493695175438591
0 0.4210763888888889 0.6849547697368421 0.01882309941520468 0.01425164473684217
0 0.39750182748538015 0.6953700657894737 0.01663011695906433 0.0202796052631579
0 0.39356085526315787 0.6878714364035087 0.013795687134502884 0.01452576754385959
0 0.15182748538011695 0.6979290021929825 0.03271198830409357 0.017541118421052573
0 0.34121893274853804 0.44464638157894737 0.019736842105263157 0.029051535087719304
0 0.3529148391812865 0.43005208333333333 0.014071637426900584 0.019046052631578953
0 0.36100146198830413 0.43066885964912277 0.01653874269005848 0.01753837719298246
0 0.3685398391812866 0.4374520285087719 0.008223684210526315 0.012469846491228072
0 0.37749451754385965 0.4338212719298245 0.012609649122807017 0.01616776315789474
0 0.38580957602339183 0.4131990131578947 0.01425438596491228 0.014934210526315795
0 0.3872715643274854 0.4247094298245614 0.013888888888888888 0.01383771929824562
0 0.3612755847953216 0.4573218201754386 0.015076754385964912 0.01877192982456141
0 0.41500548245614033 0.4056263706140351 0.011513157894736841 0.012469846491228072
0 0.4124470029239766 0.4153892543859649 0.025219298245614034 0.009385964912280704
0 0.40465734649122803 0.4231304824561404 0.02398574561403509 0.008563596491228072
0 0.3945604897660818 0.4299122807017544 0.023072002923976608 0.011716008771929827
0 0.39842105263157895 0.43426398026315793 0.021107456140350877 0.013566337719298249
0 0.41304093567251454 0.419875274122807 0.02147295321637427 0.00726151315789474
0 0.4262673611111111 0.4085704495614035 0.01402595029239766 0.011373355263157896
0 0.4045431286549708 0.43799753289473686 0.0133406432748538 0.01788103070175439
0 0.39195632309941514 0.4488226425438597 0.014665570175438597 0.019114583333333338
0 0.4145486111111111 0.43405838815789477 0.015990497076023392 0.02315515350877194
0 0.42731816520467836 0.42659128289473686 0.012838084795321638 0.011784539473684214
0 0.3985955774853801 0.4513007127192982 0.012107090643274854 0.012469846491228072
0 0.39336440058479527 0.46387198464912277 0.011056286549707603 0.014454495614035093
0 0.38171418128654966 0.4528083881578947 0.010873538011695907 0.014936951754385967
0 0.43586165935672516 0.40149259868421056 0.025082236842105265 0.009728618421052633
0 0.43663834064327484 0.4135498903508772 0.023254751461988302 0.01479714912280696
0 0.421218932748538 0.4380441337719298 0.01663011695906433 0.022404057017543864
0 0.43385142543859645 0.42670367324561403 0.011650219298245614 0.014662828947368424
0 0.43643274853801167 0.395063048245614 0.01836622807017544 0.01267543859649123
0 0.45011513157894734 0.3956455592105263 0.019963450292397704 0.009180372807017546
0 0.45070906432748536 0.4007826206140351 0.015760233918128697 0.009728618421052633
0 0.463249269005848 0.40219983552631583 0.012609649122807017 0.017815241228070176
0 0.4684347587719298 0.4076809210526316 0.010827850877192983 0.015619517543859655
0 0.47668128654970765 0.4082976973684211 0.012609649122807017 0.022609649122807024
0 0.48556743421052634 0.4094627192982456 0.008634868421052632 0.020005482456140356
0 0.49251187865497076 0.4090858004385965 0.010279605263157895 0.015139802631578953
0 0.5001187865497077 0.40692708333333333 0.010142543859649123 0.018497807017543864
0 0.5091648391812865 0.39654742324561404 0.014528508771929825 0.01431743421052632
0 0.45134868421052626 0.4053508771929825 0.012013888888888932 0.005756578947368421
0 0.4561001461988304 0.41182565789473685 0.017313596491228114 0.008974780701754389
0 0.4667900219298246 0.42265076754385966 0.01228983918128655 0.015279605263157896
0 0.4439702119883041 0.4154920504385965 0.023389985380117002 0.009043311403508775
0 0.45562043128654967 0.41973821271929823 0.02037463450292402 0.012606907894736844
0 0.4434904970760234 0.425015076754386 0.017770467836257353 0.012469846491228072
0 0.4746938961988304 0.42484374999999996 0.011650219298245614 0.014731359649122809
0 0.4893137792397661 0.4196696820175439 0.018686038011695907 0.009591557017543863
0 0.514655519005848 0.403125 0.01941703216374269 0.013497807017543863
0 0.5184932383040937 0.40702850877192986 0.019234283625730993 0.01048245614035088
0 0.5207319078947369 0.4120655153508772 0.014208698830409356 0.012606907894736844
0 0.4552247807017544 0.43224232456140355 0.01251827485380117 0.017198464912280706
0 0.43360654239766083 0.44132127192982457 0.011467470760233918 0.017127192982456144
0 0.42143092105263164 0.45447368421052636 0.01608187134502924 0.022061403508771935
0 0.4273702485380117 0.4599904057017544 0.01516812865497076 0.02350054824561404
0 0.449140168128655 0.44779468201754385 0.01539656432748538 0.016647478070175442
0 0.4501452850877193 0.45529742324561406 0.014208698830409356 0.014662828947368424
0 0.4622066885964913 0.4483771929824562 0.01274671052631579 0.01178179824561404
0 0.47632401315789474 0.4314542214912281 0.01585343567251462 0.014936951754385967
0 0.47387975146198835 0.44347861842105263 0.013157894736842105 0.015005482456140353
0 0.44463267543859647 0.46364446271929827 0.010369152046783668 0.018155153508771935
0 0.45313048245614035 0.46751507675438597 0.021334064327485424 0.026033442982456148
0 0.46690423976608186 0.45203125 0.0222953216374269 0.024117324561403513
0 0.5090049342105263 0.4153769188596491 0.016036184210526317 0.014114583333333337
0 0.5084338450292397 0.42075520833333335 0.019828216374269007 0.009662828947368422
0 0.49342562134502926 0.4233580043859649 0.023346125730994153 0.01199013157894737
0 0.5245842470760234 0.41822094298245616 0.015213815789473685 0.017198464912280706
0 0.5128198099415204 0.4301768092105263 0.02860014619883041 0.014251644736842107
0 0.5051900584795321 0.4340816885964912 0.024305555555555556 0.0124671052631579
0 0.4830546418128655 0.4351439144736842 0.016493055555555556 0.017332785087719304
0 0.4908671418128655 0.4378152412280702 0.019508406432748537 0.017472587719298247
0 0.5056697733918128 0.4477165570175438 0.014574195906432748 0.020553728070175442
0 0.5233050073099416 0.4424396929824561 0.018229166666666668 0.017949561403508778
0 0.5201982821637428 0.4468585526315789 0.017406798245614034 0.016101973684210527
0 0.5314601608187135 0.4425767543859649 0.014802631578947368 0.013563596491228075
0 0.534155701754386 0.4341502192982456 0.014619883040935672 0.01836074561403509
0 0.5284448099415205 0.4554235197368421 0.017269736842105265 0.01431743421052632
0 0.5337445175438597 0.4095545504385965 0.012701023391812866 0.014251644736842107
0 0.5407574926900586 0.4266132127192982 0.011650219298245614 0.024936951754385973
0 0.5166803728070176 0.46395285087719296 0.019325657894736843 0.025625000000000005
0 0.5009411549707603 0.46148574561403505 0.019371345029239765 0.016304824561403513
0 0.49171235380116957 0.4593969298245614 0.014163011695906433 0.018843201754385967
0 0.5451206140350878 0.41907757675438595 0.019005847953216373 0.01726699561403509
0 0.5468110380116958 0.41044407894736845 0.013157894736842105 0.01534539473684211
0 0.5572194809941521 0.41183662280701755 0.009639985380116959 0.02055372807017538
0 0.5624506578947368 0.41814144736842107 0.013066520467836257 0.020142543859649066
0 0.5551864035087719 0.4284169407894737 0.020650584795321638 0.00945449561403509
0 0.487280701754386 0.4782839912280702 0.01918859649122807 0.02706140350877194
0 0.5058296783625731 0.4806126644736843 0.017726608187134504 0.023089364035087726
0 0.5169773391812865 0.47903645833333336 0.012244152046783625 0.02404879385964913
0 0.5388011695906433 0.4525918311403509 0.009594298245614035 0.022129934210526322
0 0.563029970760234 0.4495189144736842 0.02284356725146199 0.013018092105263161
0 0.5636695906432748 0.4734882127192983 0.014071637426900584 0.026515899122807024
0 0.5744745979532163 0.4704385964912281 0.01402595029239766 0.024254385964912285
0 0.5849826388888889 0.4773930921052632 0.01137609649122807 0.024046052631578954
0 0.5631213450292398 0.3995093201754386 0.01023391812865497 0.016376096491228072
0 0.5703855994152047 0.41269736842105265 0.010508040935672515 0.017812500000000005
0 0.5781067251461989 0.41276589912280703 0.008771929824561403 0.017675438596491233
0 0.5799570540935673 0.40118832236842106 0.009731359649122808 0.012332785087719301
0 0.5862161915204678 0.41064144736842106 0.012929459064327485 0.017949561403508778
0 0.572875548245614 0.4266392543859649 0.011741593567251463 0.01336074561403509
0 0.5885690789473685 0.417219024122807 0.019279970760233918 0.015759320175438598
0 0.5973866959064327 0.4029344846491228 0.019919590643274854 0.012398574561403513
0 0.6075749269005848 0.40382401315789473 0.021747076023391813 0.010208333333333337
0 0.6031204312865497 0.41208059210526315 0.014300073099415205 0.01466008771929825
0 0.5775127923976608 0.4321888706140351 0.01160453216374269 0.015413925438596496
0 0.5688980263157895 0.44054824561403505 0.012266081871345093 0.017949561403508715
0 0.5841374269005848 0.43479440789473683 0.008954678362573099 0.013634868421052633
0 0.6040341739766082 0.41598684210526315 0.012015716374269006 0.016030701754385968
0 0.5804824561403509 0.44845120614035083 0.015533625730994151 0.02514254385964913
0 0.6190113304093567 0.41405701754385965 0.00941154970760234 0.017198464912280706
0 0.6101480263157895 0.41525493421052634 0.008771929824561403 0.019457236842105267
0 0.6123866959064328 0.42584018640350874 0.009228801169590644 0.01842927631578948
0 0.6043686038011695 0.4319736842105263 0.013569078947368422 0.01808662280701755
0 0.5979038742690058 0.4397834429824561 0.013888888888888888 0.02398026315789474
0 0.5937691885964912 0.443312774122807 0.013112207602339181 0.021033442982456144
0 0.6002732090643275 0.45825932017543863 0.013934576023391813 0.022883771929824565
0 0.6011705043859649 0.4816790021929825 0.01183296783625731 0.026652960526315793
0 0.6132775950292397 0.48133634868421055 0.01539656432748538 0.02637883771929825
0 0.6329312865497077 0.4829125548245614 0.014071637426900584 0.02350054824561404
0 0.6259100877192982 0.4123670504385965 0.010051169590643274 0.012398574561403513
0 0.6217525584795321 0.42301946271929824 0.012244152046783625 0.012332785087719301
0 0.6371262792397661 0.4071943530701755 0.01402595029239766 0.010276864035087721
0 0.6350018274853801 0.4159978070175439 0.015076754385964912 0.014320175438596493
0 0.6507867324561404 0.41147615131578946 0.017406798245614034 0.011987390350877198
0 0.6517690058479533 0.41712856359649125 0.018731725146198832 0.01438870614035088
0 0.63984466374269 0.42055372807017544 0.012975146198830409 0.01671600877192983
0 0.629656432748538 0.4309333881578947 0.008771929824561403 0.01719572368421053
0 0.6594672880116959 0.40626918859649125 0.012107090643274854 0.012812500000000003
0 0.6635791301169591 0.41661458333333334 0.01000548245614035 0.013223684210526318
0 0.6523172514619883 0.42562362938596493 0.013523391812865496 0.01644462719298246
0 0.6418320540935673 0.4292900219298246 0.01804641812865497 0.01336074561403509
0 0.6486165935672515 0.44172423245614034 0.02503654970760234 0.024665570175438602
0 0.6695869883040936 0.42826206140350875 0.021107456140350877 0.014731359649122809
0 0.6665716374269006 0.4362431469298246 0.019279970760233918 0.01644462719298246
0 0.6617744883040936 0.4387774122807018 0.02046783625730994 0.021376096491228076
0 0.6589190423976609 0.44028508771929825 0.01667580409356725 0.01808662280701755
0 0.6519974415204679 0.4396683114035088 0.01918859649122807 0.019457236842105267
0 0.6496756213450292 0.45209292763157893 0.02252375730994152 0.015211074561403512
0 0.6382766812865498 0.4616502192982456 0.019097222222222224 0.019391447368421057
0 0.6827293494152047 0.4248588267543859 0.016080043859649083 0.011987390350877198
0 0.6711485745614035 0.41153371710526315 0.013569078947368422 0.014936951754385967
0 0.6762189327485381 0.41787006578947367 0.015851608187134464 0.013634868421052633
0 0.6822724780701754 0.40892955043859647 0.012607821637426861 0.016855811403508773
0 0.6919343932748538 0.4118763706140351 0.009548611111111112 0.013292214912280704
0 0.695954861111111 0.4207140899122807 0.012929459064327485 0.013018092105263161
0 0.6917744883040935 0.43010005482456143 0.013066520467836257 0.01726699561403509
0 0.6976681286549706 0.4094092653508772 0.011787280701754386 0.012606907894736844
0 0.7012317251461988 0.42876507675438597 0.010142543859649123 0.018292214912280707
0 0.7041328581871344 0.41841831140350877 0.00872624269005848 0.007330043859649125
0 0.6882574926900585 0.43654057017543857 0.016902412280701714 0.01616776315789474
0 0.6842827119883041 0.4393489583333333 0.016811038011695867 0.015759320175438598
0 0.6806889619883041 0.4609073464912281 0.016812865497076022 0.02110197368421053
0 0.6911970029239767 0.4610786732456141 0.01663011695906433 0.021718750000000005
0 0.7100804093567251 0.4146737938596491 0.011970029239766082 0.01336074561403509
0 0.7156770833333334 0.4161129385964912 0.015487938596491228 0.011441885964912283
0 0.7172076023391812 0.42769051535087715 0.01617324561403509 0.01582510964912281
0 0.7128444809941521 0.4270751096491228 0.017498172514619884 0.013771929824561406
0 0.7132785087719299 0.4422834429824561 0.018914473684210526 0.01199013157894737
0 0.7369901315789473 0.4424547697368421 0.022478070175438597 0.013292214912280704
0 0.733015350877193 0.44430509868421053 0.026133040935672515 0.018363486842105266
0 0.7293375365497077 0.45900082236842105 0.011467470760233918 0.017469846491228076
0 0.708983918128655 0.4550959429824561 0.01114766081871345 0.018706140350877195
0 0.7412618786549707 0.4098766447368421 0.01731542397660827 0.010756578947368424
0 0.750406615497076 0.43125274122807017 0.022293494152046827 0.0118530701754386
0 0.749858369883041 0.43618695175438593 0.026313961988304137 0.008152412280701756
0 0.7513660453216375 0.4420435855263158 0.02037463450292402 0.009728618421052633
0 0.7356048976608187 0.4287184758771929 0.012701023391812866 0.015962171052631584
0 0.765733735380117 0.41946957236842103 0.01320358187134503 0.016647478070175442
0 0.7746427266081872 0.4459484649122807 0.017863669590643276 0.019183114035087726
0 0.7687947733918129 0.43457648026315787 0.021701388888888888 0.013977521929824564
0 0.7783662280701755 0.42447094298245613 0.009685672514619883 0.01815789473684211
0 0.7872916666666667 0.4242653508771929 0.009685672514619883 0.01116776315789474
0 0.7963834064327486 0.42251781798245613 0.014894005847953216 0.01644462719298246
0 0.8026197002923977 0.42186677631578945 0.01320358187134503 0.015964912280701758
0 0.7998327850877194 0.43337719298245614 0.020330774853801168 0.017061403508771934
0 0.7978453947368421 0.43978344298245614 0.01471125730994152 0.015071271929824567
0 0.768811220760234 0.4503686951754386 0.019325657894736843 0.01719572368421053
0 0.7318046418128654 0.4191269188596491 0.02106176900584795 0.014591557017543865
0 0.7333580043859649 0.41594161184210526 0.017863669590643276 0.009865679824561406
0 0.7583177997076024 0.4526178728070176 0.02033077485380125 0.01452302631578948
0 0.7429897660818713 0.45388432017543867 0.015625000000000083 0.010619517543859652
0 0.7375073099415204 0.46203810307017545 0.01964546783625731 0.020348135964912285
0 0.7458452119883041 0.468342927631579 0.012838084795321721 0.02062225877192983
0 0.7429897660818714 0.4813582785087719 0.013157894736842188 0.021718749999999943
0 0.7521728801169592 0.49156661184210526 0.012792397660818796 0.021581688596491233
0 0.7617214912280702 0.46974506578947367 0.008680555555555556 0.021513157894736786
0 0.7744225146198831 0.4629632675438597 0.014528508771929825 0.018497807017543864
0 0.7838112207602339 0.483688322368421 0.02069627192982456 0.025419407894736786
0 0.7613934576023392 0.49934347587719297 0.01987390350877193 0.027129934210526323
0 0.7156231725146198 0.47469161184210523 0.011695906432748537 0.02062225877192983
0 0.7148464912280701 0.4920586622807018 0.020285087719298246 0.015482456140350882
0 0.711282894736842 0.5035677083333333 0.029605263157894735 0.011921600877192984
0 0.7040414839181287 0.47873218201754386 0.017863669590643276 0.023226425438596498
0 0.7052521929824561 0.4895230263157895 0.010325292397660819 0.01877192982456141
0 0.8104239766081872 0.43168174342105264 0.015990497076023392 0.017469846491228076
0 0.8233762792397661 0.4391159539473684 0.013751827485380117 0.01507401315789474
0 0.8378362573099416 0.43863623903508775 0.018914473684210526 0.015759320175438598
0 0.8178709795321638 0.4488103070175439 0.021929824561403508 0.017472587719298247
0 0.8146043494152048 0.4634375 0.017041301169590642 0.021787280701754327
0 0.8040506213450292 0.4624780701754386 0.015670687134502925 0.015756578947368365
0 0.8101498538011697 0.4738856907894737 0.027138157894736843 0.01431743421052632
0 0.8121600877192983 0.4826206140350877 0.030062134502923978 0.019046052631578953
0 0.8049872076023392 0.4877960526315789 0.027869152046783627 0.022680921052631583
0 0.799124634502924 0.4943503289473684 0.023300438596491228 0.012538377192982458
0 0.8025054824561404 0.5047998903508771 0.03134137426900585 0.013974780701754392
0 0.7510873538011695 0.5690035635964912 0.011878654970760233 0.008083881578947308
0 0.924454495614035 0.7586225328947369 0.036547880116959024 0.03507949561403516
0 0.319562317251462 0.8002782346491228 0.034354897660818715 0.03507949561403516
0 0.666781798245614 0.9570339912280702 0.04312865497076023 0.04165570175438585
