0 0.5400219298245614 0.48190789473684215 0.010782163742690058 0.012883771929824562
0 0.5481542397660819 0.48807565789473684 0.010599415204678362 0.013706140350877192
0 0.5577485380116959 0.49177631578947373 0.007492690058479532 0.017269736842105265
0 0.5509868421052632 0.4916392543859649 0.008589181286549707 0.01425438596491228
0 0.5632309941520468 0.4936951754385965 0.007492690058479532 0.01836622807017544
0 0.5841557017543859 0.4915021929824561 0.013157894736842105 0.014528508771929825
0 0.58203125 0.4961622807017544 0.009274488304093567 0.017269736842105265
0 0.5698099415204678 0.4941063596491228 0.005665204678362573 0.01644736842105263
0 0.5771427266081871 0.49924616228070173 0.007903874269005849 0.021792763157894735
0 0.7329130116959064 0.4991776315789474 0.008771929824561403 0.01617324561403509
0 0.6211394371345029 0.5005825109649122 0.015213815789473685 0.014734100877192983
0 0.7277046783625731 0.5027412280701754 0.010051169590643274 0.011787280701754386
0 0.679093567251462 0.5056195175438597 0.013706140350877192 0.013706140350877192
0 0.5493421052631579 0.504797149122807 0.01663011695906433 0.009868421052631578
0 0.691703216374269 0.5056195175438597 0.004568713450292397 0.011513157894736841
0 0.6952668128654971 0.5113760964912281 0.006944444444444444 0.01699561403508772
0 0.7459795321637427 0.5043859649122807 0.01699561403508772 0.009046052631578948
0 0.5686220760233918 0.5084978070175439 0.013157894736842105 0.015625
0 0.7162828947368421 0.5091831140350878 0.006944444444444444 0.01699561403508772
0 0.7227704678362573 0.509594298245614 0.006396198830409356 0.01343201754385965
0 0.5562865497076024 0.5095942982456141 0.01699561403508772 0.011239035087719298
0 0.596811038011696 0.5123355263157895 0.01069078947368421 0.017269736842105265
0 0.6875913742690059 0.5138432017543859 0.006944444444444444 0.019736842105263157
0 0.7018457602339181 0.5150767543859649 0.006578947368421052 0.021655701754385966
0 0.6055372807017544 0.5139117324561404 0.010508040935672515 0.018229166666666668
0 0.6815606725146198 0.511924342105263 0.006578947368421052 0.01206140350877193
0 0.7318165204678362 0.5128837719298246 0.013157894736842105 0.014528508771929825
0 0.7421418128654971 0.5109649122807017 0.015899122807017545 0.007401315789473684
0 0.7577668128654971 0.5115131578947368 0.01425438596491228 0.011787280701754386
0 0.7076023391812866 0.5178179824561403 0.006030701754385965 0.021107456140350877
0 0.7129020467836257 0.5182291666666667 0.005299707602339181 0.01918859649122807
0 0.7192982456140351 0.5226151315789473 0.010416666666666666 0.013157894736842105
0 0.6320358187134503 0.5208675986842106 0.00849780701754386 0.022820723684210526
0 0.6506990131578948 0.5195655153508772 0.011650219298245614 0.02021655701754386
0 0.6163651315789473 0.5178179824561403 0.013797514619883041 0.015625
0 0.678453947368421 0.5197368421052632 0.015716374269005847 0.013980263157894737
0 0.7431469298245614 0.5223410087719299 0.007675438596491228 0.01864035087719298
0 0.7618786549707602 0.5175438596491229 0.013706140350877192 0.00849780701754386
0 0.7256944444444444 0.5220668859649122 0.008589181286549707 0.012609649122807017
0 0.2661732456140351 0.5248081140350878 0.01206140350877193 0.015899122807017545
0 0.272203947368421 0.5280975877192982 0.01425438596491228 0.012609649122807017
0 0.6967288011695906 0.5267269736842106 0.006578947368421052 0.01864035087719298
0 0.7500913742690059 0.5237116228070176 0.006944444444444444 0.012609649122807017
0 0.7562134502923977 0.5270010964912281 0.010416666666666666 0.01699561403508772
0 0.7446089181286549 0.5370065789473684 0.012792397660818713 0.013980263157894737
0 0.7360197368421053 0.5276864035087719 0.009868421052631578 0.01836622807017544
0 0.6697733918128655 0.5285087719298246 0.016264619883040937 0.017269736842105265
0 0.23506030701754388 0.5313527960526315 0.01251827485380117 0.019668311403508772
0 0.7318165204678363 0.5307017543859649 0.00804093567251462 0.01836622807017544
0 0.7648940058479532 0.5268640350877193 0.01425438596491228 0.009046052631578948
0 0.7017543859649124 0.5353618421052632 0.010782163742690058 0.02055921052631579
0 0.6547880116959064 0.5361842105263158 0.008223684210526315 0.016721491228070175
0 0.7230445906432749 0.5357730263157895 0.008406432748538011 0.015899122807017545
0 0.6663011695906433 0.537280701754386 0.010051169590643274 0.01836622807017544
0 0.7552083333333334 0.5409813596491229 0.00804093567251462 0.025767543859649123
0 0.7093384502923976 0.5367324561403509 0.012792397660818713 0.01617324561403509
0 0.7152777777777778 0.5379660087719298 0.010782163742690058 0.01644736842105263
0 0.7650767543859649 0.5382401315789473 0.011695906432748537 0.01206140350877193
0 0.7498172514619883 0.5430372807017544 0.00712719298245614 0.01781798245614035
0 0.8089364035087719 0.5478344298245614 0.008771929824561403 0.023574561403508772
0 0.6387061403508771 0.5481935307017544 0.01251827485380117 0.022099780701754355
0 0.7230445906432749 0.546875 0.014985380116959063 0.014528508771929825
0 0.40268640350877194 0.5497532894736843 0.007309941520467836 0.01864035087719298
0 0.7320906432748538 0.5475603070175439 0.01114766081871345 0.014802631578947368
0 0.4106359649122807 0.5507127192982457 0.01114766081871345 0.019462719298245616
0 0.767452485380117 0.5483826754385964 0.01644736842105263 0.012609649122807017
0 0.7447002923976608 0.5518092105263158 0.012609649122807017 0.01836622807017544
0 0.8159722222222222 0.5511239035087719 0.006396198830409356 0.01644736842105263
0 0.3500548245614035 0.5541392543859649 0.011330409356725146 0.020833333333333332
0 0.4578764619883041 0.5494791666666666 0.012792397660818713 0.01206140350877193
0 0.5143457602339181 0.5533168859649124 0.008406432748538011 0.01918859649122807
0 0.4701206140350877 0.5501644736842105 0.014985380116959063 0.012335526315789474
0 0.48885233918128657 0.5545504385964912 0.00932017543859649 0.0200109649122807
0 0.5729166666666667 0.5533168859649124 0.010782163742690058 0.01699561403508772
0 0.600328947368421 0.5506784539473685 0.008223684210526315 0.012266995614035088
0 0.7792397660818713 0.5503015350877194 0.01516812865497076 0.011513157894736841
0 0.7134502923976608 0.5542763157894737 0.015899122807017545 0.017269736842105265
0 0.3415570175438597 0.5572916666666666 0.009685672514619883 0.022203947368421052
0 0.6160681652046783 0.5556304824561403 0.007903874269005849 0.0166885964912281
0 0.42141812865497075 0.5572916666666667 0.010051169590643274 0.01836622807017544
0 0.662920321637427 0.5587993421052632 0.010599415204678362 0.01918859649122807
0 0.3779239766081871 0.5563322368421052 0.010416666666666666 0.013157894736842105
0 0.6716008771929824 0.5586622807017544 0.006761695906432748 0.01781798245614035
0 0.5868969298245614 0.5603070175438596 0.007675438596491228 0.02055921052631579
0 0.3568165204678363 0.5585252192982456 0.012792397660818713 0.01425438596491228
0 0.36896929824561403 0.5598958333333334 0.00932017543859649 0.01699561403508772
0 0.6510416666666666 0.5581140350877193 0.0062134502923976605 0.01343201754385965
0 0.3913559941520468 0.5575657894736842 0.015716374269005847 0.011787280701754386
0 0.46235380116959063 0.5612664473684211 0.01516812865497076 0.01864035087719298
0 0.5082236842105263 0.5589364035087719 0.00712719298245614 0.014528508771929825
0 0.5646016081871345 0.5614035087719299 0.00804093567251462 0.018914473684210526
0 0.6226809210526316 0.5618146929824561 0.007971491228070155 0.020285087719298246
0 0.6843932748538012 0.5622258771929824 0.010782163742690058 0.02055921052631579
0 0.6292260599415205 0.5628083881578948 0.011193347953216375 0.020627741228070175
0 0.4473684210526316 0.561266447368421 0.008223684210526315 0.01644736842105263
0 0.278234649122807 0.5625 0.010599415204678362 0.01781798245614035
0 0.3028143274853801 0.5638706140350876 0.010051169590643274 0.0200109649122807
0 0.4917763157894737 0.5648300438596491 0.010416666666666666 0.022478070175438597
0 0.3099415204678363 0.5635964912280702 0.008589181286549707 0.01836622807017544
0 0.6039382309941521 0.5629111842105263 0.009046052631578948 0.018092105263157895
0 0.2725694444444444 0.5614035087719298 0.01023391812865497 0.013980263157894737
0 0.6381688596491228 0.5620888157894737 0.00875000000000002 0.017269736842105265
0 0.18192616959064328 0.5633223684210527 0.005847953216374269 0.016721491228070175
0 0.41346856725146197 0.5640076754385965 0.008406432748538011 0.018092105263157895
0 0.5243055555555556 0.5653782894736842 0.007492690058479532 0.019736842105263157
0 0.1896016081871345 0.564967105263158 0.008406432748538011 0.017269736842105265
0 0.29523026315789475 0.5648300438596492 0.010599415204678362 0.01699561403508772
0 0.2048611111111111 0.567297149122807 0.007858187134502924 0.02138157894736842
0 0.28810307017543857 0.5664747807017544 0.01023391812865497 0.019736842105263157
0 0.19773391812865498 0.5677083333333334 0.006761695906432748 0.019462719298245616
0 0.531889619883041 0.5675712719298245 0.006578947368421052 0.019736842105263157
0 0.7137244152046783 0.5679824561403509 0.01206140350877193 0.019462719298245616
0 0.3199926900584795 0.567297149122807 0.008223684210526315 0.01699561403508772
0 0.4679276315789474 0.5679824561403509 0.009502923976608187 0.01836622807017544
0 0.48081140350877194 0.5682565789473685 0.007858187134502924 0.018914473684210526
0 0.5172697368421052 0.5682565789473685 0.006578947368421052 0.01836622807017544
0 0.5397478070175439 0.5709978070175439 0.007309941520467836 0.023848684210526317
0 0.6447715643274854 0.5694380482456141 0.009755116959064348 0.020729166666666635
0 0.379203216374269 0.5683936403508772 0.006761695906432748 0.017543859649122806
0 0.39592470760233917 0.5638706140350878 0.015716374269005847 0.009046052631578948
0 0.423062865497076 0.5686677631578948 0.006761695906432748 0.018092105263157895
0 0.5820540935672515 0.5686677631578948 0.010782163742690058 0.018092105263157895
0 0.26078216374269003 0.5671600877192983 0.006030701754385965 0.013980263157894737
0 0.4963450292397661 0.5705866228070174 0.008954678362573099 0.019736842105263157
0 0.5716374269005848 0.5712719298245613 0.00932017543859649 0.021107456140350877
0 0.1669407894736842 0.5711348684210525 0.009868421052631578 0.019736842105263157
0 0.1747989766081871 0.5725054824561403 0.008771929824561403 0.022478070175438597
0 0.33497807017543857 0.5685307017543859 0.010051169590643274 0.015076754385964912
0 0.6913377192982456 0.5646929824561403 0.01114766081871345 0.007401315789473684
0 0.6982821637426901 0.5696271929824561 0.010416666666666666 0.016721491228070175
0 0.32556652046783624 0.5711348684210527 0.008406432748538011 0.01864035087719298
0 0.5027412280701754 0.5696271929824561 0.008954678362573099 0.01617324561403509
0 0.225968567251462 0.5736019736842105 0.01023391812865497 0.020833333333333332
0 0.21637426900584794 0.578125 0.01114766081871345 0.02055921052631579
0 0.5965826023391813 0.5720942982456141 0.006944444444444444 0.018914473684210526
0 0.2372076023391813 0.5720942982456141 0.006761695906432748 0.017269736842105265
0 0.23026315789473684 0.5859375 0.011513157894736841 0.015899122807017545
0 0.45230263157894735 0.572779605263158 0.007492690058479532 0.01918859649122807
0 0.362390350877193 0.5697642543859649 0.008223684210526315 0.01206140350877193
0 0.37161915204678364 0.5718201754385965 0.008406432748538011 0.015625
0 0.4271747076023392 0.5722313596491229 0.009137426900584795 0.01644736842105263
0 0.24753289473684212 0.5742872807017544 0.00804093567251462 0.019462719298245616
0 0.38925438596491224 0.5694901315789473 0.014437134502923976 0.009868421052631578
0 0.38459429824561403 0.5775767543859649 0.015350877192982455 0.009594298245614035
0 0.6620979532163743 0.5749725877192982 0.008954678362573099 0.020833333333333332
0 0.25484283625730997 0.5744243421052632 0.008406432748538011 0.01864035087719298
0 0.35389254385964913 0.5709978070175439 0.008771929824561403 0.011239035087719298
0 0.547514619883041 0.5757949561403508 0.009685672514619883 0.02138157894736842
0 0.7369334795321637 0.5766173245614035 0.008771929824561403 0.021929824561403508
0 0.3102156432748538 0.5753837719298246 0.010964912280701754 0.01781798245614035
0 0.7082419590643275 0.5749725877192983 0.006944444444444444 0.017543859649122806
0 0.433296783625731 0.576891447368421 0.006396198830409356 0.020285087719298246
0 0.4293676900584795 0.5819627192982456 0.004751461988304093 0.012883771929824562
0 0.6186038011695907 0.5777138157894737 0.01114766081871345 0.021929824561403508
0 0.5901864035087719 0.5768914473684211 0.006578947368421052 0.018092105263157895
0 0.6878654970760234 0.5753837719298246 0.01114766081871345 0.015625
0 0.20815058479532164 0.5773026315789473 0.012609649122807017 0.01781798245614035
0 0.2690972222222222 0.5773026315789473 0.008771929824561403 0.01781798245614035
0 0.2555738304093567 0.5916940789473684 0.0222953216374269 0.015350877192982455
0 0.27923976608187134 0.576343201754386 0.008954678362573099 0.01644736842105263
0 0.34256213450292394 0.5778508771929824 0.006578947368421052 0.01781798245614035
0 0.34402412280701755 0.590734649122807 0.012426900584795321 0.007949561403508772
0 0.4076206140350877 0.5759320175438596 0.009868421052631578 0.013980263157894737
0 0.4444444444444444 0.5782620614035088 0.00712719298245614 0.01918859649122807
0 0.5625 0.5782620614035088 0.008589181286549707 0.01918859649122807
0 0.22861842105263155 0.5794956140350876 0.010782163742690058 0.02055921052631579
0 0.3483187134502924 0.5783991228070176 0.005665204678362573 0.017269736842105265
0 0.356359649122807 0.5874451754385964 0.011513157894736841 0.014528508771929825
0 0.355171783625731 0.5966282894736843 0.00804093567251462 0.01864035087719298
0 0.43896198830409355 0.5753837719298246 0.004568713450292397 0.01069078947368421
0 0.4411549707602339 0.5869654605263158 0.008589181286549707 0.014391447368421052
0 0.8408260233918129 0.5778508771929824 0.015899122807017545 0.01617324561403509
0 0.5521747076023392 0.5803179824561404 0.011330409356725146 0.019462719298245616
0 0.6298428362573099 0.5753837719298246 0.013157894736842105 0.009594298245614035
0 0.6700475146198831 0.581140350877193 0.009868421052631578 0.021655701754385966
0 0.18603801169590642 0.5782620614035088 0.00712719298245614 0.01425438596491228
0 0.811266447368421 0.5848067434210527 0.013249269005847953 0.02734375
0 0.29422514619883045 0.5804550438596492 0.008589181286549707 0.017543859649122806
0 0.3015350877192982 0.5790844298245614 0.010051169590643274 0.014802631578947368
0 0.8568165204678363 0.582922149122807 0.010964912280701754 0.023026315789473683
0 0.325749269005848 0.5858004385964913 0.016812865497076022 0.027138157894736843
0 0.7302631578947368 0.5810032894736843 0.006030701754385965 0.017543859649122806
0 0.1345029239766082 0.5822368421052632 0.012244152046783625 0.021107456140350877
0 0.1471811038011696 0.5790501644736843 0.014208698830409356 0.015556469298245614
0 0.1789108187134503 0.5823739035087719 0.009685672514619883 0.01864035087719298
0 0.4590643274853801 0.5812774122807017 0.007858187134502924 0.017543859649122806
0 0.5136147660818713 0.5815515350877193 0.0062134502923976605 0.017543859649122806
0 0.6075018274853801 0.5822368421052632 0.014802631578947368 0.02124451754385965
0 0.7033077485380117 0.5838815789473684 0.008406432748538011 0.022203947368421052
0 0.26050804093567254 0.5794956140350876 0.013157894736842105 0.011787280701754386
0 0.41566154970760233 0.5788103070175439 0.008771929824561403 0.009868421052631578
0 0.5193713450292398 0.583470394736842 0.010051169590643274 0.019736842105263157
0 0.7449744152046783 0.5823739035087719 0.007309941520467836 0.01699561403508772
0 0.7637061403508771 0.5840186403508771 0.007492690058479532 0.020833333333333332
0 0.40350877192982454 0.5803179824561403 0.007858187134502924 0.012335526315789474
0 0.53609283625731 0.5841557017543859 0.008771929824561403 0.0200109649122807
0 0.8874269005847952 0.5837445175438597 0.012244152046783625 0.01918859649122807
0 0.23921783625730994 0.5827850877192983 0.008589181286549707 0.015076754385964912
0 0.23967470760233917 0.5908717105263158 0.013523391812865496 0.01699561403508772
0 0.48382675438596495 0.5834703947368421 0.008771929824561403 0.01699561403508772
0 0.6782711988304094 0.5882675438596492 0.011330409356725146 0.026041666666666668
0 0.722404970760234 0.5875822368421053 0.011513157894736841 0.02412280701754386
0 0.31387061403508776 0.5822368421052632 0.009137426900584795 0.012883771929824562
0 0.5752923976608187 0.5859375 0.008589181286549707 0.019736842105263157
0 0.7858187134502924 0.585389254385965 0.01114766081871345 0.01918859649122807
0 0.9095394736842106 0.5862116228070174 0.01114766081871345 0.019736842105263157
0 0.3642635233918129 0.5820997807017544 0.011787280701754386 0.010964912280701754
0 0.39327485380116955 0.5800438596491228 0.010051169590643274 0.006853070175438596
0 0.33534356725146197 0.584703947368421 0.006396198830409356 0.015076754385964912
0 0.3722587719298246 0.5873081140350876 0.008589181286549707 0.020285087719298246
0 0.4666483918128655 0.583470394736842 0.009868421052631578 0.012609649122807017
0 0.47596856725146197 0.5844298245614035 0.006944444444444444 0.015076754385964912
0 0.8675073099415205 0.5874451754385964 0.010051169590643274 0.0200109649122807
0 0.19033260233918128 0.5862116228070176 0.013523391812865496 0.01699561403508772
0 0.2078764619883041 0.5963541666666666 0.013157894736842105 0.008223684210526315
0 0.19220577485380116 0.5969024122807017 0.017635233918128657 0.00712719298245614
0 0.2880116959064328 0.5856633771929824 0.007858187134502924 0.01644736842105263
0 0.7576754385964912 0.5884046052631579 0.007858187134502924 0.02138157894736842
0 0.15423976608187134 0.5863486842105263 0.009685672514619883 0.016721491228070175
0 0.31679459064327486 0.5863486842105263 0.011330409356725146 0.016721491228070175
0 0.8234420687134504 0.5863486842105263 0.010462353801169591 0.01836622807017544
0 0.16182383040935672 0.5888157894736842 0.00804093567251462 0.02055921052631579
0 0.5007309941520468 0.584703947368421 0.010051169590643274 0.011787280701754386
0 0.7780519005847953 0.5886787280701754 0.0062134502923976605 0.019736842105263157
0 0.6885051169590644 0.5886787280701755 0.00804093567251462 0.017543859649122806
0 0.41968201754385964 0.5842927631578947 0.006944444444444444 0.007675438596491228
0 0.6431725146198831 0.5880619517543859 0.011673976608187154 0.015213815789473685
0 0.7481725146198831 0.5885416666666666 0.010416666666666666 0.015625
0 0.8524305555555556 0.5921052631578947 0.008406432748538011 0.023300438596491228
0 0.12413194444444445 0.5907689144736842 0.010599415204678362 0.021038925438596492
0 0.39939692982456143 0.5868969298245613 0.005482456140350877 0.011787280701754386
0 0.6049890350877193 0.5908717105263157 0.013157894736842105 0.019736842105263157
0 0.6969115497076024 0.5916940789473684 0.00804093567251462 0.02138157894736842
0 0.6920687134502924 0.599780701754386 0.008589181286549707 0.00849780701754386
0 0.6883223684210527 0.6081414473684211 0.007309941520467836 0.017543859649122806
0 0.1699561403508772 0.5896381578947368 0.007858187134502924 0.015625
0 0.3873355263157895 0.5908717105263158 0.017178362573099414 0.017543859649122806
0 0.4513888888888889 0.5919682017543859 0.008954678362573099 0.020285087719298246
0 0.42324561403508776 0.5908717105263158 0.009685672514619883 0.01644736842105263
0 0.5529970760233918 0.5938870614035088 0.00712719298245614 0.023026315789473683
0 0.563048245614035 0.5897752192982456 0.011878654970760233 0.013706140350877192
0 0.591374269005848 0.5930646929824561 0.01114766081871345 0.02138157894736842
0 0.37582236842105265 0.5930646929824561 0.012426900584795321 0.020285087719298246
0 0.6288377192982456 0.5911458333333334 0.008223684210526315 0.01644736842105263
0 0.7951388888888888 0.5936129385964912 0.007858187134502924 0.02138157894736842
0 0.8032483552631579 0.5962856359649124 0.008360745614035088 0.02617872807017544
0 0.8350694444444444 0.5929276315789475 0.008771929824561403 0.019462719298245616
0 0.28134137426900585 0.5900493421052632 0.012792397660818713 0.013157894736842105
0 0.26818347953216376 0.5900493421052632 0.013523391812865496 0.009868421052631578
0 0.5824195906432749 0.5944353070175439 0.00712719298245614 0.02138157894736842
0 0.7719298245614036 0.5940241228070176 0.008954678362573099 0.021107456140350877
0 0.8439327485380117 0.5948464912280702 0.008223684210526315 0.022203947368421052
0 0.10958059210526316 0.5929276315789475 0.009914108187134504 0.019462719298245616
0 0.3038194444444445 0.5934758771929824 0.012426900584795321 0.01836622807017544
0 0.7088815789473684 0.592516447368421 0.012609649122807017 0.01644736842105263
0 0.7066885964912281 0.6048519736842105 0.012975146198830409 0.013157894736842105
0 0.6987390350877193 0.6119791666666666 0.01608187134502924 0.015899122807017545
0 0.7047697368421052 0.6101973684210525 0.014619883040935672 0.012335526315789474
0 0.3272112573099415 0.5952576754385964 0.011330409356725146 0.020833333333333332
0 0.33479532163742687 0.5970394736842105 0.01516812865497076 0.00849780701754386
0 0.40807748538011696 0.5927905701754386 0.006030701754385965 0.015899122807017545
0 0.14608461257309943 0.5959429824561403 0.006807383040935673 0.022478070175438597
0 0.2185672514619883 0.5936129385964912 0.00932017543859649 0.01644736842105263
0 0.4149305555555555 0.5941611842105263 0.006578947368421052 0.018092105263157895
0 0.17863669590643275 0.5930646929824561 0.013888888888888888 0.01425438596491228
0 0.2004751461988304 0.5895010964912281 0.01663011695906433 0.00712719298245614
0 0.48894371345029236 0.5956688596491229 0.006578947368421052 0.01836622807017544
0 0.5304276315789473 0.594983552631579 0.01206140350877193 0.01699561403508772
0 0.5078581871345029 0.5951206140350878 0.00712719298245614 0.01617324561403509
0 0.363578216374269 0.5971765350877194 0.00804093567251462 0.01864035087719298
0 0.40323464912280704 0.5945723684210527 0.004751461988304093 0.014528508771929825
0 0.4947002923976608 0.5959429824561404 0.006396198830409356 0.016721491228070175
0 0.649579678362573 0.5951206140350878 0.012792397660818713 0.015625
0 0.6426352339181286 0.6108826754385964 0.006578947368421052 0.013157894736842105
0 0.13879751461988304 0.5978618421052632 0.00804093567251462 0.019462719298245616
0 0.13486842105263158 0.6196546052631579 0.010416666666666666 0.02850877192982456
0 0.2953216374269006 0.5966282894736842 0.005299707602339181 0.01699561403508772
0 0.4359466374269006 0.5940241228070174 0.006944444444444444 0.011787280701754386
0 0.43649488304093564 0.609375 0.005847953216374269 0.022203947368421052
0 0.5471491228070174 0.598547149122807 0.012244152046783625 0.01918859649122807
0 0.6218019005847953 0.5958059210526315 0.014619883040935672 0.014802631578947368
0 0.6221673976608186 0.6030701754385965 0.011695906432748537 0.00849780701754386
0 0.7819809941520468 0.5970394736842105 0.008589181286549707 0.017269736842105265
0 0.15615862573099415 0.5941611842105263 0.005482456140350877 0.009868421052631578
0 0.4258954678362573 0.5966282894736842 0.012426900584795321 0.01425438596491228
0 0.7393092105263158 0.5984100877192983 0.006578947368421052 0.018914473684210526
0 0.7480811403508771 0.5993695175438596 0.015350877192982455 0.012609649122807017
0 0.09955226608187134 0.5984100877192983 0.011239035087719298 0.01781798245614035
0 0.28042763157894735 0.5958059210526315 0.011695906432748537 0.01206140350877193
0 0.27092470760233917 0.6006030701754386 0.0062134502923976605 0.017269736842105265
0 0.2745796783625731 0.6059484649122807 0.006578947368421052 0.02138157894736842
0 0.3923611111111111 0.5977247807017544 0.005299707602339181 0.00932017543859649
0 0.7304459064327485 0.6010142543859649 0.010051169590643274 0.022478070175438597
0 0.46546052631578944 0.5936129385964912 0.014437134502923976 0.00712719298245614
0 0.6025219298245614 0.5978618421052632 0.007858187134502924 0.015076754385964912
0 0.5010051169590644 0.599780701754386 0.0062134502923976605 0.01836622807017544
0 0.5940241228070176 0.5979989035087719 0.00804093567251462 0.01425438596491228
0 0.5220211988304093 0.5989583333333334 0.0062134502923976605 0.015625
0 0.6583059210526315 0.5964555921052631 0.008271198830409396 0.01987390350877193
0 0.6534749634502924 0.5977590460526315 0.007286184210526295 0.011444627192982455
0 0.47989766081871343 0.5960800438596491 0.010416666666666666 0.00712719298245614
0 0.08651955409356725 0.6002261513157895 0.008108552631578949 0.013500548245614035
0 0.08031798245614034 0.6185238486842106 0.007675438596491228 0.02240953947368421
0 0.2299890350877193 0.6001918859649122 0.012426900584795321 0.01206140350877193
0 0.24744152046783624 0.5988212719298246 0.01516812865497076 0.009868421052631578
0 0.3462171052631579 0.6021107456140351 0.009502923976608187 0.01644736842105263
0 0.3944627192982456 0.6026589912280702 0.010964912280701754 0.01644736842105263
0 0.3953764619883041 0.6086896929824561 0.01206140350877193 0.017543859649122806
0 0.46290204678362573 0.6001918859649124 0.012975146198830409 0.010964912280701754
0 0.471125730994152 0.6044407894736842 0.006396198830409356 0.017269736842105265
0 0.08000913742690059 0.6029495614035087 0.006326754385964913 0.01593201754385962
0 0.11378380847953216 0.6045435855263157 0.011558845029239767 0.01733826754385965
0 0.1631030701754386 0.6036184210526316 0.00804093567251462 0.016721491228070175
0 0.29066154970760233 0.6047149122807018 0.00804093567251462 0.019462719298245616
0 0.44257127192982454 0.6059484649122807 0.006304824561403508 0.021929824561403508
0 0.44864766081871343 0.6032072368421053 0.006030701754385965 0.015350877192982455
0 0.6640168128654971 0.6016995614035088 0.013157894736842105 0.01343201754385965
0 0.31661184210526316 0.6007401315789475 0.009137426900584795 0.010416666666666666
0 0.38578216374269003 0.6056743421052632 0.006761695906432748 0.020285087719298246
0 0.7167397660818714 0.6049890350877194 0.010416666666666666 0.018914473684210526
0 0.7663559941520468 0.6062225877192982 0.007309941520467836 0.020833333333333332
0 0.1501279239766082 0.604577850877193 0.008406432748538011 0.01699561403508772
0 0.5628654970760234 0.6040296052631579 0.016264619883040937 0.015350877192982455
0 0.7867324561403509 0.6054002192982456 0.008589181286549707 0.018092105263157895
0 0.7933114035087719 0.6133497807017544 0.007858187134502924 0.01699561403508772
0 0.7841739766081872 0.619654605263158 0.010782163742690058 0.01699561403508772
0 0.8565423976608186 0.6040296052631579 0.012975146198830409 0.015350877192982455
0 0.09226425438596492 0.6025137061403508 0.007949561403508772 0.011288377192982412
0 0.09135142543859649 0.6191228070175439 0.006441885964912281 0.022171052631578977
0 0.3053728070175439 0.6058114035087719 0.0133406432748538 0.01781798245614035
0 0.5307931286549707 0.6036184210526315 0.015716374269005847 0.013980263157894737
0 0.5734649122807017 0.6062225877192983 0.008223684210526315 0.01918859649122807
0 0.8846856725146199 0.6074561403508771 0.00932017543859649 0.02055921052631579
0 0.17955043859649122 0.6022478070175439 0.013523391812865496 0.009046052631578948
0 0.3348866959064327 0.6028645833333334 0.01425438596491228 0.009457236842105263
0 0.3497807017543859 0.6086896929824561 0.010051169590643274 0.021929824561403508
0 0.4311038011695907 0.6073190789473685 0.004934210526315789 0.01864035087719298
0 0.8252010233918129 0.6078673245614035 0.009868421052631578 0.019736842105263157
0 0.8177997076023392 0.6121162280701754 0.01516812865497076 0.011787280701754386
0 0.16493055555555555 0.6089638157894737 0.013157894736842105 0.020285087719298246
0 0.24442616959064328 0.6032072368421053 0.015350877192982455 0.00932017543859649
0 0.3788377192982456 0.6080043859649124 0.00712719298245614 0.019462719298245616
0 0.5120614035087719 0.6088267543859649 0.00712719298245614 0.021107456140350877
0 0.7596856725146198 0.6074561403508772 0.006030701754385965 0.01781798245614035
0 0.20888157894736842 0.6117050438596492 0.02284356725146199 0.025767543859649123
0 0.45668859649122806 0.6038925438596492 0.007858187134502924 0.009594298245614035
0 0.46290204678362573 0.6059484649122807 0.00932017543859649 0.00932017543859649
0 0.631578947368421 0.6077905701754387 0.00712719298245614 0.017390350877192998
0 0.8749086257309941 0.6119791666666666 0.013157894736842105 0.024671052631578948
0 0.8668676900584795 0.6130756578947368 0.008771929824561403 0.023026315789473683
0 0.07056377923976609 0.6040638706140351 0.013020833333333334 0.009799890350877192
0 0.13002558479532164 0.6055715460526316 0.009777046783625731 0.014871162280701754
0 0.1555190058479532 0.6091008771929824 0.008954678362573099 0.01836622807017544
0 0.4777046783625731 0.6085526315789473 0.007858187134502924 0.01781798245614035
0 0.7990679824561404 0.6103344298245613 0.008406432748538011 0.020285087719298246
0 0.1400767543859649 0.6103344298245614 0.008771929824561403 0.01918859649122807
0 0.14199561403508773 0.6214364035087719 0.006030701754385965 0.021107456140350877
0 0.1873172514619883 0.6103344298245613 0.007492690058479532 0.019736842105263157
0 0.19403326023391815 0.6055372807017544 0.0066703216374269 0.010142543859649123
0 0.19791666666666666 0.6091008771929824 0.013706140350877192 0.016721491228070175
0 0.1871345029239766 0.6223958333333334 0.007858187134502924 0.01699561403508772
0 0.28042763157894735 0.6099232456140351 0.007309941520467836 0.01836622807017544
0 0.48528874269005845 0.6121162280701754 0.010599415204678362 0.02275219298245614
0 0.6372441520467836 0.6095120614035088 0.007492690058479532 0.018092105263157895
0 0.8401864035087719 0.6095120614035088 0.007309941520467836 0.017543859649122806
0 0.11967744883040936 0.6073876096491228 0.016858552631578948 0.01343201754385965
0 0.40908260233918126 0.6066337719298246 0.013888888888888888 0.009594298245614035
0 0.493421052631579 0.6129385964912281 0.005665204678362573 0.022203947368421052
0 0.6652960526315789 0.6086896929824561 0.012792397660818713 0.01425438596491228
0 0.674890350877193 0.6101973684210527 0.008223684210526315 0.017269736842105265
0 0.3084795321637427 0.6128015350877193 0.010416666666666666 0.020833333333333332
0 0.3019005847953216 0.6248629385964912 0.006396198830409356 0.01864035087719298
0 0.098250182748538 0.6104029605263158 0.006350511695906433 0.015213815789473685
0 0.22834429824561403 0.6085526315789473 0.011695906432748537 0.011787280701754386
0 0.42580409356725146 0.6107456140350878 0.005665204678362573 0.015625
0 0.286641081871345 0.6111567982456141 0.007309941520467836 0.015350877192982455
0 0.5050255847953217 0.6126644736842106 0.0062134502923976605 0.01836622807017544
0 0.5063048245614035 0.6324013157894737 0.006944444444444444 0.021655701754385966
0 0.650219298245614 0.610608552631579 0.012244152046783625 0.01425438596491228
0 0.6461988304093568 0.6229440789473685 0.009685672514619883 0.01644736842105263
0 0.7472587719298246 0.6152686403508772 0.01114766081871345 0.023574561403508772
0 0.8318713450292398 0.6117050438596492 0.010051169590643274 0.01644736842105263
0 0.10407529239766082 0.6122532894736842 0.007675438596491228 0.01644736842105263
0 0.1716922514619883 0.6107456140350876 0.005847953216374269 0.013980263157894737
0 0.16630116959064328 0.6158168859649122 0.006030701754385965 0.013157894736842105
0 0.361750730994152 0.6144462719298245 0.01023391812865497 0.02138157894736842
0 0.3555372807017544 0.6343201754385964 0.014985380116959063 0.02055921052631579
0 0.533077485380117 0.6126644736842105 0.010051169590643274 0.016721491228070175
0 0.08680555555555555 0.612390350877193 0.007492690058479532 0.015625
0 0.21408991228070176 0.6092379385964912 0.012426900584795321 0.009868421052631578
0 0.2067799707602339 0.6177357456140351 0.007309941520467836 0.01699561403508772
0 0.369608918128655 0.6149945175438596 0.009502923976608187 0.020833333333333332
0 0.5171783625730995 0.6163651315789473 0.009685672514619883 0.023574561403508772
0 0.5402960526315789 0.6126644736842105 0.012792397660818713 0.01617324561403509
0 0.17863669590643275 0.6125274122807017 0.009868421052631578 0.014802631578947368
0 0.17598684210526316 0.6212993421052632 0.00932017543859649 0.014802631578947368
0 0.5788559941520468 0.6104714912280702 0.01023391812865497 0.010142543859649123
0 0.5866228070175439 0.6115679824561403 0.014071637426900584 0.012883771929824562
0 0.6024305555555556 0.6097861842105263 0.015716374269005847 0.00932017543859649
0 0.892452485380117 0.6158168859649122 0.009868421052631578 0.02138157894736842
0 0.3130482456140351 0.6178728070175439 0.00932017543859649 0.024945175438596492
0 0.31834795321637427 0.6170504385964912 0.008589181286549707 0.021107456140350877
0 0.3262061403508772 0.6163651315789473 0.008223684210526315 0.021929824561403508
0 0.6825657894736842 0.6125274122807017 0.00712719298245614 0.013706140350877192
0 0.689236111111111 0.6269188596491229 0.006578947368421052 0.01781798245614035
0 0.7712902046783625 0.6144462719298246 0.0062134502923976605 0.017543859649122806
0 0.7780519005847953 0.6156798245614035 0.007675438596491228 0.02055921052631579
0 0.24150219298245612 0.6099232456140351 0.014619883040935672 0.007949561403508772
0 0.2959612573099415 0.6170504385964912 0.006944444444444444 0.021655701754385966
0 0.3333333333333333 0.6160910087719298 0.008223684210526315 0.020285087719298246
0 0.33936403508771934 0.6178728070175439 0.008954678362573099 0.023300438596491228
0 0.0512609649122807 0.6128015350877193 0.01608187134502924 0.012609649122807017
0 0.048245614035087724 0.6203399122807018 0.01425438596491228 0.011239035087719298
0 0.22441520467836257 0.6165021929824562 0.007858187134502924 0.019462719298245616
0 0.5642361111111112 0.6147203947368421 0.009502923976608187 0.015899122807017545
0 0.6209110014619883 0.616655701754386 0.012381213450292397 0.019769736842105232
0 0.7570358187134503 0.6167763157894737 0.012426900584795321 0.02055921052631579
0 0.7649506578947368 0.6255825109649122 0.008293128654970781 0.02007949561403509
0 0.07182017543859649 0.6111567982456141 0.005665204678362573 0.008223684210526315
0 0.42004751461988304 0.6165021929824561 0.009502923976608187 0.016721491228070175
0 0.7387609649122807 0.6181469298245613 0.007675438596491228 0.0200109649122807
0 0.7359283625730995 0.6233552631578947 0.00932017543859649 0.0200109649122807
0 0.8054641812865496 0.6180098684210525 0.01206140350877193 0.019736842105263157
0 0.07538377192982457 0.6192434210526315 0.007309941520467836 0.022203947368421052
0 0.25219298245614036 0.6162280701754386 0.006030701754385965 0.01617324561403509
0 0.25593932748538006 0.6304824561403509 0.009868421052631578 0.01617324561403509
0 0.45824195906432746 0.6186951754385965 0.007675438596491228 0.019462719298245616
0 0.4056103801169591 0.6129385964912281 0.013523391812865496 0.007401315789473684
0 0.4992690058479532 0.6204769736842105 0.007492690058479532 0.021929824561403508
0 0.5471491228070176 0.6163651315789473 0.013706140350877192 0.01425438596491228
0 0.5464181286549707 0.6252741228070176 0.012244152046783625 0.017269736842105265
0 0.06569809941520469 0.6197916666666667 0.0062134502923976605 0.019462719298245616
0 0.3527046783625731 0.6204769736842105 0.006761695906432748 0.02138157894736842
0 0.6658214546783626 0.6211622807017544 0.011193347953216375 0.022203947368421052
0 0.12280701754385964 0.6169133771929824 0.012609649122807017 0.012609649122807017
0 0.11723318713450293 0.6203399122807017 0.01206140350877193 0.011787280701754386
0 0.46408991228070173 0.6191063596491229 0.005847953216374269 0.017543859649122806
0 0.680281432748538 0.6189692982456141 0.008771929824561403 0.016721491228070175
0 0.85453216374269 0.6199287280701754 0.017361111111111112 0.01699561403508772
0 0.853389985380117 0.6258223684210527 0.01069078947368421 0.013980263157894737
0 0.6082785087719298 0.6174616228070176 0.015350877192982455 0.011513157894736841
0 0.6539656432748538 0.6219846491228069 0.007309941520467836 0.02055921052631579
0 0.21089181286549707 0.6245888157894737 0.010051169590643274 0.023574561403508772
0 0.24013157894736842 0.6232182017543859 0.010051169590643274 0.019736842105263157
0 0.23547149122807018 0.6263706140350876 0.007309941520467836 0.021107456140350877
0 0.5981359649122807 0.6208881578947368 0.008589181286549707 0.01617324561403509
0 0.10663377192982457 0.6241776315789473 0.00804093567251462 0.021107456140350877
0 0.4879385964912281 0.6195175438596491 0.005665204678362573 0.012883771929824562
0 0.7247807017543859 0.6200657894736842 0.012244152046783625 0.01343201754385965
0 0.7178015350877193 0.6212308114035088 0.015785818713450313 0.015899122807017545
0 0.14866593567251463 0.6208881578947368 0.006578947368421052 0.013980263157894737
0 0.4055190058479532 0.6230811403508772 0.007858187134502924 0.018914473684210526
0 0.47441520467836257 0.6233552631578948 0.014437134502923976 0.018914473684210526
0 0.24680190058479534 0.6244517543859649 0.008771929824561403 0.02055921052631579
0 0.7001443713450293 0.6219161184210527 0.013775584795321658 0.013569078947368422
0 0.6972085160818713 0.6258908991228069 0.013386330409356726 0.02124451754385965
0 0.21673976608187134 0.6234923245614035 0.00712719298245614 0.01644736842105263
0 0.23017178362573099 0.6214364035087718 0.00402046783625731 0.011787280701754386
0 0.4539473684210526 0.6256853070175438 0.00712719298245614 0.020833333333333332
0 0.06969572368421052 0.6242804276315789 0.006533260233918129 0.01651589912280702
0 0.09461805555555555 0.6265419407894738 0.009594298245614035 0.0229577850877193
0 0.41118421052631576 0.6260964912280701 0.007858187134502924 0.02055921052631579
0 0.5258589181286549 0.6276041666666666 0.007675438596491228 0.022478070175438597
0 0.6587171052631579 0.6239035087719298 0.004751461988304093 0.01617324561403509
0 0.8179824561403508 0.6229440789473684 0.0133406432748538 0.01425438596491228
0 0.5529970760233918 0.6270559210526315 0.008223684210526315 0.020833333333333332
0 0.5686220760233918 0.6284265350877193 0.00804093567251462 0.023574561403508772
0 0.577485380116959 0.6207510964912281 0.009685672514619883 0.008223684210526315
0 0.1922514619883041 0.6274671052631579 0.008954678362573099 0.021107456140350877
0 0.4281798245614035 0.6266447368421053 0.007492690058479532 0.019462719298245616
0 0.43210891812865493 0.6313048245614035 0.006578947368421052 0.0200109649122807
0 0.5936586257309941 0.6259594298245614 0.012426900584795321 0.018092105263157895
0 0.8469480994152047 0.6266447368421053 0.009502923976608187 0.019462719298245616
0 0.8861476608187134 0.626781798245614 0.008954678362573099 0.019736842105263157
0 0.08267086988304093 0.6277412280701754 0.014208698830409356 0.02055921052631579
0 0.7145577485380117 0.6256853070175439 0.013728070175438577 0.015350877192982455
0 0.5605811403508771 0.6303453947368421 0.007309941520467836 0.023574561403508772
0 0.6391739766081871 0.6239377741228069 0.017156432748538033 0.0161047149122807
0 0.8411915204678363 0.6285635964912281 0.008954678362573099 0.01836622807017544
0 0.8285818713450293 0.6251370614035088 0.015533625730994151 0.00932017543859649
0 0.8214546783625731 0.6343201754385964 0.010051169590643274 0.013980263157894737
0 0.9063413742690059 0.6289747807017544 0.008771929824561403 0.020833333333333332
0 0.9120979532163743 0.6410361842105263 0.010782163742690058 0.02138157894736842
0 0.9012244152046783 0.6469298245614035 0.007675438596491228 0.023300438596491228
0 0.9096308479532164 0.6474780701754387 0.009868421052631578 0.011239035087719298
0 0.9166666666666666 0.6591282894736842 0.008223684210526315 0.01425438596491228
0 0.9079861111111112 0.6607730263157895 0.011695906432748537 0.015899122807017545
0 0.5819627192982456 0.6276041666666666 0.01023391812865497 0.01644736842105263
0 0.6706186038011697 0.6253769188596492 0.010279605263157895 0.01322642543859649
0 0.9228801169590644 0.6252741228070176 0.01699561403508772 0.012335526315789474
0 0.038468567251461985 0.6231496710526315 0.009137426900584795 0.007675438596491228
0 0.16511330409356725 0.6321271929824561 0.010599415204678362 0.024945175438596492
0 0.09868421052631579 0.6325383771929824 0.009685672514619883 0.023574561403508772
0 0.3453033625730994 0.6306195175438597 0.008406432748538011 0.01918859649122807
0 0.7934027777777778 0.6270559210526315 0.015716374269005847 0.01206140350877193
0 0.7813413742690059 0.6366502192982456 0.011330409356725146 0.01918859649122807
0 0.7884685672514621 0.6380208333333333 0.011330409356725146 0.01425438596491228
0 0.05381944444444445 0.6311677631578947 0.008406432748538011 0.019736842105263157
0 0.44672880116959063 0.6321271929824561 0.008406432748538011 0.021107456140350877
0 0.6077302631578948 0.6256853070175439 0.009868421052631578 0.008223684210526315
0 0.3748172514619883 0.6267817982456141 0.017726608187134504 0.009868421052631578
0 0.7735745614035088 0.6337719298245614 0.00712719298245614 0.022203947368421052
0 0.12929459064327486 0.6334978070175438 0.00804093567251462 0.02055921052631579
0 0.19691154970760233 0.633360745614035 0.012792397660818713 0.020285087719298246
0 0.7108689692982456 0.6306195175438597 0.010736476608187134 0.015350877192982455
0 0.10836988304093567 0.6325383771929824 0.010051169590643274 0.01644736842105263
0 0.11494883040935673 0.6350054824561403 0.010051169590643274 0.021929824561403508
0 0.5371893274853801 0.6307565789473684 0.007309941520467836 0.01343201754385965
0 0.6170961257309941 0.6327275219298245 0.010325292397660819 0.016825657894736872
0 0.2944078947368421 0.6328125 0.007492690058479532 0.015899122807017545
0 0.39226973684210525 0.6343201754385965 0.010964912280701754 0.018914473684210526
0 0.8105811403508772 0.6337719298245614 0.010599415204678362 0.01836622807017544
0 0.8088450292397661 0.6408991228070176 0.01114766081871345 0.024945175438596492
0 0.8984831871345029 0.6299342105263158 0.006578947368421052 0.010142543859649123
0 0.8898026315789473 0.635827850877193 0.011878654970760233 0.014802631578947368
0 0.46482090643274854 0.6322642543859649 0.01023391812865497 0.013706140350877192
0 0.49552266081871343 0.6344572368421053 0.006944444444444444 0.017543859649122806
0 0.12335526315789473 0.635279605263158 0.006761695906432748 0.01918859649122807
0 0.4180372807017544 0.6350054824561404 0.011695906432748537 0.018092105263157895
0 0.8640350877192983 0.637609649122807 0.008589181286549707 0.023848684210526317
0 0.877375730994152 0.6469298245614035 0.014071637426900584 0.02823464912280702
0 0.8661366959064328 0.6467927631578947 0.010964912280701754 0.020833333333333332
0 0.04513888888888889 0.6332922149122807 0.012975146198830409 0.01493969298245614
0 0.4915021929824561 0.6376096491228069 0.01023391812865497 0.021107456140350877
0 0.15679824561403508 0.6359649122807018 0.009685672514619883 0.01836622807017544
0 0.1450109649122807 0.6374725877192982 0.012792397660818713 0.019736842105263157
0 0.2737573099415205 0.6389802631578947 0.012244152046783625 0.02275219298245614
0 0.6406597222222222 0.6361184210526315 0.010712719298245594 0.01805921052631582
0 0.6790021929824561 0.6332236842105263 0.01608187134502924 0.011239035087719298
0 0.6679459064327485 0.6417214912280702 0.00712719298245614 0.01781798245614035
0 0.731827485380117 0.6396313048245613 0.010621345029239747 0.024054276315789474
0 0.26800073099415206 0.6322642543859649 0.00804093567251462 0.008223684210526315
0 0.3346125730994152 0.6328125 0.015533625730994151 0.00932017543859649
0 0.7549342105263158 0.6380208333333333 0.014071637426900584 0.020285087719298246
0 0.03874269005847953 0.6339775219298245 0.012244152046783625 0.013706140350877192
0 0.7417763157894737 0.6369243421052632 0.012609649122807017 0.015350877192982455
0 0.4733187134502924 0.6367872807017544 0.009685672514619883 0.013980263157894737
0 0.5902777777777778 0.6380208333333334 0.012609649122807017 0.01644736842105263
0 0.6128472222222222 0.6389802631578948 0.01608187134502924 0.018914473684210526
0 0.8306834795321637 0.6374725877192983 0.013523391812865496 0.015350877192982455
0 0.878015350877193 0.6348684210526316 0.007309941520467836 0.01069078947368421
0 0.3728983918128655 0.6358963815789475 0.01864035087719298 0.010827850877192983
0 0.44216008771929827 0.638843201754386 0.005847953216374269 0.017543859649122806
0 0.7242324561403508 0.6374725877192983 0.004934210526315789 0.01425438596491228
0 0.48757309941520466 0.6408991228070174 0.010051169590643274 0.0200109649122807
0 0.18081871345029238 0.6354166666666666 0.01317982456140351 0.007949561403508772
0 0.635188230994152 0.6400849780701754 0.01457236842105259 0.019446271929824576
0 0.17098410087719298 0.6426466557017544 0.00735562865497076 0.021313048245614034
0 0.21975511695906433 0.6425438596491228 0.009502923976608187 0.021655701754385966
0 0.3800255847953216 0.6378837719298245 0.011695906432748537 0.012335526315789474
0 0.5729166666666666 0.6417214912280702 0.008223684210526315 0.018914473684210526
0 0.43740862573099415 0.6429550438596491 0.005847953216374269 0.020285087719298246
0 0.4608004385964912 0.6415844298245614 0.005847953216374269 0.01699561403508772
0 0.501827485380117 0.6451480263157895 0.00712719298245614 0.02412280701754386
0 0.5109649122807017 0.6441885964912281 0.00712719298245614 0.022203947368421052
0 0.6081186038011697 0.643469024122807 0.0190515350877193 0.020764802631578948
0 0.8557200292397661 0.6429550438596491 0.007675438596491228 0.020285087719298246
0 0.9526681286549707 0.6433662280701754 0.012975146198830409 0.0200109649122807
0 0.4239766081871345 0.6437774122807018 0.006396198830409356 0.01918859649122807
0 0.48044590643274854 0.6407620614035088 0.004568713450292397 0.013157894736842105
0 0.6530519005847953 0.6452850877192983 0.006944444444444444 0.022203947368421052
0 0.8331505847953217 0.6443256578947368 0.010416666666666666 0.019736842105263157
0 0.9612573099415205 0.6432291666666667 0.010051169590643274 0.01864035087719298
0 0.9711257309941521 0.6521381578947368 0.011513157894736841 0.021107456140350877
0 0.9669225146198831 0.6603618421052632 0.018092105263157895 0.018914473684210526
0 0.540296052631579 0.6441885964912282 0.00804093567251462 0.019462719298245616
0 0.7005665204678362 0.6436403508771931 0.011695906432748537 0.01781798245614035
0 0.7693713450292398 0.6437774122807018 0.01114766081871345 0.018092105263157895
0 0.6467470760233918 0.6466557017543859 0.004934210526315789 0.02275219298245614
0 0.6796418128654971 0.6452850877192982 0.012975146198830409 0.02055921052631579
0 0.7986111111111112 0.6408991228070176 0.016264619883040937 0.011239035087719298
0 0.7880116959064327 0.6489857456140351 0.01516812865497076 0.01425438596491228
0 0.8404605263157895 0.643640350877193 0.006761695906432748 0.017269736842105265
0 0.8412828947368421 0.6625548245614035 0.009137426900584795 0.0200109649122807
0 0.3171600877192982 0.6467927631578947 0.007309941520467836 0.021929824561403508
0 0.53421966374269 0.6445997807017544 0.006487573099415204 0.017543859649122806
0 0.5525402046783625 0.6433662280701754 0.013157894736842105 0.015076754385964912
0 0.7514619883040936 0.6463815789473684 0.008954678362573099 0.021107456140350877
0 0.2766812865497076 0.6451480263157895 0.008223684210526315 0.017543859649122806
0 0.8483187134502924 0.6441885964912281 0.008223684210526315 0.01617324561403509
0 0.2625182748538012 0.6428179824561403 0.013157894736842105 0.011787280701754386
0 0.3003472222222222 0.645422149122807 0.0062134502923976605 0.017543859649122806
0 0.36330409356725146 0.6450109649122807 0.008954678362573099 0.016721491228070175
0 0.39281798245614036 0.6461074561403509 0.010964912280701754 0.01781798245614035
0 0.5196454678362573 0.645422149122807 0.012426900584795321 0.01699561403508772
0 0.13486842105263158 0.6452850877192983 0.008589181286549707 0.015076754385964912
0 0.20915570175438597 0.6415844298245614 0.009868421052631578 0.008223684210526315
0 0.28134137426900585 0.6480263157894737 0.009502923976608187 0.021107456140350877
0 0.292671783625731 0.6456962719298246 0.008406432748538011 0.015899122807017545
0 0.28572733918128657 0.6530975877192983 0.009137426900584795 0.025767543859649123
0 0.6853070175438596 0.6447368421052632 0.012244152046783625 0.013980263157894737
0 0.6817434210526315 0.65625 0.006944444444444444 0.01069078947368421
0 0.7152777777777777 0.6483004385964912 0.011878654970760233 0.021655701754385966
0 0.7216739766081872 0.6474780701754386 0.01114766081871345 0.0200109649122807
0 0.8935489766081871 0.6480263157894737 0.00804093567251462 0.021655701754385966
0 0.1472953216374269 0.6470668859649124 0.00712719298245614 0.018092105263157895
0 0.4678362573099415 0.6485745614035088 0.007858187134502924 0.021655701754385966
0 0.6624634502923976 0.6502192982456141 0.011878654970760233 0.024396929824561403
0 0.19937865497076024 0.6451480263157895 0.006761695906432748 0.013706140350877192
0 0.2071454678362573 0.6504934210526315 0.008771929824561403 0.013843201754385965
0 0.20266812865497078 0.6538514254385964 0.007949561403508772 0.01274671052631579
0 0.3347039473684211 0.6502192982456141 0.008771929824561403 0.023848684210526317
0 0.25374634502923976 0.6496710526315789 0.006578947368421052 0.021655701754385966
0 0.9263523391812865 0.6521381578947368 0.020285087719298246 0.026589912280701754
0 0.24735014619883042 0.6480263157894737 0.005847953216374269 0.016721491228070175
0 0.3427448830409357 0.6495339912280702 0.009137426900584795 0.01918859649122807
0 0.4527595029239766 0.6517269736842105 0.007309941520467836 0.024671052631578948
0 0.6708698830409356 0.6485745614035088 0.007492690058479532 0.01781798245614035
0 0.1838450292397661 0.6497738486842105 0.008223684210526315 0.021450109649122806
0 0.31103801169590645 0.6503563596491228 0.008223684210526315 0.020285087719298246
0 0.7387152777777778 0.6511280153508773 0.007766812865497076 0.016411732456140322
0 0.8192616959064327 0.6491228070175439 0.007858187134502924 0.016721491228070175
0 0.3729897660818714 0.6481633771929824 0.009685672514619883 0.013157894736842105
0 0.37993421052631576 0.6499451754385965 0.010051169590643274 0.016721491228070175
0 0.5267269736842105 0.6502192982456141 0.008132309941520468 0.01781798245614035
0 0.5678910818713451 0.6537828947368421 0.007675438596491228 0.024945175438596492
0 0.6953581871345029 0.6456962719298246 0.009685672514619883 0.008771929824561403
0 0.689236111111111 0.6557017543859649 0.006944444444444444 0.022203947368421052
0 0.6976425438596492 0.6577576754385964 0.011695906432748537 0.020833333333333332
0 0.35508040935672514 0.6530975877192983 0.008954678362573099 0.021929824561403508
0 0.41602704678362573 0.6533717105263158 0.00804093567251462 0.023026315789473683
0 0.428453947368421 0.6511787280701755 0.005847953216374269 0.01864035087719298
0 0.7123538011695907 0.6524122807017544 0.010782163742690058 0.021655701754385966
0 0.19133771929824564 0.6520010964912282 0.006761695906432748 0.01918859649122807
0 0.23866959064327484 0.6462445175438597 0.012975146198830409 0.008223684210526315
0 0.22779605263157895 0.6524122807017543 0.009868421052631578 0.011787280701754386
0 0.43265716374269003 0.6514528508771931 0.0062134502923976605 0.01864035087719298
0 0.1712920321637427 0.654280427631579 0.015603070175438596 0.02361019736842108
0 0.45897295321637427 0.6528234649122807 0.005482456140350877 0.01918859649122807
0 0.596765350877193 0.6483004385964912 0.009868421052631578 0.010142543859649123
0 0.5595760233918129 0.6559758771929824 0.007492690058479532 0.02275219298245614
0 0.6285635964912281 0.6490885416666666 0.015350877192982455 0.010759320175438597
0 0.748344298245614 0.6533717105263157 0.012222222222222242 0.018980263157894677
0 0.8863304093567251 0.6541940789473685 0.008223684210526315 0.01918859649122807
0 0.4087171052631579 0.657483552631579 0.010964912280701754 0.023574561403508772
0 0.4461805555555556 0.6585800438596492 0.008771929824561403 0.02631578947368421
0 0.4424342105263158 0.665296052631579 0.008223684210526315 0.01617324561403509
0 0.47797880116959063 0.6559758771929824 0.007675438596491228 0.021107456140350877
0 0.5520833333333334 0.6541940789473685 0.00712719298245614 0.017543859649122806
0 0.5466922514619883 0.6600877192982456 0.006578947368421052 0.02823464912280702
0 0.8254751461988304 0.6569353070175439 0.007492690058479532 0.022478070175438597
0 0.3606542397660819 0.6543311403508772 0.005116959064327485 0.016721491228070175
0 0.2600511695906433 0.658031798245614 0.007858187134502924 0.022478070175438597
0 0.4868421052631579 0.6528234649122807 0.012609649122807017 0.010964912280701754
0 0.5906432748538012 0.6598135964912281 0.009685672514619883 0.023848684210526317
0 0.7988852339181287 0.653782894736842 0.01644736842105263 0.01343201754385965
0 0.13468567251461988 0.6583059210526315 0.0133406432748538 0.020285087719298246
0 0.3498720760233918 0.6584429824561403 0.008771929824561403 0.02055921052631579
0 0.5196454678362573 0.6561129385964912 0.009137426900584795 0.015350877192982455
0 0.733735380116959 0.6577576754385965 0.012609649122807017 0.01918859649122807
0 0.15981359649122806 0.6596422697368421 0.012792397660818713 0.021313048245614034
0 0.2383497807017544 0.6589912280701754 0.011421783625730994 0.0200109649122807
0 0.37216739766081874 0.6595394736842105 0.00804093567251462 0.021655701754385966
0 0.5370979532163742 0.6635142543859649 0.014802631578947368 0.027960526315789474
0 0.5329861111111112 0.6685855263157895 0.010964912280701754 0.02275219298245614
0 0.762609649122807 0.654468201754386 0.010416666666666666 0.010416666666666666
0 0.13916301169590642 0.6595394736842106 0.012792397660818713 0.018914473684210526
0 0.6561129385964912 0.6630345394736843 0.011787280701754386 0.025904605263157895
0 0.23243329678362573 0.6613555372807017 0.010827850877192983 0.02090186403508772
0 0.29258040935672514 0.6578947368421052 0.006030701754385965 0.014528508771929825
0 0.3065606725146199 0.6559758771929824 0.00804093567251462 0.01069078947368421
0 0.3929093567251462 0.6599506578947368 0.009685672514619883 0.01864035087719298
0 0.5059393274853801 0.6598135964912281 0.0062134502923976605 0.01836622807017544
0 0.5004568713450293 0.6641995614035088 0.01023391812865497 0.019462719298245616
0 0.49127375730994155 0.6639254385964912 0.007949561403508772 0.017269736842105265
0 0.6040752923976608 0.6599506578947368 0.00804093567251462 0.01864035087719298
0 0.5840643274853801 0.6581688596491228 0.00712719298245614 0.014528508771929825
0 0.5854349415204678 0.6737938596491229 0.007675438596491228 0.01836622807017544
0 0.1983735380116959 0.6598135964912281 0.009137426900584795 0.01617324561403509
0 0.8474049707602339 0.6606359649122807 0.008954678362573099 0.01836622807017544
0 0.4240679824561403 0.6620065789473684 0.01023391812865497 0.0200109649122807
0 0.6374725877192982 0.6620572916666666 0.011970029239766082 0.02114309210526319
0 0.15308662280701754 0.6641145833333333 0.009572368421052631 0.02401864035087716
0 0.22450657894736842 0.6603618421052632 0.006944444444444444 0.015076754385964912
0 0.5718201754385965 0.6647478070175439 0.010051169590643274 0.02275219298245614
0 0.4348501461988304 0.6617324561403509 0.011695906432748537 0.015625
0 0.11143092105263158 0.6603618421052632 0.01699561403508772 0.012472587719298246
0 0.265625 0.6631030701754386 0.006578947368421052 0.017269736842105265
0 0.3666849415204678 0.6620065789473685 0.0062134502923976605 0.015625
0 0.597953216374269 0.6647478070175438 0.008589181286549707 0.02055921052631579
0 0.7991136695906432 0.6621436403508771 0.013980263157894737 0.014802631578947368
0 0.7953216374269007 0.6799616228070176 0.00932017543859649 0.025767543859649123
0 0.8350694444444444 0.6648848684210525 0.012792397660818713 0.020833333333333332
0 0.21123446637426901 0.6604989035087719 0.01631030701754386 0.010964912280701754
0 0.2466191520467836 0.6603618421052632 0.009137426900584795 0.01069078947368421
0 0.23656798245614036 0.6717379385964912 0.01206140350877193 0.01644736842105263
0 0.30254020467836257 0.6613212719298245 0.01023391812865497 0.012609649122807017
0 0.5625 0.6626918859649122 0.004568713450292397 0.015350877192982455
0 0.6781798245614035 0.6637883771929824 0.006761695906432748 0.01699561403508772
0 0.680281432748538 0.6790021929824561 0.010599415204678362 0.02055921052631579
0 0.6276498538011696 0.6689967105263158 0.009137426900584795 0.025767543859649123
0 0.7736659356725146 0.6669407894736842 0.00804093567251462 0.021107456140350877
0 0.803545321637427 0.6650219298245614 0.010416666666666666 0.016721491228070175
0 0.484375 0.6644736842105263 0.009502923976608187 0.015076754385964912
0 0.6112938596491228 0.6674890350877193 0.00712719298245614 0.02055921052631579
0 0.8099415204678363 0.6696820175438597 0.008589181286549707 0.02549342105263158
0 0.29276315789473684 0.6698190789473685 0.010416666666666666 0.02412280701754386
0 0.6726059941520468 0.6702302631578948 0.007675438596491228 0.02549342105263158
0 0.81734283625731 0.6676260964912281 0.008406432748538011 0.020285087719298246
0 0.3198099415204679 0.6632401315789473 0.008954678362573099 0.009868421052631578
0 0.31451023391812866 0.6691337719298245 0.012609649122807017 0.01343201754385965
0 0.6858552631578947 0.665296052631579 0.006396198830409356 0.014528508771929825
0 0.7603252923976608 0.6632401315789475 0.013888888888888888 0.010416666666666666
0 0.8584612573099416 0.6722861842105262 0.010599415204678362 0.027960526315789474
0 0.6998355263157895 0.6674890350877193 0.01023391812865497 0.017269736842105265
0 0.24698464912280702 0.671875 0.01206140350877193 0.024945175438596492
0 0.27384868421052627 0.670641447368421 0.013888888888888888 0.022478070175438597
0 0.28572733918128657 0.6669407894736842 0.00804093567251462 0.015625
0 0.28362573099415206 0.6803728070175438 0.011513157894736841 0.02055921052631579
0 0.5254020467836257 0.6676260964912281 0.006761695906432748 0.01644736842105263
0 0.22256487573099415 0.6709498355263158 0.010736476608187134 0.02227247807017544
0 0.21916118421052633 0.6781112938596491 0.011787280701754386 0.021655701754385966
0 0.5088633040935673 0.6713267543859649 0.011695906432748537 0.02275219298245614
0 0.7695540935672515 0.6639254385964912 0.003837719298245614 0.007401315789473684
0 0.7660818713450293 0.6761239035087718 0.00712719298245614 0.019736842105263157
0 0.41758040935672514 0.670093201754386 0.008223684210526315 0.018092105263157895
0 0.32593201754385964 0.6706414473684211 0.013157894736842105 0.018092105263157895
0 0.5519005847953217 0.671326754385965 0.006396198830409356 0.019462719298245616
0 0.5561038011695907 0.6761239035087719 0.00932017543859649 0.015899122807017545
0 0.581140350877193 0.6710526315789475 0.006030701754385965 0.018914473684210526
0 0.5749269005847953 0.6739309210526315 0.007858187134502924 0.020833333333333332
0 0.7130847953216375 0.6662554824561404 0.01699561403508772 0.00932017543859649
0 0.17160087719298245 0.6733484100877194 0.010782163742690058 0.0229577850877193
0 0.21144005847953215 0.6725603070175438 0.010782163742690058 0.020833333333333332
0 0.5200109649122807 0.6728344298245613 0.00804093567251462 0.02138157894736842
0 0.6064510233918128 0.6714638157894737 0.005847953216374269 0.01864035087719298
0 0.6591054459064328 0.6755756578947368 0.011284722222222222 0.025219298245614034
0 0.19170321637426901 0.6733826754385965 0.009685672514619883 0.01918859649122807
0 0.3007127192982456 0.6757127192982456 0.0062134502923976605 0.023848684210526317
0 0.25109649122807015 0.674890350877193 0.010051169590643274 0.021655701754385966
0 0.6683114035087719 0.6750274122807017 0.006761695906432748 0.021929824561403508
0 0.7553910818713451 0.6742050438596491 0.00804093567251462 0.019736842105263157
0 0.8213633040935673 0.6729714912280702 0.00804093567251462 0.01617324561403509
0 0.8968384502923977 0.6737938596491229 0.01644736842105263 0.01617324561403509
0 0.20239400584795322 0.6742735745614035 0.012426900584795321 0.015487938596491228
0 0.7341922514619883 0.6780427631578947 0.00804093567251462 0.023574561403508772
0 0.7492690058479533 0.6781798245614035 0.010782163742690058 0.023848684210526317
0 0.7825292397660819 0.6780427631578947 0.009685672514619883 0.023574561403508772
0 0.1769919590643275 0.6768092105263157 0.008406432748538011 0.0200109649122807
0 0.7413194444444444 0.6780427631578947 0.006578947368421052 0.022478070175438597
0 0.18649488304093567 0.6763637609649122 0.006944444444444444 0.016927083333333332
0 0.2555738304093567 0.6816063596491229 0.008771929824561403 0.02631578947368421
0 0.31085526315789475 0.6755756578947368 0.014437134502923976 0.013706140350877192
0 0.7183845029239766 0.674342105263158 0.010782163742690058 0.011239035087719298
0 0.7593201754385964 0.6773574561403509 0.005299707602339181 0.017269736842105265
0 0.7760416666666666 0.6768092105263158 0.005116959064327485 0.01617324561403509
0 0.08835891812865497 0.6817434210526316 0.01425438596491228 0.02563048245614035
0 0.2952302631578947 0.6781798245614036 0.0062134502923976605 0.01781798245614035
0 0.32976973684210525 0.6772203947368421 0.012792397660818713 0.015350877192982455
0 0.6885051169590644 0.680921052631579 0.007675438596491228 0.023300438596491228
0 0.07341922514619884 0.6801329495614036 0.013980263157894737 0.020490679824561403
0 0.2362938596491228 0.6790021929824562 0.010416666666666666 0.018914473684210526
0 0.5110562865497076 0.680921052631579 0.009868421052631578 0.02275219298245614
0 0.8254751461988304 0.6784539473684211 0.008589181286549707 0.01781798245614035
0 0.18085252192982457 0.6801329495614036 0.006716008771929825 0.020490679824561403
0 0.6449195906432748 0.6776315789473684 0.012244152046783625 0.014528508771929825
0 0.6391630116959065 0.678453947368421 0.009868421052631578 0.01343201754385965
0 0.047217653508771926 0.6785745614035088 0.00918311403508772 0.01586622807017547
0 0.706140350877193 0.6807839912280701 0.004934210526315789 0.019736842105263157
0 0.7104349415204678 0.6813322368421052 0.005847953216374269 0.019736842105263157
0 0.8317799707602339 0.6792763157894737 0.010599415204678362 0.016721491228070175
0 0.6958150584795322 0.6829769736842105 0.007309941520467836 0.023026315789473683
0 0.07867324561403508 0.6810581140350878 0.013157894736842105 0.018092105263157895
0 0.7013888888888888 0.6822916666666666 0.004934210526315789 0.021107456140350877
0 0.8018092105263158 0.6832510964912281 0.0062134502923976605 0.021929824561403508
0 0.5933845029239766 0.6798245614035088 0.008954678362573099 0.013980263157894737
0 0.02311769005847953 0.6816063596491228 0.010599415204678362 0.015350877192982455
0 0.6145138888888888 0.6869517543859649 0.012975146198830409 0.026041666666666668
0 0.7185672514619883 0.6821546052631579 0.009685672514619883 0.013706140350877192
0 0.8429276315789473 0.6873629385964912 0.011695906432748537 0.020285087719298246
0 0.8381761695906433 0.6885964912280702 0.010964912280701754 0.01836622807017544
0 0.14975146198830408 0.6840049342105262 0.017931286549707603 0.012472587719298246
0 0.80765716374269 0.6888706140350876 0.008406432748538011 0.02055921052631579
0 0.7692799707602339 0.6875 0.010964912280701754 0.016721491228070175
0 0.7871893274853802 0.6869517543859649 0.009868421052631578 0.014528508771929825
0 0.2717470760233918 0.6944901315789473 0.00712719298245614 0.021929824561403508
0 0.8264802631578947 0.6951754385964912 0.01206140350877193 0.017269736842105265
0 0.934827302631579 0.6982593201754387 0.00918311403508772 0.02645285087719298
0 0.7471673976608187 0.7007949561403509 0.013888888888888888 0.01918859649122807
0 0.7991593567251463 0.7073739035087719 0.017361111111111112 0.024671052631578948
0 0.264437134502924 0.7312225877192983 0.007858187134502924 0.008223684210526315
0 0.07574926900584796 0.7442434210526315 0.009868421052631578 0.021107456140350877
0 0.313687865497076 0.745202850877193 0.006944444444444444 0.013706140350877192
0 0.4764254385964912 0.745202850877193 0.006030701754385965 0.01206140350877193
0 0.27092470760233917 0.7479440789473684 0.010599415204678362 0.014802631578947368
0 0.7288925438596492 0.7608963815789475 0.01023391812865497 0.018777412280701754
0 0.8834978070175439 0.7568530701754387 0.013888888888888888 0.01069078947368421
0 0.7729349415204678 0.7628837719298246 0.008406432748538011 0.009046052631578948
0 0.8838861476608187 0.7802905701754387 0.007629751461988304 0.010416666666666666
0 0.17539290935672514 0.7829290021929824 0.009777046783625731 0.012952302631578948
0 0.16248629385964913 0.7815241228070176 0.01631030701754386 0.007949561403508772
0 0.5984100877192983 0.8083881578947368 0.01023391812865497 0.017269736842105265
0 0.06063505116959064 0.6280057565789474 0.008543494152046784 0.021313048245614034
0 0.06082054093567252 0.6034169407894737 0.01989766081871345 0.009602521929824616
0 0.13873994883040935 0.6713829495614035 0.02021747076023392 0.027387609649122766
0 0.1436970029239766 0.672405427631579 0.010712719298245615 0.024498355263157866
0 0.6413559941520468 0.5227179276315789 0.010508040935672515 0.01651589912280702
0 0.6359073464912282 0.5794791666666667 0.011536915204678382 0.01805921052631582
0 0.6459110014619883 0.5805619517543859 0.014190423976608203 0.016573464912280712
0 0.6582949561403509 0.5844462719298246 0.015968567251462007 0.018399122807017512
0 0.6303993055555556 0.625296052631579 0.010948464912280674 0.019144736842105305
0 0.6243832236842105 0.6296765350877193 0.008908991228070175 0.023607456140350848
0 0.8845257675438597 0.7689144736842105 0.008177997076023392 0.013980263157894737
0 0.926375182748538 0.6404879385964912 0.017041301169590642 0.018777412280701754
0 0.9403956505847952 0.6504111842105263 0.012907529239766102 0.023607456140350973
0 0.9453125 0.6504591557017544 0.014163011695906433 0.02378015350877193
0 0.949892178362573 0.6499451754385964 0.012174707602339161 0.02206688596491228
0 0.260530884502924 0.6032072368421053 0.01585343567251462 0.015899122807017545
0 0.260485197368421 0.6131441885964912 0.01000548245614035 0.018229166666666668
0 0.26726973684210525 0.6106770833333334 0.007401315789473684 0.02549342105263158
