0 0.617125 0.27216666666666667 0.02225 0.02033333333333333
0 0.22175 0.37883333333333336 0.018 0.03233333333333333
0 0.349625 0.3933333333333333 0.02025 0.03266666666666666
0 0.5401250000000001 0.5011666666666666 0.02275 0.04033333333333333
0 0.228375 0.4175 0.03275 0.014333333333333333
0 0.684875 0.5688333333333333 0.02625 0.043
0 0.41025 0.42183333333333334 0.0215 0.021
0 0.35187500000000005 0.5473333333333332 0.03075 0.03933333333333333
0 0.058875 0.5341666666666666 0.04125 0.025
0 0.9319999999999999 0.4695 0.027 0.03766666666666667
0 0.49012500000000003 0.557 0.02175 0.048
0 0.892375 0.2901666666666667 0.02425 0.028333333333333332
0 0.48975 0.30083333333333334 0.013 0.024333333333333332
0 0.988625 0.528 0.02175 0.03333333333333333
0 0.188625 0.5338333333333334 0.02475 0.041666666666666664
0 0.046125 0.3785 0.02475 0.033666666666666664
0 0.889 0.614 0.034 0.03866666666666667
0 0.413125 0.5225 0.02075 0.036333333333333336
0 0.68125 0.5303333333333333 0.028 0.034666666666666665
0 0.7857500000000001 0.32133333333333336 0.0295 0.016666666666666666
0 0.757625 0.5456166666666666 0.03325 0.04343333333333332
0 0.875125 0.44566666666666666 0.02225 0.03266666666666666
0 0.692125 0.3191666666666667 0.01925 0.017666666666666667
0 0.155 0.5486666666666667 0.0155 0.037333333333333336
0 0.189125 0.38166666666666665 0.02775 0.028666666666666667
0 0.718125 0.512 0.02775 0.030666666666666665
0 0.7153462500000001 0.5490816666666666 0.024192499999999995 0.04483
0 0.370375 0.5441666666666666 0.02975 0.041
0 0.63275 0.4356666666666667 0.0185 0.036
0 0.9546250000000001 0.5746683333333333 0.02875 0.04999666666666667
0 0.7958750000000001 0.5523333333333333 0.03225 0.037333333333333336
0 0.667375 0.2643333333333333 0.01675 0.02266666666666667
0 0.595375 0.5778333333333333 0.02875 0.034333333333333334
0 0.228875 0.479 0.02625 0.034666666666666665
0 0.9660000000000001 0.49433333333333335 0.0215 0.04133333333333333
0 0.29362499999999997 0.4288333333333333 0.01925 0.03166666666666667
0 0.074375 0.3176666666666667 0.02425 0.014666666666666666
0 0.5774999999999999 0.455 0.017 0.032
0 0.146125 0.3008333333333333 0.02475 0.025666666666666667
0 0.27975 0.3566666666666667 0.0225 0.035333333333333335
0 0.050249999999999996 0.3171666666666667 0.026 0.013666666666666667
0 0.815125 0.3993333333333334 0.02325 0.03
0 0.51725 0.48483333333333334 0.015 0.033
0 0.55175 0.4075 0.025 0.033666666666666664
0 0.25325 0.475 0.025 0.02266666666666667
0 0.839375 0.37433333333333335 0.01725 0.03
0 0.5187499999999999 0.5213333333333333 0.0145 0.03866666666666667
0 0.212125 0.5325 0.02075 0.03833333333333333
0 0.127 0.44516666666666665 0.021 0.031
0 0.65175 0.5045 0.034 0.025
0 0.8296250000000001 0.2925 0.02675 0.026333333333333334
0 0.91925 0.6253333333333333 0.0245 0.04666666666666667
0 0.5865 0.5486666666666666 0.0185 0.048666666666666664
0 0.6767500000000001 0.509 0.0275 0.02666666666666667
0 0.36174999999999996 0.4705 0.0265 0.023666666666666666
0 0.744 0.5006666666666667 0.025 0.04466666666666667
0 0.910375 0.45216666666666666 0.02025 0.047
0 0.251375 0.4338333333333333 0.02875 0.033666666666666664
0 0.983 0.27599999999999997 0.026 0.028666666666666667
0 0.43825 0.3015 0.0155 0.025666666666666667
0 0.954125 0.5381666666666667 0.02075 0.03833333333333333
0 0.11537499999999999 0.5283333333333333 0.01875 0.038
0 0.961875 0.3566666666666667 0.02075 0.032
0 0.1025 0.5 0.0275 0.020666666666666667
0 0.302 0.37466666666666665 0.0145 0.034666666666666665
0 0.7611249999999999 0.5091666666666667 0.02375 0.04033333333333333
0 0.20025 0.43666666666666665 0.022 0.030666666666666665
0 0.19525 0.31333333333333335 0.0195 0.035333333333333335
0 0.607 0.5918333333333333 0.034 0.033
0 0.275375 0.48166666666666663 0.02525 0.023333333333333334
0 0.13875 0.47733333333333333 0.017 0.03266666666666666
0 0.8512500000000001 0.2871666666666667 0.016 0.022333333333333334
0 0.7008749999999999 0.5681666666666667 0.01775 0.035666666666666666
0 0.6022500000000001 0.4721666666666667 0.0155 0.035
0 0.7366250000000001 0.5403333333333333 0.03025 0.04066666666666666
0 0.039375 0.5245 0.02725 0.041
0 0.11537499999999999 0.44866666666666666 0.01875 0.03866666666666667
0 0.841 0.5358333333333333 0.0225 0.039
0 0.6134999999999999 0.26433333333333336 0.019 0.02
0 0.7993462499999999 0.29500666666666664 0.025692499999999997 0.028660000000000005
0 0.6669999999999999 0.5633333333333334 0.017 0.038
0 0.32425 0.4745 0.015 0.043666666666666666
0 0.159125 0.4275 0.02175 0.031
0 0.188375 0.569 0.02425 0.04933333333333333
0 0.731375 0.3883333333333333 0.02575 0.023333333333333334
0 0.102375 0.41500000000000004 0.01925 0.034
0 0.63075 0.5636666666666668 0.0305 0.03933333333333333
0 0.232125 0.38849999999999996 0.02375 0.03166666666666667
0 0.180125 0.29383333333333334 0.02025 0.027666666666666666
0 0.344625 0.49633333333333335 0.02225 0.019333333333333334
0 0.95375 0.618 0.02 0.048
0 0.783125 0.5 0.02325 0.037333333333333336
0 0.684 0.3025 0.0275 0.015
0 0.3135 0.3433333333333333 0.03 0.018
0 0.6036250000000001 0.5236666666666667 0.02275 0.028
0 0.5975 0.51 0.024 0.034666666666666665
0 0.9392499999999999 0.633 0.025 0.044
0 0.644 0.6101666666666666 0.036 0.035
0 0.7262500000000001 0.35633333333333334 0.0335 0.018
0 0.110875 0.315 0.02425 0.029333333333333333
0 0.33837500000000004 0.5351666666666667 0.02575 0.051
0 0.279625 0.29433333333333334 0.02625 0.02
0 0.95425 0.32316666666666666 0.028 0.01633333333333333
0 0.946 0.296 0.019 0.021333333333333333
0 0.421625 0.308 0.02775 0.015333333333333332
0 0.28625 0.5598333333333333 0.0195 0.04833333333333333
0 0.162125 0.3036666666666667 0.01975 0.028
0 0.21462499999999998 0.4405 0.01925 0.035666666666666666
0 0.6265000000000001 0.4741666666666667 0.0175 0.03233333333333333
0 0.09525 0.311 0.0275 0.016666666666666666
0 0.472375 0.425 0.02975 0.028
0 0.584125 0.48183333333333334 0.01825 0.03766666666666667
0 0.592875 0.4405 0.03425 0.023
0 0.39725 0.5586666666666668 0.025 0.037333333333333336
0 0.645625 0.592 0.02525 0.024666666666666667
0 0.27575 0.4071666666666667 0.0285 0.02033333333333333
0 0.331125 0.44083333333333335 0.01425 0.029
0 0.5743750000000001 0.5645 0.01825 0.049666666666666665
0 0.091375 0.44316666666666665 0.02675 0.026333333333333334
0 0.040125 0.44366666666666665 0.02075 0.028
0 0.437125 0.38816666666666666 0.02425 0.031
0 0.8524999999999999 0.2255 0.021 0.021666666666666667
0 0.15312499999999998 0.509 0.02325 0.04666666666666667
0 0.22875 0.5573333333333333 0.0225 0.04466666666666667
0 0.27649999999999997 0.46 0.0185 0.037333333333333336
0 0.874 0.48433333333333334 0.024 0.04
0 0.7442500000000001 0.31966666666666665 0.0315 0.020666666666666667
0 0.20584875 0.4692366666666667 0.03569749999999999 0.024859999999999976
0 0.38949999999999996 0.48 0.0225 0.02266666666666667
0 0.569875 0.487 0.01525 0.03866666666666667
0 0.8967499999999999 0.257 0.027 0.016
0 0.942875 0.5058333333333334 0.02875 0.026333333333333334
0 0.720375 0.6070000000000001 0.03475 0.019333333333333334
0 0.44762500000000005 0.45566666666666666 0.02475 0.034666666666666665
0 0.27125 0.30916666666666665 0.0255 0.013
0 0.674875 0.2336666666666667 0.01825 0.022
0 0.24525 0.30116666666666664 0.019 0.02033333333333333
0 0.97975 0.612 0.018 0.052
0 0.651375 0.5288333333333334 0.03325 0.01633333333333333
0 0.40918125 0.457345 0.032637499999999986 0.02602333333333331
0 0.5445 0.30016666666666664 0.0145 0.023666666666666666
0 0.05475 0.4495 0.0275 0.037
0 0.542375 0.32583333333333336 0.03025 0.015666666666666666
0 0.471125 0.5646666666666667 0.01525 0.038
0 0.724 0.25066666666666665 0.0265 0.017333333333333333
0 0.170875 0.499 0.01625 0.037333333333333336
0 0.80475 0.4245 0.0265 0.03166666666666667
0 0.749375 0.30233333333333334 0.01475 0.023333333333333334
0 0.478875 0.4695 0.01925 0.03166666666666667
0 0.853 0.5858333333333333 0.024 0.023666666666666666
0 0.614875 0.2921666666666667 0.01975 0.026333333333333334
0 0.095 0.4651666666666666 0.026 0.025666666666666667
0 0.28974999999999995 0.4568333333333333 0.0135 0.03966666666666667
0 0.16775 0.38766666666666666 0.02 0.03333333333333333
0 0.60375 0.41883333333333334 0.018 0.033666666666666664
0 0.8724999999999999 0.5158333333333333 0.027 0.023
0 0.826125 0.6478333333333333 0.03975 0.027
0 0.43325 0.5116666666666667 0.017 0.04066666666666666
0 0.772625 0.4848333333333333 0.02225 0.025666666666666667
0 0.825125 0.5613333333333334 0.04275 0.03133333333333333
0 0.932625 0.25416666666666665 0.02675 0.019
0 0.3405 0.36133333333333334 0.014 0.026
0 0.895875 0.52812 0.03175 0.03842666666666666
0 0.5712499999999999 0.26516666666666666 0.0125 0.021
0 0.05437499999999999 0.42866666666666664 0.02225 0.020666666666666667
0 0.011125 0.4428333333333333 0.02225 0.030333333333333334
0 0.652875 0.5635 0.01775 0.039
0 0.35475 0.42533333333333334 0.016 0.032
0 0.127125 0.2796666666666667 0.01825 0.02
0 0.77 0.34600000000000003 0.038 0.016666666666666666
0 0.212125 0.2776666666666667 0.01875 0.021333333333333333
0 0.5655 0.5746666666666667 0.0205 0.044
0 0.21350000000000002 0.28950000000000004 0.0275 0.021
0 0.7969999999999999 0.5951666666666667 0.021 0.03766666666666667
0 0.7 0.23916666666666667 0.0165 0.018333333333333333
0 0.46075 0.295 0.014 0.02666666666666667
0 0.24562499999999998 0.5108333333333333 0.02175 0.042333333333333334
0 0.399125 0.5243333333333333 0.01825 0.04066666666666666
0 0.187 0.512 0.032 0.025333333333333333
0 0.14225000000000002 0.4406666666666667 0.016 0.038
0 0.9728749999999999 0.5538333333333333 0.02375 0.05433333333333333
0 0.17500000000000002 0.46416666666666667 0.0235 0.034333333333333334
0 0.7695000000000001 0.5836666666666667 0.0195 0.034666666666666665
0 0.8815 0.246 0.019 0.021333333333333333
0 0.24625 0.5348333333333334 0.0155 0.04033333333333333
0 0.259625 0.5141666666666667 0.01825 0.043666666666666666
0 0.12187500000000001 0.3798333333333333 0.01675 0.028333333333333332
0 0.307 0.47966666666666663 0.027 0.03266666666666666
0 0.44849999999999995 0.29583333333333334 0.0105 0.02033333333333333
0 0.264375 0.5458333333333334 0.01675 0.05566666666666667
0 0.120625 0.2871666666666667 0.01875 0.015
0 0.86 0.49783333333333335 0.022 0.043
0 0.5303749999999999 0.5606666666666666 0.01975 0.04666666666666667
0 0.231375 0.29683333333333334 0.03425 0.02033333333333333
0 0.02275 0.44783333333333336 0.015 0.033
0 0.0195 0.312 0.018 0.019333333333333334
0 0.00825 0.5211666666666667 0.0165 0.044333333333333336
0 0.021 0.4731666666666667 0.034 0.015666666666666666
0 0.928275 0.33922166666666664 0.0165 0.024889999999999985
0 0.366875 0.3885 0.01625 0.028333333333333332
0 0.42075 0.44 0.0345 0.014666666666666666
0 0.686125 0.497 0.01775 0.024
0 0.72725 0.48316666666666663 0.0145 0.027666666666666666
0 0.907125 0.35933333333333334 0.03125 0.017333333333333333
0 0.13624999999999998 0.38799999999999996 0.0325 0.030666666666666665
0 0.344625 0.44766666666666666 0.01625 0.035333333333333335
0 0.9628749999999999 0.30200000000000005 0.01975 0.02266666666666667
0 0.865375 0.5438333333333334 0.02725 0.033666666666666664
0 0.9926250000000001 0.619 0.01425 0.04666666666666667
0 0.8222499999999999 0.6198333333333333 0.025 0.03966666666666667
0 0.40875 0.4673333333333334 0.0235 0.016666666666666666
0 0.009125 0.3695 0.01775 0.027
0 0.9189999999999999 0.2838333333333333 0.0225 0.013
0 0.7848750000000001 0.5671666666666667 0.02025 0.035666666666666666
0 0.9099999999999999 0.29566666666666663 0.017 0.027333333333333334
0 0.178 0.44499999999999995 0.0335 0.024666666666666667
0 0.925375 0.31283333333333335 0.02925 0.019
0 0.846625 0.2585 0.03325 0.014333333333333333
0 0.218875 0.47400000000000003 0.02875 0.028
0 0.31262500000000004 0.417 0.02875 0.016
0 0.46387500000000004 0.5965 0.03175 0.028333333333333332
0 0.077625 0.4761666666666666 0.02725 0.014333333333333333
0 0.6859999999999999 0.25133333333333335 0.021 0.016
0 0.989875 0.5901666666666666 0.01925 0.023
0 0.12025 0.4101666666666667 0.0185 0.027
0 0.023698749999999998 0.38171166666666667 0.024247499999999998 0.03332333333333327
0 0.0085125 0.39329166666666665 0.018125 0.03548999999999993
0 0.013949999999999999 0.41137 0.0255 0.030326666666666672
0 0.030573749999999997 0.41311999999999993 0.024247499999999998 0.035160000000000004
0 0.050760000000000007 0.405705 0.028625000000000008 0.031323333333333266
0 0.04619875 0.416535 0.0344975 0.032656666666666674
0 0.07076 0.40020666666666666 0.02137500000000001 0.03465999999999993
0 0.085385 0.384545 0.012625 0.015330000000000003
0 0.08357250000000001 0.4048716666666667 0.03225 0.03332333333333327
0 0.1048225 0.3892933333333333 0.018 0.024826666666666598
0 0.08844750000000001 0.41662 0.0175 0.027826666666666673
0 0.07244750000000001 0.43744666666666665 0.01750000000000001 0.04048666666666668
0 0.0755725 0.45560833333333334 0.021 0.034156666666666675
0 0.0589475 0.47335499999999997 0.016000000000000007 0.04032333333333334
0 0.005365 0.43006000000000005 0.011 0.02149333333333334
0 0.0039900000000000005 0.4884616666666666 0.00825 0.0416566666666666
0 0.017365000000000002 0.4859616666666667 0.025 0.013330000000000003
0 0.0273025 0.5043733333333333 0.014875000000000003 0.027826666666666597
0 0.041115000000000006 0.49945833333333334 0.0175 0.026989999999999934
0 0.144135 0.40398333333333336 0.03262499999999999 0.03466
0 0.12526 0.424395 0.024124999999999987 0.019830000000000004
0 0.148885 0.409565 0.024125 0.03682333333333334
0 0.180385 0.4050666666666667 0.026625 0.022826666666666672
0 0.20751 0.38023999999999997 0.019125 0.04382000000000001
0 0.19557249999999998 0.41648166666666664 0.02875 0.03699000000000001
0 0.1576975 0.44863833333333336 0.02425 0.03732333333333334
0 0.127135 0.47671833333333336 0.021874999999999985 0.03882333333333334
0 0.1525725 0.47963333333333336 0.02525 0.04232000000000001
0 0.1068225 0.4819666666666667 0.02725 0.024326666666666674
0 0.1010725 0.5366733333333333 0.02125 0.027326666666666673
0 0.10057250000000001 0.5273433333333333 0.03075 0.04832000000000001
0 0.13207249999999998 0.5150133333333333 0.017249999999999984 0.045653333333333344
0 0.13626 0.525845 0.016874999999999987 0.03765666666666668
0 0.1804475 0.499935 0.0185 0.03849000000000001
0 0.16557249999999998 0.5439216666666666 0.01525 0.03615666666666668
0 0.1799475 0.5355083333333333 0.022 0.03832333333333334
0 0.225635 0.4498066666666667 0.013875 0.026660000000000007
0 0.1874475 0.4646383333333333 0.0355 0.03499000000000001
0 0.26450999999999997 0.4363116666666667 0.040125 0.03032333333333334
0 0.25334249999999997 0.46047166666666667 0.033124999999999974 0.02199666666666667
0 0.27652999999999994 0.4404766666666667 0.0275 0.03199333333333334
0 0.2413425 0.49363 0.03237499999999997 0.028660000000000005
0 0.226905 0.51829 0.01775 0.044986666666666605
0 0.209905 0.5247883333333334 0.02725 0.047989999999999935
0 0.27878 0.5242883333333332 0.0195 0.030989999999999934
0 0.29296749999999994 0.5160416666666667 0.018125 0.03448999999999993
0 0.300905 0.5482816666666667 0.01525 0.032656666666666674
0 0.257385 0.3808266666666667 0.026875 0.03266000000000001
0 0.278385 0.3900733333333333 0.034125 0.02149333333333334
0 0.30369625 0.407985 0.038747500000000004 0.01499666666666667
0 0.32432125 0.3841583333333334 0.017997500000000003 0.03732333333333334
0 0.3341325 0.41448333333333337 0.018625 0.030660000000000007
0 0.31925875 0.42264833333333335 0.025872500000000003 0.023663333333333335
0 0.3375075 0.47530166666666673 0.016375 0.04632333333333334
0 0.30600999999999995 0.450475 0.027125 0.03865666666666667
0 0.30932125 0.46272 0.029747500000000003 0.04748666666666668
0 0.3275925 0.50943 0.037375 0.026826666666666672
0 0.36502999999999997 0.4575283333333333 0.0295 0.03665666666666668
0 0.3882175 0.37316166666666667 0.017375 0.03799000000000001
0 0.3822175 0.4451983333333333 0.038375 0.03299000000000001
0 0.42021625 0.39349 0.015122500000000002 0.03166000000000001
0 0.327405 0.5286766666666667 0.01375 0.04298666666666668
0 0.3633425 0.505265 0.020375 0.04415666666666668
0 0.38390499999999994 0.49976666666666664 0.02125 0.04482000000000001
0 0.40465499999999993 0.48668666666666666 0.0125 0.03399333333333334
0 0.4159662499999999 0.48068833333333333 0.016872500000000002 0.041323333333333344
0 0.4300275 0.4617783333333333 0.016 0.03949000000000001
0 0.4429025 0.46627499999999994 0.0185 0.03682333333333334
0 0.4227375 0.5299266666666667 0.01725 0.04915333333333335
0 0.38380000000000003 0.556835 0.024625 0.04632333333333334
0 0.4596525 0.4549733333333334 0.01875 0.04098666666666668
0 0.44777749999999994 0.49479666666666666 0.0205 0.04731999999999994
0 0.4580275 0.49454666666666663 0.0235 0.0474866666666666
0 0.46865249999999997 0.44864166666666666 0.01675 0.03665666666666668
0 0.492465 0.45447333333333334 0.029625 0.02199333333333334
0 0.5105275 0.46197166666666667 0.018000000000000058 0.04565666666666668
0 0.49202749999999995 0.48596500000000004 0.0215 0.041323333333333344
0 0.500965 0.47955000000000003 0.022625000000000058 0.036493333333333336
0 0.4655275 0.4983783333333333 0.02625 0.04248999999999993
0 0.4946525 0.520205 0.01475 0.03582333333333327
0 0.505715 0.5162083333333334 0.013625000000000057 0.03582333333333327
0 0.5133399999999999 0.5440316666666667 0.022125000000000058 0.03715666666666668
0 0.4685275 0.5253716666666667 0.022 0.03648999999999993
0 0.49082 0.613625 0.02825 0.05881666666666661
0 0.48657 0.3861316666666667 0.01375 0.03815666666666668
0 0.5015700000000001 0.395795 0.022250000000000058 0.04548999999999993
0 0.5860075 0.41104166666666664 0.021625 0.0386566666666666
0 0.55557 0.46352666666666664 0.015 0.04165333333333335
0 0.544695 0.46652499999999997 0.013 0.03832333333333334
0 0.53032 0.4634433333333333 0.018 0.04048666666666668
0 0.5270075 0.5026 0.023375 0.04348666666666668
0 0.55357 0.496185 0.01925 0.03199000000000001
0 0.5454650000000001 0.5255650000000001 0.015125 0.03665666666666668
0 0.5340275000000001 0.5346466666666667 0.02475 0.022826666666666672
0 0.5505275000000001 0.5533083333333334 0.01925 0.04349000000000001
0 0.5821525000000001 0.51057 0.01675 0.03132666666666667
0 0.6175275 0.48416000000000003 0.021 0.03749333333333334
0 0.6192775 0.5019883333333334 0.0265 0.028156666666666677
0 0.61109 0.5353966666666667 0.023875 0.03366000000000001
0 0.629715 0.5351466666666668 0.020625 0.04282000000000001
0 0.6456925 0.4555283333333333 0.02 0.03499000000000001
0 0.6464425 0.4780216666666667 0.02875 0.03732333333333334
0 0.66338 0.46685833333333326 0.027375 0.03499000000000001
0 0.6691925 0.48460333333333333 0.021 0.02949333333333334
0 0.6749425 0.470775 0.0185 0.035156666666666676
0 0.69513 0.47919 0.022375 0.04498666666666668
0 0.6984425 0.4388666666666666 0.024 0.04165333333333335
0 0.6446299999999999 0.5140966666666668 0.031375 0.016826666666666674
0 0.7113174999999999 0.4869366666666667 0.01725 0.047153333333333346
0 0.7166925 0.5747483333333333 0.018 0.03849000000000001
0 0.73438 0.580995 0.022875 0.043323333333333346
0 0.7453175000000001 0.5819116666666667 0.02025 0.04749000000000001
0 0.7550675 0.5799966666666666 0.01675 0.04398666666666668
0 0.738505 0.5148466666666667 0.026875 0.029660000000000006
0 0.77629625 0.54806 0.021372499999999947 0.029660000000000006
0 0.7306499999999999 0.44492166666666666 0.02375 0.03799000000000001
0 0.7598375 0.4657483333333334 0.021875 0.04032333333333334
0 0.7726500000000001 0.4539183333333333 0.02025 0.033990000000000006
0 0.7918375 0.44592 0.039125 0.02399333333333334
0 0.7925874999999999 0.47141333333333335 0.023375 0.02899333333333334
0 0.8182125 0.46124833333333337 0.021875 0.03832333333333334
0 0.8139 0.4912416666666667 0.04175 0.03665666666666668
0 0.8305875 0.491075 0.040375 0.033656666666666675
0 0.8382749999999999 0.49140833333333334 0.027 0.04099000000000001
0 0.8130875 0.5090716666666667 0.022375 0.03699000000000001
0 0.7958375 0.5082383333333333 0.018125 0.03699000000000001
0 0.855505 0.45077999999999996 0.024875 0.039820000000000015
0 0.89031625 0.46710833333333335 0.02574750000000006 0.043156666666666677
0 0.87050375 0.5697200000000001 0.03787250000000006 0.04865333333333335
0 0.8075675 0.6042116666666666 0.01925 0.03698999999999993
0 0.84288 0.6145416666666667 0.018125 0.039989999999999935
0 0.9237949999999999 0.5343416666666667 0.044125 0.03899000000000001
0 0.9212325 0.521595 0.04925 0.03882333333333334
0 0.9237949999999999 0.5482533333333334 0.036125 0.02982666666666667
0 0.9268575 0.5665816666666668 0.0325 0.034823333333333345
0 0.921545 0.5722466666666667 0.042875 0.05282000000000001
0 0.905045 0.57633 0.036375 0.05865333333333334
0 0.96994 0.5783283333333333 0.023 0.03999000000000001
0 0.9722525000000001 0.6211516666666667 0.022375 0.04599000000000001
0 0.991565 0.5672499999999999 0.01675 0.022160000000000006
0 0.9896275 0.5479216666666666 0.020625 0.018163333333333337
0 0.9752325 0.517235 0.02125 0.03799000000000001
0 0.9914824999999999 0.48424333333333336 0.01675 0.02932666666666667
0 0.9494825 0.4647483333333333 0.01825 0.03865666666666667
0 0.9787525 0.3871316666666667 0.026375 0.02849000000000001
0 0.9916900000000001 0.3708016666666667 0.0175 0.035156666666666676
0 0.99719 0.4061266666666667 0.00575 0.033493333333333264
0 0.9926275000000001 0.33423 0.015125 0.022660000000000007
0 0.9428150000000001 0.3604616666666666 0.01925 0.03548999999999993
0 0.9945225000000001 0.27087666666666665 0.0115 0.02349333333333334
0 0.96446125 0.24854666666666667 0.03362250000000006 0.026160000000000006
0 0.9580237500000001 0.257295 0.01999750000000006 0.03099000000000001
0 0.9445874999999999 0.25404666666666664 0.023375 0.02449333333333334
0 0.9624612499999999 0.27620666666666666 0.02337250000000006 0.02149333333333334
0 0.9397125000000001 0.27437500000000004 0.019875 0.030156666666666675
0 0.9238375 0.2784566666666667 0.026375 0.036326666666666674
0 0.94915 0.3158633333333334 0.02475 0.014160000000000006
0 0.8858575 0.29162000000000005 0.023 0.028326666666666674
0 0.8758575 0.29128666666666664 0.02125 0.02799333333333334
0 0.876795 0.31261333333333335 0.033125 0.02899333333333334
0 0.8609199999999999 0.286455 0.014875 0.033323333333333344
0 0.8414824999999999 0.28254 0.01325 0.02582666666666667
0 0.8429825 0.33543999999999996 0.01675 0.025326666666666636
0 0.824255 0.2728466666666667 0.022375 0.025660000000000006
0 0.8126924999999999 0.29367499999999996 0.021 0.03499000000000001
0 0.78738 0.25635166666666664 0.031625 0.020663333333333336
0 0.7789425 0.3029233333333333 0.017 0.028160000000000004
0 0.80788 0.32399999999999995 0.015875 0.03332666666666667
0 0.76461 0.3125583333333333 0.016 0.03132333333333331
0 0.7401924999999999 0.2768466666666667 0.021 0.026326666666666672
0 0.7044425 0.3029233333333333 0.024 0.022160000000000006
0 0.6849425 0.27318 0.03075 0.019660000000000007
0 0.6417474999999999 0.2705516666666667 0.01525 0.029156666666666674
0 0.49914499999999995 0.30617999999999995 0.015875 0.030993333333333338
0 0.5103949999999999 0.30743 0.018125 0.03216000000000001
0 0.19877250000000002 0.2852966666666667 0.015875 0.022326666666666672
0 0.15908625 0.28629666666666664 0.0457475 0.027660000000000007
0 0.11702500000000002 0.2957116666666667 0.029875 0.01449666666666667
0 0.08748249999999999 0.30190333333333336 0.033125 0.022993333333333338
0 0.07842 0.30007000000000006 0.037 0.024326666666666674
0 0.06567 0.30157000000000006 0.027 0.023326666666666673
0 0.1709275 0.637565 0.0205 0.035323333333333345
0 0.838335 0.7172733333333333 0.0355 0.03998666666666668
0 0.10786750000000002 0.43504166666666666 0.01425 0.03632333333333327
0 0.164745 0.9097783333333334 0.0525 0.06931666666666661
