0 0.753375 0.704 0.02225 0.043333333333333335
0 0.56275 0.7361666666666666 0.02 0.049
0 0.46499999999999997 0.48133333333333334 0.0195 0.03266666666666666
0 0.467125 0.7961666666666667 0.01925 0.041666666666666664
0 0.495125 0.5183333333333333 0.02625 0.036
0 0.63275 0.5441666666666667 0.0245 0.030333333333333334
0 0.852125 0.7328333333333333 0.02525 0.039
0 0.58875 0.7130000000000001 0.018 0.04133333333333333
0 0.790625 0.6956666666666668 0.02925 0.037333333333333336
0 0.63075 0.7796666666666667 0.0295 0.038
0 0.81825 0.7576666666666666 0.018 0.04666666666666667
0 0.359625 0.6043333333333333 0.03025 0.028666666666666667
0 0.551125 0.38 0.02125 0.03
0 0.32049999999999995 0.5431666666666666 0.0135 0.039
0 0.557125 0.5508333333333333 0.02475 0.024333333333333332
0 0.29187500000000005 0.49066666666666664 0.02175 0.025333333333333333
0 0.33187500000000003 0.5398333333333333 0.01475 0.037
0 0.367625 0.6495 0.02525 0.027
0 0.48574999999999996 0.6315 0.0145 0.036333333333333336
0 0.7048749999999999 0.7066666666666667 0.02175 0.034666666666666665
0 0.353875 0.8133333333333334 0.02625 0.042
0 0.322 0.45733333333333337 0.027 0.02266666666666667
0 0.205125 0.7888333333333334 0.01775 0.050333333333333334
0 0.47462499999999996 0.6991666666666666 0.02975 0.033
0 0.39875 0.6436666666666666 0.0335 0.034666666666666665
0 0.5249999999999999 0.4951666666666667 0.021 0.035
0 0.47587500000000005 0.48433333333333334 0.01575 0.034
0 0.5725 0.37966666666666665 0.024 0.024
0 0.6625 0.5805 0.0165 0.043666666666666666
0 0.27625 0.5201666666666667 0.0255 0.026333333333333334
0 0.47975 0.37683333333333335 0.026 0.025
0 0.250625 0.7715000000000001 0.02025 0.041666666666666664
0 0.26175 0.5671666666666666 0.024 0.029
0 0.7655 0.5040833333333333 0.0205 0.043833333333333335
0 0.7244999999999999 0.4346666666666667 0.021 0.024
0 0.41775 0.4445 0.023 0.017666666666666667
0 0.511875 0.4033333333333333 0.01575 0.03333333333333333
0 0.49 0.807 0.0275 0.02
0 0.29012499999999997 0.7875 0.01225 0.008333333333333333
0 0.7465 0.5108333333333334 0.022 0.035
0 0.316875 0.8111666666666666 0.02125 0.033
0 0.82425 0.7183333333333333 0.0255 0.04533333333333334
0 0.40025 0.8198333333333333 0.0235 0.01633333333333333
0 0.3825 0.7 0.0265 0.034666666666666665
0 0.70625 0.7689999999999999 0.026 0.043333333333333335
0 0.422625 0.5663333333333334 0.02125 0.022
0 0.220125 0.787 0.01875 0.048
0 0.334125 0.7575000000000001 0.02425 0.03766666666666667
0 0.069125 0.832 0.03875 0.026
0 0.145375 0.8119999999999999 0.02875 0.042666666666666665
0 0.234625 0.7766666666666666 0.01975 0.042666666666666665
0 0.7891250000000001 0.619 0.02225 0.03666666666666667
0 0.50925 0.7363333333333334 0.0235 0.048
0 0.55225 0.7663333333333333 0.0185 0.05
0 0.8195 0.5778333333333333 0.0155 0.039
0 0.5615 0.7803333333333333 0.018 0.04533333333333334
0 0.54175 0.6031666666666667 0.02 0.03766666666666667
0 0.066625 0.8506666666666667 0.04175 0.02666666666666667
0 0.50025 0.4065 0.0155 0.03233333333333333
0 0.577 0.7816666666666666 0.015 0.048666666666666664
0 0.662625 0.5418333333333333 0.01975 0.036333333333333336
0 0.6351249999999999 0.4965 0.01525 0.034333333333333334
0 0.30224999999999996 0.5115000000000001 0.0245 0.017666666666666667
0 0.515 0.6453333333333333 0.0165 0.034
0 0.513875 0.43566666666666665 0.01325 0.034666666666666665
0 0.475875 0.4161666666666667 0.02225 0.027
0 0.5553750000000001 0.6990000000000001 0.02075 0.044
0 0.5455 0.5005000000000001 0.0215 0.033666666666666664
0 0.759 0.47300000000000003 0.0205 0.034
0 0.362875 0.5455 0.01725 0.019
0 0.33825 0.45666666666666667 0.0185 0.03133333333333333
0 0.4765 0.7863333333333334 0.0285 0.03133333333333333
0 0.599 0.4906666666666667 0.018 0.03
0 0.576375 0.35983333333333334 0.02925 0.02033333333333333
0 0.83225 0.6705 0.026 0.042333333333333334
0 0.386625 0.4438333333333333 0.01575 0.028333333333333332
0 0.404125 0.7615 0.02125 0.045
0 0.8059999999999999 0.7468333333333333 0.0185 0.044333333333333336
0 0.758875 0.598 0.01475 0.03
0 0.45487500000000003 0.41933333333333334 0.01875 0.03266666666666666
0 0.714625 0.575 0.02925 0.018666666666666668
0 0.56275 0.5211666666666667 0.015 0.034333333333333334
0 0.61775 0.4185 0.0225 0.03166666666666667
0 0.663625 0.4825 0.01875 0.036333333333333336
0 0.692875 0.3875 0.02025 0.02033333333333333
0 0.6895 0.4595 0.011 0.027
0 0.693875 0.36183333333333334 0.01625 0.027
0 0.631125 0.6104999999999999 0.02025 0.037
0 0.51 0.5425 0.02 0.035666666666666666
0 0.5325000000000001 0.6103333333333333 0.0135 0.04466666666666667
0 0.894625 0.602 0.02525 0.03666666666666667
0 0.438 0.444 0.0145 0.034
0 0.499 0.629 0.0165 0.046
0 0.28387500000000004 0.5383333333333333 0.01575 0.028666666666666667
0 0.5517500000000001 0.4428333333333333 0.0195 0.027666666666666666
0 0.2635 0.7743333333333333 0.021 0.04533333333333334
0 0.571875 0.6603333333333333 0.01925 0.03866666666666667
0 0.7424999999999999 0.5776666666666667 0.0185 0.03666666666666667
0 0.711 0.38333333333333336 0.023 0.016666666666666666
0 0.2465 0.57 0.0365 0.024666666666666667
0 0.79475 0.5675 0.0225 0.043666666666666666
0 0.696375 0.5670000000000001 0.01375 0.026
0 0.45187499999999997 0.5741666666666666 0.01225 0.041
0 0.589375 0.7773333333333333 0.02525 0.03666666666666667
0 0.49574999999999997 0.6616666666666667 0.0265 0.023333333333333334
0 0.60725 0.7080000000000001 0.0265 0.03333333333333333
0 0.6081249999999999 0.5856666666666667 0.02575 0.029333333333333333
0 0.76575 0.6426666666666667 0.02 0.04
0 0.40025 0.44566666666666666 0.019 0.028
0 0.605125 0.4461666666666667 0.01225 0.039
0 0.5710000000000001 0.4095 0.0175 0.021666666666666667
0 0.3105 0.5451666666666667 0.0145 0.034333333333333334
0 0.655125 0.4141666666666667 0.01525 0.029
0 0.33825 0.5151666666666667 0.024 0.022333333333333334
0 0.36862500000000004 0.46349999999999997 0.01275 0.025666666666666667
0 0.76125 0.4346666666666667 0.018 0.016666666666666666
0 0.478375 0.6728333333333333 0.02975 0.021
0 0.6905 0.49516666666666664 0.018 0.024333333333333332
0 0.531875 0.73 0.01675 0.04733333333333333
0 0.38399999999999995 0.49983333333333335 0.0165 0.024333333333333332
0 0.605125 0.6221666666666666 0.01825 0.025666666666666667
0 0.63875 0.6706666666666666 0.018 0.03
0 0.659875 0.7041666666666666 0.02375 0.029
0 0.35387500000000005 0.4836666666666667 0.02375 0.020666666666666667
0 0.168375 0.794 0.01925 0.05266666666666667
0 0.431875 0.5376666666666667 0.01675 0.034
0 0.48964375 0.8222966666666667 0.031287500000000024 0.0314066666666666
0 0.72125 0.6618333333333334 0.0205 0.04033333333333333
0 0.4695 0.5026666666666667 0.0295 0.029333333333333333
0 0.54025 0.401 0.02 0.03133333333333333
0 0.451625 0.5265 0.01925 0.043
0 0.75525 0.6493333333333333 0.023 0.04466666666666667
0 0.279375 0.5053333333333333 0.02625 0.02
0 0.459625 0.5601666666666667 0.01375 0.03233333333333333
0 0.463625 0.44683333333333336 0.02825 0.015
0 0.7795 0.448 0.015 0.026
0 0.517875 0.6091666666666666 0.01675 0.041
0 0.8822500000000001 0.6259999999999999 0.0155 0.043333333333333335
0 0.322 0.48650000000000004 0.022 0.019666666666666666
0 0.7553749999999999 0.7394999999999999 0.03025 0.025
0 0.55514125 0.6148533333333334 0.026282500000000028 0.026960000000000036
0 0.474625 0.43616666666666665 0.02275 0.022333333333333334
0 0.670625 0.38416666666666666 0.01675 0.027666666666666666
0 0.752875 0.425 0.02725 0.019333333333333334
0 0.28275 0.7923333333333333 0.032 0.030666666666666665
0 0.26337499999999997 0.9471666666666667 0.01825 0.034333333333333334
0 0.3235 0.4698333333333333 0.0305 0.018333333333333333
0 0.723125 0.7048333333333333 0.01675 0.053
0 0.6613749999999999 0.39616666666666667 0.01575 0.034333333333333334
0 0.5675 0.5706666666666667 0.029 0.02666666666666667
0 0.70475 0.7256666666666667 0.0225 0.037333333333333336
0 0.605125 0.499 0.01675 0.024666666666666667
0 0.73325 0.4191666666666667 0.0145 0.033
0 0.407875 0.5161666666666667 0.02525 0.018333333333333333
0 0.576875 0.7026666666666667 0.01675 0.04466666666666667
0 0.5445 0.5773333333333334 0.0125 0.03866666666666667
0 0.523625 0.6915 0.02125 0.036333333333333336
0 0.3525 0.5371666666666667 0.0285 0.029666666666666668
0 0.705125 0.4021666666666667 0.02175 0.027
0 0.5875 0.39066666666666666 0.014 0.03
0 0.577875 0.6050000000000001 0.01825 0.025333333333333333
0 0.688125 0.7226666666666667 0.02075 0.04
0 0.47587500000000005 0.755 0.02075 0.042666666666666665
0 0.51425 0.5761666666666666 0.0215 0.031
0 0.5261250000000001 0.39 0.02025 0.03
0 0.367 0.5118333333333334 0.012 0.03166666666666667
0 0.7224999999999999 0.4086666666666667 0.015 0.029333333333333333
0 0.42424999999999996 0.45866666666666667 0.0195 0.02266666666666667
0 0.379875 0.4613333333333333 0.01875 0.017333333333333333
0 0.642 0.40449999999999997 0.022 0.025666666666666667
0 0.630125 0.518 0.01825 0.03266666666666666
0 0.46125 0.6895 0.021 0.039
0 0.7384999999999999 0.766 0.021 0.03333333333333333
0 0.6719999999999999 0.5325000000000001 0.017 0.04566666666666667
0 0.540375 0.7803333333333333 0.01675 0.052
0 0.5211250000000001 0.40166666666666667 0.01875 0.028
0 0.6044999999999999 0.5591666666666667 0.013 0.03233333333333333
0 0.6845 0.4716666666666666 0.0185 0.024666666666666667
0 0.6625000000000001 0.6715 0.0155 0.022333333333333334
0 0.852375 0.6388333333333334 0.02075 0.02033333333333333
0 0.532875 0.5686666666666667 0.01175 0.03933333333333333
0 0.588875 0.462 0.01925 0.032
0 0.44012500000000004 0.5703333333333334 0.01675 0.034666666666666665
0 0.413125 0.5816666666666667 0.01575 0.044
0 0.44999999999999996 0.4858333333333333 0.0115 0.03166666666666667
0 0.50925 0.7881666666666667 0.0215 0.030333333333333334
0 0.683875 0.5976666666666667 0.01525 0.03866666666666667
0 0.385125 0.4686666666666667 0.02325 0.018666666666666668
0 0.608 0.687 0.02 0.036
0 0.721 0.7556666666666667 0.016 0.048
0 0.6008749999999999 0.4103333333333333 0.01125 0.03
0 0.7128749999999999 0.7406666666666666 0.01975 0.04533333333333334
0 0.63975 0.44416666666666665 0.01 0.035666666666666666
0 0.5481250000000001 0.6676666666666666 0.01425 0.04466666666666667
0 0.66325 0.4351666666666667 0.02 0.011666666666666667
0 0.833 0.7689999999999999 0.015 0.04733333333333333
0 0.5986250000000001 0.475 0.00825 0.013333333333333334
0 0.365875 0.44133333333333336 0.01625 0.029333333333333333
0 0.18079874999999998 0.7939166666666667 0.022117499999999977 0.0505
0 0.19185875000000002 0.79675 0.012497499999999974 0.043166666666666666
0 0.27753750000000005 0.7809166666666667 0.03511500000000001 0.035833333333333335
0 0.3051075 0.7669999999999999 0.016245000000000006 0.04733333333333333
0 0.31616750000000005 0.7665 0.014120000000000004 0.052333333333333336
0 0.34090875 0.7753333333333333 0.01786749999999995 0.050666666666666665
0 0.32853750000000004 0.7851666666666667 0.016120000000000006 0.036333333333333336
0 0.3529675 0.7774166666666666 0.01824499999999995 0.05483333333333333
0 0.36629 0.7865833333333334 0.017620000000000004 0.0515
0 0.37191250000000003 0.7685833333333334 0.019370000000000005 0.05383333333333333
0 0.3854075 0.7757499999999999 0.019369999999999946 0.0615
0 0.39746625 0.7751666666666667 0.02099249999999995 0.03766666666666667
0 0.417165 0.7562500000000001 0.016120000000000006 0.0515
0 0.42953500000000006 0.7656666666666667 0.017120000000000003 0.05366666666666667
0 0.44290749999999995 0.7678333333333333 0.016119999999999947 0.04933333333333333
0 0.45491500000000007 0.788 0.014870000000000005 0.052
0 0.45935000000000004 0.7434999999999999 0.013745000000000004 0.051333333333333335
0 0.47053375000000003 0.738 0.012372500000000002 0.041
0 0.49240125 0.7548333333333334 0.020867500000000008 0.05266666666666667
0 0.50310625 0.7589166666666667 0.017492500000000008 0.0525
0 0.5182275000000001 0.76625 0.014995000000000005 0.034166666666666665
0 0.52791125 0.7650833333333333 0.013372499999999945 0.041833333333333333
0 0.5247875 0.7885833333333334 0.013870000000000004 0.035833333333333335
0 0.58267125 0.7500833333333333 0.027617500000000062 0.0275
0 0.6024774999999999 0.7294166666666667 0.03524000000000001 0.027833333333333335
0 0.6222212500000001 0.738 0.01899249999999995 0.04766666666666667
0 0.6045400000000001 0.7774166666666666 0.019370000000000005 0.042166666666666665
0 0.6047899999999999 0.7600833333333333 0.02861500000000001 0.0375
0 0.6111 0.7458333333333333 0.017995000000000004 0.03166666666666667
0 0.63934125 0.7594166666666667 0.01699249999999995 0.0455
0 0.6354675000000001 0.7238333333333333 0.018745000000000005 0.044333333333333336
0 0.6508375000000001 0.7659166666666667 0.022245000000000004 0.044833333333333336
0 0.65016625 0.7436666666666667 0.026117500000000064 0.04133333333333333
0 0.66541125 0.7407499999999999 0.022117500000000064 0.057166666666666664
0 0.67365875 0.7425 0.01786749999999995 0.046
0 0.6867800000000001 0.7505000000000001 0.017370000000000003 0.037333333333333336
0 0.6245424999999999 0.69625 0.016870000000000003 0.0495
0 0.6324774999999999 0.6862499999999999 0.015745000000000006 0.041166666666666664
0 0.647785 0.7079166666666667 0.015370000000000005 0.0435
0 0.6767825 0.7029166666666666 0.014120000000000004 0.0505
0 0.6635362499999999 0.6938333333333333 0.014372499999999946 0.028666666666666667
0 0.7385925000000001 0.7345 0.018995000000000005 0.04766666666666667
0 0.73916125 0.70875 0.021617500000000064 0.03916666666666667
0 0.321365 0.5891666666666667 0.015745000000000006 0.041666666666666664
0 0.34448125 0.5594166666666667 0.03923750000000001 0.020166666666666666
0 0.336735 0.5736666666666667 0.03174000000000001 0.01633333333333333
0 0.33017375000000004 0.5964166666666667 0.018867500000000006 0.0385
0 0.34217000000000003 0.6123333333333333 0.017120000000000003 0.04833333333333333
0 0.36353875 0.5609166666666666 0.022867500000000006 0.034833333333333334
0 0.34598125 0.5833333333333334 0.03448750000000001 0.019666666666666666
0 0.36897375000000004 0.5855 0.013997500000000003 0.042666666666666665
0 0.35891875 0.6181666666666666 0.025367500000000008 0.03666666666666667
0 0.37716250000000007 0.6354166666666666 0.017870000000000004 0.0485
0 0.299425 0.5431666666666666 0.015370000000000005 0.04133333333333333
0 0.30489875 0.5241666666666667 0.015432500000000005 0.013166666666666667
0 0.30004375 0.4781666666666667 0.022367500000000005 0.030333333333333334
0 0.31241500000000005 0.4956666666666667 0.018870000000000005 0.023
0 0.32153750000000003 0.51275 0.014870000000000005 0.0345
0 0.31261374999999997 0.5189583333333333 0.008872500000000002 0.014916666666666667
0 0.33345874999999997 0.4936666666666667 0.015432500000000005 0.03383333333333333
0 0.34558 0.497 0.012060000000000003 0.03133333333333333
0 0.35563875000000006 0.5040833333333333 0.013682500000000004 0.026333333333333334
0 0.352425 0.5221250000000001 0.015995000000000006 0.020583333333333332
0 0.35872375 0.46158333333333335 0.011247500000000002 0.0365
0 0.35353875 0.4315833333333333 0.02186750000000001 0.0265
0 0.34866500000000006 0.4524166666666667 0.013870000000000004 0.042166666666666665
0 0.37528125 0.43916666666666665 0.013622499999999945 0.03266666666666666
0 0.3744225 0.4957083333333333 0.013245000000000005 0.04041666666666666
0 0.368545 0.47691666666666666 0.013370000000000005 0.0145
0 0.39841000000000004 0.42000000000000004 0.018120000000000004 0.038
0 0.41196875 0.42591666666666667 0.01674249999999995 0.028833333333333332
0 0.4229025 0.42075 0.016870000000000003 0.0355
0 0.3896675 0.4895833333333333 0.015370000000000005 0.031166666666666665
0 0.39904 0.47641666666666665 0.015120000000000005 0.0315
0 0.40853625000000005 0.4708333333333333 0.014372500000000002 0.03266666666666666
0 0.41897 0.4935833333333334 0.012994999999999948 0.044833333333333336
0 0.427905 0.4979166666666667 0.012119999999999949 0.036166666666666666
0 0.403475 0.497 0.019245000000000005 0.026333333333333334
0 0.43971375 0.48841666666666667 0.013497500000000003 0.0365
0 0.4272175 0.5244166666666666 0.015744999999999947 0.03183333333333333
0 0.43683999999999995 0.5065833333333333 0.012245000000000004 0.03183333333333333
0 0.3809125 0.54175 0.014620000000000005 0.0445
0 0.3925325 0.5335833333333333 0.013619999999999948 0.04416666666666667
0 0.4034675 0.54175 0.014744999999999947 0.03716666666666667
0 0.41496374999999996 0.5415833333333333 0.018492500000000005 0.0325
0 0.3872225 0.56025 0.016745000000000003 0.0445
0 0.401655 0.5785 0.010619999999999947 0.04
0 0.37960000000000005 0.5903333333333334 0.012495000000000004 0.04133333333333333
0 0.39097000000000004 0.5912499999999999 0.015994999999999947 0.041166666666666664
0 0.401655 0.614 0.019119999999999946 0.041666666666666664
0 0.416775 0.6135833333333334 0.016870000000000003 0.0445
0 0.426335 0.5995833333333334 0.013495000000000005 0.04416666666666667
0 0.43891250000000004 0.6174166666666667 0.018120000000000004 0.057833333333333334
0 0.44840874999999997 0.61475 0.01786749999999995 0.0495
0 0.46265500000000004 0.5985833333333334 0.017619999999999948 0.04683333333333333
0 0.46140375 0.6418333333333333 0.02211749999999995 0.045
0 0.47258874999999995 0.60925 0.014247500000000001 0.04516666666666667
0 0.47739999999999994 0.6446666666666667 0.015620000000000005 0.035333333333333335
0 0.393855 0.69375 0.02974000000000001 0.029833333333333333
0 0.3901675 0.6741666666666667 0.03011500000000001 0.024333333333333332
0 0.43515875 0.67825 0.02561749999999995 0.036166666666666666
0 0.44046875 0.6985833333333333 0.02124249999999995 0.03916666666666667
0 0.44859124999999994 0.6719166666666667 0.011247500000000002 0.034166666666666665
0 0.46408625 0.6758333333333334 0.020742500000000007 0.03133333333333333
0 0.44261 0.40725 0.021995000000000004 0.04083333333333333
0 0.44835875 0.427 0.018992500000000006 0.028
0 0.44542250000000005 0.44525 0.014870000000000005 0.029166666666666667
0 0.4870325 0.40149999999999997 0.016119999999999947 0.024666666666666667
0 0.4975925 0.4295 0.024489999999999953 0.03166666666666667
0 0.49328125 0.4359166666666667 0.02636749999999995 0.028166666666666666
0 0.43302 0.4655416666666667 0.024805000000000008 0.019916666666666666
0 0.44685874999999997 0.4692083333333333 0.016992500000000008 0.020583333333333332
0 0.561115 0.4538333333333333 0.016245000000000006 0.03866666666666667
0 0.573235 0.4570833333333333 0.014995000000000005 0.041833333333333333
0 0.5932912499999999 0.4354166666666667 0.012372499999999946 0.041166666666666664
0 0.61615875 0.44616666666666666 0.012372500000000059 0.030666666666666665
0 0.6109725 0.42375 0.012745000000000005 0.019833333333333335
0 0.6290924999999999 0.44616666666666666 0.019745000000000006 0.03133333333333333
0 0.61659625 0.47025 0.01899249999999995 0.029833333333333333
0 0.59322875 0.48483333333333334 0.010997499999999945 0.028
0 0.57545625 0.4892916666666667 0.016432500000000006 0.02575
0 0.57229 0.51625 0.018870000000000005 0.03983333333333333
0 0.5875975 0.5188333333333334 0.014495000000000004 0.029333333333333333
0 0.5797137499999999 0.51457 0.011517499999999927 0.0285
0 0.54311125 0.5207499999999999 0.01699249999999995 0.03883333333333333
0 0.55060875 0.5398333333333334 0.019242500000000065 0.033666666666666664
0 0.60459125 0.517 0.02324249999999995 0.03233333333333333
0 0.62046125 0.49816666666666665 0.014497500000000059 0.03233333333333333
0 0.58028625 0.54725 0.027117500000000065 0.0235
0 0.6163375000000001 0.5268333333333334 0.015495000000000005 0.03
0 0.5884725 0.542 0.017245000000000003 0.03133333333333333
0 0.60290375 0.5384166666666667 0.02036749999999995 0.03183333333333333
0 0.52897125 0.52166 0.025532499999999913 0.039013333333333323
0 0.5275537499999999 0.5340833333333334 0.02786749999999995 0.035833333333333335
0 0.5612299999999999 0.48791666666666667 0.013995000000000004 0.03383333333333333
0 0.510685 0.5050833333333333 0.014870000000000005 0.03783333333333333
0 0.58316125 0.482 0.009622499999999945 0.03166666666666667
0 0.6220225 0.5506666666666666 0.02986500000000001 0.028333333333333332
0 0.5211025 0.5646666666666667 0.014745000000000005 0.044
0 0.4743275 0.5368333333333334 0.014745000000000005 0.04033333333333333
0 0.481325 0.5536666666666666 0.015745000000000006 0.046
0 0.49357249999999997 0.5441666666666667 0.015245000000000005 0.04633333333333333
0 0.49532 0.5821666666666667 0.015245000000000005 0.03966666666666667
0 0.46495624999999996 0.529 0.011997500000000003 0.030666666666666665
0 0.480355 0.5934166666666667 0.014245000000000004 0.0435
0 0.44424125 0.546 0.009247500000000002 0.018
0 0.46929625 0.5665833333333333 0.008372500000000001 0.0265
0 0.5069487500000001 0.6012916666666667 0.01719749999999999 0.051916666666666667
0 0.49168 0.6019166666666667 0.011495000000000005 0.0335
0 0.51854625 0.5967916666666666 0.013122499999999945 0.024083333333333335
0 0.48380000000000006 0.45791666666666664 0.02961500000000001 0.0155
0 0.50260625 0.45533333333333337 0.02649249999999995 0.016
0 0.5239112499999999 0.43283333333333335 0.015122499999999945 0.026
0 0.52203625 0.46208333333333335 0.021367500000000008 0.034833333333333334
0 0.5326575 0.47 0.016370000000000006 0.035333333333333335
0 0.54040625 0.43783333333333335 0.018867500000000065 0.035333333333333335
0 0.48811 0.4854166666666667 0.017245000000000003 0.034833333333333334
0 0.49029625 0.4761666666666666 0.023367500000000006 0.035666666666666666
0 0.5050425 0.48 0.017119999999999948 0.033666666666666664
0 0.54715375 0.47291666666666665 0.01636749999999995 0.03883333333333333
0 0.49792749999999997 0.3724166666666667 0.014620000000000005 0.035833333333333335
0 0.5124224999999999 0.37033333333333335 0.014619999999999947 0.029333333333333333
0 0.5489725 0.41175 0.012745000000000005 0.034833333333333334
0 0.5261674999999999 0.41791666666666666 0.012120000000000004 0.013833333333333333
0 0.5349775 0.42291666666666666 0.013995000000000004 0.019833333333333335
0 0.5596574999999999 0.4000833333333333 0.019620000000000005 0.0215
0 0.57821375 0.39466666666666667 0.014747499999999945 0.03166666666666667
0 0.5646662499999999 0.42741666666666667 0.020117500000000062 0.0285
0 0.58116 0.42925 0.013620000000000005 0.03383333333333333
0 0.5917824999999999 0.4096666666666667 0.016120000000000006 0.03
0 0.59928875 0.37958333333333333 0.01661749999999995 0.025166666666666667
0 0.59853875 0.36666666666666664 0.02236749999999995 0.024666666666666667
0 0.61416 0.36791666666666667 0.013620000000000005 0.026833333333333334
0 0.6277175 0.3765 0.018745000000000005 0.028666666666666667
0 0.6246562499999999 0.38816666666666666 0.020617500000000063 0.026333333333333334
0 0.6422125 0.37333333333333335 0.017245000000000003 0.030333333333333334
0 0.6184075000000001 0.39691666666666664 0.02611500000000001 0.0285
0 0.6440875 0.37875000000000003 0.018995000000000005 0.03183333333333333
0 0.682535 0.36816666666666664 0.015870000000000006 0.03166666666666667
0 0.65922875 0.36275 0.019492500000000065 0.03216666666666667
0 0.68965625 0.39616666666666667 0.022617500000000065 0.017666666666666667
0 0.71502375 0.4084166666666667 0.01761749999999995 0.026833333333333334
0 0.72270875 0.3939166666666667 0.009497499999999945 0.008833333333333334
0 0.67997125 0.4046666666666666 0.02249249999999995 0.020666666666666667
0 0.67728875 0.4150833333333333 0.02161749999999995 0.017166666666666667
0 0.6965325 0.419 0.013370000000000005 0.016
0 0.6757887499999999 0.4265 0.02361749999999995 0.027
0 0.6948449999999999 0.4281666666666667 0.015995000000000006 0.017666666666666667
0 0.7154625 0.4315 0.016495000000000006 0.017
0 0.6784125 0.4465 0.021120000000000003 0.014333333333333333
0 0.65923125 0.42233333333333334 0.01649249999999995 0.021666666666666667
0 0.649485 0.44475 0.013495000000000005 0.03783333333333333
0 0.69821875 0.45808333333333334 0.014497499999999946 0.027166666666666665
0 0.6997800000000001 0.47975 0.012370000000000004 0.019833333333333335
0 0.7082775 0.43933333333333335 0.014620000000000005 0.02266666666666667
0 0.6610437499999999 0.45625 0.02586749999999995 0.0305
0 0.63605 0.4694166666666667 0.03111500000000001 0.019833333333333335
0 0.6249287499999999 0.47883333333333333 0.02386749999999995 0.018
0 0.6473599999999999 0.49583333333333335 0.019495000000000005 0.037333333333333336
0 0.6683525 0.4663333333333333 0.015495000000000005 0.017333333333333333
0 0.7133375000000001 0.46158333333333335 0.015495000000000005 0.030166666666666668
0 0.72346 0.4676666666666667 0.014495000000000004 0.035333333333333335
0 0.71065125 0.4835 0.024867500000000063 0.019333333333333334
0 0.6763499999999999 0.48616666666666664 0.017745000000000004 0.02666666666666667
0 0.64284375 0.5316666666666667 0.011747499999999945 0.036
0 0.654965 0.5478333333333333 0.019995000000000006 0.035
0 0.61760125 0.5743333333333334 0.01974249999999995 0.038
0 0.67633375 0.5065 0.040237499999999954 0.023666666666666666
0 0.715945 0.5153333333333333 0.040485000000000014 0.02
0 0.686455 0.5425 0.02699000000000001 0.03966666666666667
0 0.71269625 0.5438333333333334 0.01899249999999995 0.03166666666666667
0 0.7260675 0.5401666666666667 0.03274000000000001 0.03166666666666667
0 0.69132875 0.533 0.026742500000000065 0.028
0 0.69932625 0.5951666666666666 0.02524249999999995 0.03233333333333333
0 0.7064487500000001 0.5585 0.019992500000000062 0.019666666666666666
0 0.63722 0.5715 0.03549000000000001 0.025
0 0.7329074999999999 0.4713333333333334 0.014120000000000004 0.048
0 0.7747700000000001 0.4975833333333333 0.016620000000000003 0.042166666666666665
0 0.79845 0.4646666666666667 0.03074000000000001 0.019
0 0.7600874999999999 0.5315 0.02999000000000001 0.019
0 0.75865 0.5649166666666667 0.015870000000000006 0.035833333333333335
0 0.73953 0.6031666666666667 0.016620000000000003 0.04766666666666667
0 0.7187250000000001 0.5916666666666667 0.03074000000000001 0.02033333333333333
0 0.64706 0.65225 0.014870000000000005 0.043833333333333335
0 0.502485 0.6726666666666667 0.019494999999999946 0.029666666666666668
0 0.5136700000000001 0.6831666666666667 0.017870000000000004 0.04466666666666667
0 0.5357725 0.6415000000000001 0.03517500000000007 0.019833333333333335
0 0.56541875 0.6349166666666666 0.02699249999999995 0.023166666666666665
0 0.5297737499999999 0.6629166666666666 0.023932500000000006 0.025
0 0.5641412499999999 0.6670416666666666 0.020557500000000003 0.03775
0 0.5559425000000001 0.58425 0.014995000000000005 0.044333333333333336
0 0.5700099999999999 0.5953333333333334 0.02924000000000001 0.028
0 0.57807 0.6263333333333334 0.014120000000000004 0.029333333333333333
0 0.5869425 0.6175833333333333 0.018370000000000004 0.04516666666666667
0 0.6001875 0.6054999999999999 0.013619999999999891 0.043333333333333335
0 0.591195 0.64525 0.03286500000000001 0.0245
0 0.592195 0.6671666666666667 0.02861500000000001 0.03866666666666667
0 0.61325125 0.6398333333333334 0.014747499999999945 0.036333333333333336
0 0.5998175 0.6748333333333334 0.02886500000000001 0.037333333333333336
0 0.623935 0.6515 0.019370000000000005 0.048666666666666664
0 0.5220125 0.7191666666666667 0.019745000000000006 0.035666666666666666
0 0.5404450000000001 0.6950833333333333 0.015870000000000006 0.0485
0 0.5451612500000002 0.7381249999999999 0.019182500000000005 0.03575
0 0.63528625 0.6345416666666667 0.015307500000000005 0.04275
0 0.65621875 0.6366666666666666 0.03105250000000001 0.029166666666666667
0 0.6570037500000001 0.6579166666666667 0.010747500000000059 0.022
0 0.67099875 0.6638333333333333 0.01786749999999995 0.028666666666666667
0 0.69972 0.6745416666666667 0.02242999999999995 0.03925
0 0.6854762499999999 0.6783750000000001 0.016307500000000006 0.03908333333333333
0 0.61148 0.6082916666666667 0.008559999999999946 0.01525
0 0.6233512499999999 0.604375 0.016307500000000006 0.03125
0 0.6454449999999999 0.6045833333333334 0.016370000000000006 0.04566666666666667
0 0.65378625 0.6005833333333332 0.020182500000000006 0.043
0 0.6691250000000001 0.5976666666666667 0.01799499999999989 0.036333333333333336
0 0.6721975 0.6147499999999999 0.017120000000000003 0.043166666666666666
0 0.6873175 0.635 0.015870000000000006 0.049666666666666665
0 0.6755074999999999 0.64525 0.017745000000000004 0.03816666666666667
0 0.6975637499999999 0.6156666666666667 0.01661749999999995 0.033666666666666664
0 0.7086225 0.6478333333333334 0.017495000000000004 0.04633333333333333
0 0.6996875 0.65075 0.01586999999999989 0.0355
0 0.71312125 0.6224166666666666 0.01649249999999995 0.0445
0 0.7263662499999999 0.6259166666666667 0.02199249999999995 0.03983333333333333
0 0.7239125000000001 0.6134166666666666 0.023055000000000065 0.0385
0 0.7361975000000001 0.6305 0.014620000000000005 0.042333333333333334
0 0.74582 0.6501666666666667 0.011870000000000004 0.033
0 0.7523175000000001 0.6763333333333333 0.03011500000000001 0.023333333333333334
0 0.7744975 0.6723333333333333 0.016495000000000006 0.04
0 0.7318875 0.6699999999999999 0.017995000000000004 0.04133333333333333
0 0.7545975 0.6139583333333333 0.01817999999999995 0.03825
0 0.77315625 0.6320416666666666 0.02368249999999989 0.04425
0 0.7881525 0.640875 0.01992999999999995 0.05225
0 0.7705949999999999 0.5985 0.02055499999999995 0.0435
0 0.77563375 0.5819166666666666 0.01774249999999995 0.03916666666666667
0 0.79262875 0.5944166666666667 0.01974249999999995 0.04416666666666667
0 0.799875 0.5964166666666666 0.01574499999999989 0.029166666666666667
0 0.81199625 0.62275 0.02224249999999995 0.036166666666666666
0 0.809685 0.5853333333333334 0.014120000000000004 0.042333333333333334
0 0.8302412499999999 0.5735833333333333 0.01599249999999995 0.03883333333333333
0 0.834615 0.61025 0.019995000000000006 0.04716666666666667
0 0.82249375 0.6115833333333334 0.019992500000000062 0.0415
0 0.8166825 0.6203333333333333 0.016370000000000006 0.03266666666666666
0 0.8046975000000001 0.6507499999999999 0.017620000000000004 0.057166666666666664
0 0.8174425000000001 0.6549166666666667 0.017370000000000003 0.04583333333333333
0 0.83612375 0.6473333333333334 0.02674249999999995 0.04766666666666667
0 0.84269625 0.5905833333333333 0.01686749999999995 0.04616666666666667
0 0.8528175 0.57525 0.019620000000000005 0.0425
0 0.862065 0.5973333333333333 0.015620000000000005 0.028666666666666667
0 0.8733737500000001 0.59375 0.02299249999999995 0.04016666666666667
0 0.86775125 0.6172500000000001 0.02024249999999995 0.043833333333333335
0 0.8528800000000001 0.6143333333333333 0.018745000000000005 0.03266666666666666
0 0.89482375 0.6231666666666666 0.023117500000000065 0.048
0 0.89239125 0.8288333333333333 0.019742500000000062 0.039
0 0.7437524999999999 0.4746666666666667 0.014495000000000004 0.04633333333333333
0 0.7511875 0.4599166666666667 0.017119999999999892 0.036166666666666666
0 0.76593125 0.4464166666666667 0.023367500000000065 0.029833333333333333
0 0.73837875 0.44266666666666665 0.012247500000000059 0.021666666666666667
0 0.7769287500000001 0.47350000000000003 0.01686749999999995 0.034
0 0.78967375 0.48175 0.02261749999999995 0.03283333333333333
0 0.79786 0.47891666666666666 0.018995000000000005 0.025166666666666667
0 0.788425 0.45108333333333334 0.014370000000000004 0.0245
0 0.80904375 0.4539166666666667 0.02711749999999995 0.022833333333333334
0 0.75123125 0.4404783333333333 0.014902500000000032 0.014876666666666703
0 0.7421887500000001 0.41220833333333334 0.012122499999999946 0.026083333333333333
0 0.6998850000000001 0.44708333333333333 0.016745000000000003 0.024833333333333332
0 0.7124375 0.495875 0.02849000000000001 0.018416666666666668
0 0.72471375 0.5065416666666667 0.02692750000000001 0.01675
0 0.18513374999999999 0.9786666666666667 0.019242500000000006 0.028
0 0.6608787500000001 0.5050833333333333 0.013997500000000059 0.042166666666666665
0 0.59033 0.5722200000000001 0.0135 0.03382666666666667
0 0.57508 0.5628066666666667 0.02075 0.02399333333333334
0 0.1476475 0.8318916666666667 0.0325 0.039989999999999935
0 0.7018162499999999 0.371225 0.0228125 0.023330000000000004
0 0.6444212500000001 0.41295000000000004 0.0169375 0.02924000000000001
0 0.6318275 0.42796 0.011 0.034159999999999933
