0 0.09525 0.3773333333333333 0.01275 0.010333333333333333
0 0.11634375 0.38061999999999996 0.0141875 0.01624666666666667
0 0.147 0.391705 0.01775 0.01225666666666666
0 0.48128125000000005 0.41040666666666664 0.0099375 0.024160000000000004
0 0.17655125000000002 0.41008333333333336 0.0166875 0.015579999999999927
0 0.36265625 0.42469833333333334 0.0121875 0.016576666666666674
0 0.3005625 0.4273633333333333 0.012875 0.016413333333333335
0 0.4924375 0.42773500000000003 0.017125 0.01449666666666667
0 0.45759374999999997 0.44908166666666666 0.0136875 0.01840999999999993
0 0.23427 0.4667266666666667 0.02325 0.02099333333333334
0 0.2126975 0.469905 0.01710499999999999 0.02147666666666669
0 0.29514499999999994 0.4785983333333334 0.0155 0.03341000000000001
0 0.2827075 0.4769316666666667 0.011375 0.024910000000000005
0 0.380145 0.4757266666666667 0.013125 0.018660000000000006
0 0.3738325 0.47931 0.013 0.02449333333333334
0 0.3699575 0.48689166666666667 0.01425 0.028656666666666674
0 0.54196875 0.4835083333333333 0.0128125 0.03149000000000001
0 0.338395 0.47947666666666666 0.01725 0.022160000000000006
0 0.39195749999999996 0.4855166666666667 0.016625 0.033573333333333344
0 0.42092625 0.481065 0.0098125 0.02249666666666667
0 0.41398874999999996 0.48468833333333333 0.0103125 0.02874333333333334
0 0.23761375 0.4838216666666667 0.0175625 0.026689999999999978
0 0.22761375 0.48389000000000004 0.0163125 0.023660000000000007
0 0.35448875 0.4861416666666667 0.0105625 0.027156666666666676
0 0.324645 0.48897333333333337 0.011125 0.02999333333333334
0 0.44945749999999995 0.48723 0.00925 0.028826666666666674
0 0.1948325 0.48901833333333333 0.01425 0.02874333333333334
0 0.47558249999999996 0.4837383333333334 0.008625 0.018343333333333323
0 0.48224000000000006 0.4892683333333333 0.009230000000000018 0.028736666666666678
0 0.4015725 0.4905216666666667 0.009894999999999982 0.029076666666666674
0 0.3962075 0.5012266666666667 0.010125 0.019493333333333338
0 0.45713499999999996 0.488655 0.0075199999999999816 0.02231000000000002
0 0.4701975 0.49047833333333335 0.009144999999999981 0.028323333333333343
0 0.44301999999999997 0.48839666666666665 0.008375 0.02399333333333334
0 0.49530124999999997 0.491515 0.0086875 0.02824333333333334
0 0.3825825 0.4910566666666667 0.012875 0.025326666666666674
0 0.40973875 0.49360333333333334 0.0090625 0.032406666666666674
0 0.42889499999999997 0.492105 0.009625 0.026576666666666672
0 0.206625 0.4871116666666667 0.017 0.013890000000000024
0 0.4382075 0.4937283333333334 0.010125 0.02949000000000001
0 0.46275999999999995 0.49347666666666673 0.008769999999999983 0.030326666666666672
0 0.48747875 0.49465 0.009207499999999981 0.02830000000000003
0 0.5127075 0.49114 0.013875 0.023326666666666673
0 0.5531875 0.48867333333333335 0.01825 0.020826666666666674
0 0.5551562499999999 0.5017533333333334 0.0148125 0.025160000000000005
0 0.906635 0.49643166666666666 0.011019999999999981 0.031863333333333306
0 0.3638325 0.4904733333333333 0.012 0.023160000000000007
0 0.2673325 0.4951083333333333 0.010375 0.027216666666666698
0 0.89673875 0.4944083333333333 0.0129375 0.02774333333333334
0 0.257145 0.494845 0.010624999999999971 0.027243333333333338
0 0.3127075 0.49517833333333333 0.015125 0.030910000000000007
0 0.33955124999999997 0.49422333333333335 0.0198125 0.026660000000000007
0 0.2454575 0.49422 0.01325 0.02599333333333334
0 0.50217625 0.496055 0.0129375 0.025656666666666675
0 0.9158325 0.49203499999999994 0.016625 0.016163333333333335
0 0.51705125 0.4989833333333334 0.0118125 0.025633333333333362
0 0.6015625 0.4991233333333333 0.011875 0.02674000000000001
0 0.6154675 0.5018116666666667 0.012125 0.03352999999999997
0 0.7326250000000001 0.5035833333333333 0.0115 0.03282666666666667
0 0.68675 0.4994166666666667 0.015 0.021326666666666674
0 0.8691362499999999 0.5005333333333333 0.0131875 0.02349333333333334
0 0.56759375 0.502625 0.0113125 0.024910000000000005
0 0.41936375 0.50031 0.0106875 0.021326666666666674
0 0.659 0.502045 0.013125 0.023410000000000007
0 0.47230125 0.50397 0.0118125 0.02599333333333334
0 0.53278125 0.5041249999999999 0.0078125 0.021916666666666668
0 0.5416875000000001 0.5070016666666667 0.01025 0.029156666666666674
0 0.60846875 0.5046633333333334 0.0098125 0.02582666666666667
0 0.63203125 0.5102083333333334 0.0144375 0.03424333333333334
0 0.637 0.5034183333333333 0.014875 0.021830000000000002
0 0.65090625 0.508 0.0106875 0.03249333333333334
0 0.81625 0.5065416666666667 0.013625 0.027910000000000008
0 0.78828125 0.50525 0.0141875 0.02049333333333334
0 0.58421875 0.5039166666666667 0.0120625 0.01749333333333334
0 0.66359375 0.5075 0.0149375 0.028660000000000005
0 0.675125 0.5068333333333334 0.013 0.025160000000000005
0 0.7228125 0.5104566666666667 0.012125 0.03057333333333334
0 0.77853125 0.5140383333333333 0.0116875 0.02774333333333334
0 0.791875 0.5128716666666666 0.015375 0.02557666666666667
0 0.74009375 0.5161633333333333 0.0123125 0.030660000000000007
0 0.8949175 0.5164033333333333 0.011875 0.03057333333333334
0 0.76475 0.5171216666666666 0.012 0.027410000000000007
0 0.75390625 0.514455 0.0170625 0.020576666666666674
0 0.627375 0.5199566666666667 0.013125 0.03190666666666667
0 0.51671875 0.51675 0.0183125 0.023160000000000007
0 0.52309375 0.5200400000000001 0.0123125 0.022413333333333337
0 0.7735625 0.5244116666666666 0.0115 0.03032333333333334
0 0.7949525 0.5244949999999999 0.011279999999999972 0.02999000000000001
0 0.80209375 0.5234533333333333 0.0114375 0.028906666666666674
0 0.57240625 0.525285 0.0125625 0.026576666666666672
0 0.5326562499999999 0.5236633333333334 0.0095625 0.023326666666666673
0 0.6180625000000001 0.526455 0.011875 0.02874333333333334
0 0.5007174999999999 0.5290416666666667 0.014 0.031489999999999935
0 0.45537500000000003 0.531 0.01475 0.030160000000000006
0 0.19727 0.5303283333333333 0.01925 0.02849666666666667
0 0.4401875 0.5275 0.015875 0.022326666666666672
0 0.17029249999999999 0.5258216666666666 0.02125 0.018663333333333337
0 0.22173875 0.5400366666666667 0.0101875 0.03174000000000001
0 0.23479125 0.5327883333333333 0.0181875 0.019076666666666672
0 0.4453125 0.5341233333333333 0.016375 0.014913333333333336
0 0.5603962499999999 0.53686 0.02004250000000002 0.02549333333333334
0 0.206635 0.5395766666666667 0.01602000000000001 0.024160000000000004
0 0.5174062500000001 0.5442883333333333 0.0105625 0.03141000000000001
0 0.150105 0.5423166666666667 0.016375 0.026326666666666672
0 0.48125 0.54108 0.017 0.021660000000000006
0 0.50696875 0.5452049999999999 0.0131875 0.02557666666666667
0 0.50809375 0.56866 0.0119375 0.024320000000000012
0 0.24485875000000001 0.5475583333333334 0.01742749999999998 0.031029999999999974
0 0.5529375 0.5486616666666667 0.015625 0.030656666666666676
0 0.40186374999999996 0.5512400000000001 0.0133125 0.03382666666666667
0 0.27137000000000006 0.5526816666666667 0.009095000000000027 0.03228333333333338
0 0.87265625 0.5505316666666666 0.0130625 0.03307666666666667
0 0.21220750000000002 0.5509916666666667 0.013875 0.029323333333333344
0 0.20730125000000002 0.55199 0.0126875 0.02599333333333334
0 0.23473875 0.5525333333333333 0.0140625 0.03007333333333334
0 0.25724 0.5534116666666666 0.009230000000000018 0.03174333333333334
0 0.5295000000000001 0.5516183333333333 0.016625 0.026910000000000007
0 0.36020749999999996 0.5524483333333334 0.0225 0.03007666666666667
0 0.6274375000000001 0.5529066666666667 0.010625 0.028160000000000004
0 0.38204125 0.5493716666666667 0.012832499999999981 0.019589999999999993
0 0.37886375 0.5628200000000001 0.0161875 0.02099333333333334
0 0.5397812500000001 0.55291 0.0164375 0.026160000000000006
0 0.38952 0.5563633333333333 0.01175 0.03107333333333334
0 0.22327000000000002 0.5552816666666667 0.017625 0.028910000000000005
0 0.26616624999999994 0.5572233333333333 0.0123125 0.03253333333333338
0 0.48406124999999994 0.5516533333333333 0.0120625 0.020766666666666652
0 0.61661375 0.5541516666666666 0.0133125 0.02474333333333334
0 0.317395 0.5598216666666667 0.011875 0.034323333333333345
0 0.2765725 0.5573483333333333 0.010375 0.02611666666666671
0 0.3085825 0.55899 0.0115 0.027660000000000007
0 0.248245 0.5563950000000001 0.011845 0.02354333333333337
0 0.7210525 0.554965 0.022375 0.015870000000000044
0 0.4447925 0.55808 0.015875 0.020160000000000008
0 0.29805125 0.5626549999999999 0.0169375 0.03049000000000001
0 0.290885 0.563325 0.012480000000000019 0.024983333333333347
0 0.41976125000000003 0.5651816666666667 0.0120625 0.029950000000000046
0 0.4998125 0.5661566666666666 0.0085 0.030160000000000006
0 0.63446875 0.566485 0.0176875 0.034656666666666676
0 0.2820575 0.5652216666666666 0.013595000000000027 0.026203333333333377
0 0.42879125 0.5669116666666666 0.0109375 0.03141000000000001
0 0.6094262500000001 0.5682733333333333 0.0209375 0.024160000000000004
0 0.43785375 0.57014 0.0108125 0.027700000000000044
0 0.47446375 0.5685783333333334 0.017532500000000027 0.02299666666666667
0 0.46477625 0.5707850000000001 0.014217499999999973 0.025910000000000006
0 0.49187499999999995 0.5721133333333334 0.0095 0.028906666666666674
0 0.45491750000000003 0.5733683333333334 0.013875 0.024410000000000005
0 0.5131875 0.5721133333333333 0.01175 0.027406666666666676
0 0.4833075 0.5778266666666666 0.009470000000000027 0.026660000000000007
0 0.52546875 0.57316 0.0184375 0.016653333333333346
0 0.47308875 0.582535 0.013717499999999973 0.027076666666666672
0 0.46812499999999996 0.6113333333333333 0.0085 0.029
0 0.459625 0.613 0.007 0.021
0 0.33611375 0.6275366666666666 0.0228125 0.022826666666666672
0 0.49732375 0.6365783333333334 0.0178125 0.027490000000000007
0 0.46438 0.6472583333333334 0.013779999999999973 0.02124333333333334
0 0.45336499999999996 0.6527850000000001 0.0165 0.020410000000000005
0 0.44664625 0.6664899999999999 0.0120625 0.018660000000000006
0 0.49988625000000003 0.655115 0.0185625 0.021076666666666674
0 0.46134875 0.6603249999999999 0.019342499999999974 0.018496666666666668
0 0.4275625 0.6676516666666666 0.022375 0.020576666666666674
0 0.4858425 0.6717433333333332 0.018375 0.02315999999999993
0 0.388105 0.6700266666666665 0.018125 0.01849333333333334
0 0.41484375 0.6771916666666666 0.0158125 0.029156666666666674
0 0.4689225 0.67668 0.013095000000000027 0.0159533333333333
0 0.45660500000000004 0.6797666666666667 0.016 0.020413333333333335
0 0.49618749999999995 0.68657 0.019125 0.02765999999999993
0 0.41078125 0.6890216666666666 0.0118125 0.03315666666666675
0 0.4442075 0.6890099999999999 0.01025 0.0279066666666666
0 0.47365625 0.69425 0.0168125 0.020993333333333187
0 0.50428125 0.6946516666666667 0.0131875 0.02082999999999993
0 0.41967625 0.6985466666666668 0.0110625 0.029660000000000006
0 0.45749 0.69443 0.017730000000000017 0.020246666666666593
0 0.43686375 0.7030216666666667 0.0085625 0.03304333333333337
0 0.429145 0.701715 0.01275 0.030323333333333417
0 0.44129125 0.711815 0.012832499999999981 0.018703333333333377
0 0.4676875 0.7099916666666667 0.021125 0.017683333333333395
0 0.45351125000000003 0.7142583333333333 0.0124375 0.022410000000000006
0 0.42502 0.7202933333333333 0.023375 0.019160000000000007
