0 0.07739400584795321 0.08360745614035088 0.023391812865497075 0.035910087719298246
0 0.0933845029239766 0.09991776315789473 0.0268640350877193 0.04111842105263158
0 0.11403508771929825 0.11307565789473684 0.021747076023391813 0.05263157894736842
0 0.1253654970760234 0.11389802631578946 0.022478070175438597 0.054276315789473686
0 0.17324561403508773 0.1074561403508772 0.029788011695906433 0.038651315789473686
0 0.097953216374269 0.11225328947368421 0.02503654970760234 0.043859649122807015
0 0.5058251096491229 0.1162280701754386 0.021701388888888888 0.04742324561403509
0 0.14108187134502925 0.11828399122807018 0.015899122807017545 0.04824561403508772
0 0.15387426900584794 0.1240405701754386 0.01699561403508772 0.0581140350877193
0 0.16648391812865496 0.12129934210526316 0.020650584795321638 0.044956140350877194
0 0.3811220760233918 0.13856907894736842 0.03399122807017544 0.04331140350877193
0 0.5321637426900585 0.12979714912280702 0.039656432748538015 0.023026315789473683
0 0.4772478070175438 0.1440515350877193 0.014985380116959063 0.05043859649122807
0 0.12947733918128654 0.14638157894736842 0.021929824561403508 0.05345394736842105
0 0.46290204678362573 0.1484375 0.018457602339181287 0.054276315789473686
0 0.49899488304093564 0.13500548245614036 0.02266081871345029 0.0268640350877193
0 0.40908260233918126 0.13815789473684212 0.01827485380116959 0.032072368421052634
0 0.41794590643274854 0.1533717105263158 0.018457602339181287 0.046600877192982455
0 0.2607821637426901 0.1370614035087719 0.03892543859649123 0.02549342105263158
0 0.39939692982456143 0.16063596491228072 0.02010233918128655 0.05893640350877193
0 0.3762792397660819 0.17722039473684212 0.03234649122807018 0.03399122807017544
0 0.43128654970760233 0.16337719298245615 0.021747076023391813 0.0644188596491228
0 0.5570175438596492 0.14925986842105265 0.03453947368421053 0.03618421052631579
0 0.09192251461988304 0.14802631578947367 0.04111842105263158 0.027138157894736843
0 0.49881213450292394 0.15940241228070173 0.029605263157894735 0.046052631578947366
0 0.5230263157894738 0.15117872807017546 0.042214912280701754 0.02631578947368421
0 0.5224780701754386 0.1806469298245614 0.019919590643274854 0.05400219298245614
0 0.4423428362573099 0.17091557017543857 0.015350877192982455 0.06140350877192982
0 0.10425804093567251 0.1600877192982456 0.036915204678362575 0.036458333333333336
0 0.19535818713450293 0.16488486842105263 0.025767543859649123 0.046052631578947366
0 0.21637426900584794 0.16652960526315788 0.020650584795321638 0.044407894736842105
0 0.45303362573099415 0.17214912280701755 0.0133406432748538 0.0556469298245614
0 0.4788011695906433 0.18325109649122806 0.02503654970760234 0.0400219298245614
0 0.465734649122807 0.18421052631578946 0.029605263157894735 0.04029605263157895
0 0.31487573099415206 0.1761239035087719 0.028691520467836257 0.052083333333333336
0 0.561860380116959 0.16529605263157895 0.03289473684210526 0.02823464912280702
0 0.2663559941520468 0.18290844298245612 0.019371345029239765 0.05359100877192982
0 0.23921783625730997 0.17722039473684212 0.028326023391812866 0.041666666666666664
0 0.5369152046783625 0.18887061403508773 0.02101608187134503 0.04742324561403509
0 0.5021016081871345 0.19709429824561403 0.021564327485380116 0.05838815789473684
0 0.5199195906432749 0.23163377192982457 0.033808479532163746 0.062225877192982455
0 0.5477887426900585 0.19325657894736842 0.0222953216374269 0.055098684210526314
0 0.5423976608187135 0.24191337719298245 0.01918859649122807 0.06414473684210527
0 0.41483918128654973 0.19517543859649122 0.016264619883040937 0.05455043859649123
0 0.2953216374269006 0.1923656798245614 0.024671052631578948 0.04673793859649123
0 0.5677997076023392 0.19102933114035087 0.034173976608187134 0.02665844298245614
0 0.48985745614035087 0.20559210526315788 0.01644736842105263 0.05016447368421053
0 0.35640533625730997 0.20394736842105263 0.036458333333333336 0.04468201754385965
0 0.42153234649122806 0.21957236842105265 0.033945540935672515 0.059484649122807015
0 0.4710343567251462 0.22039473684210525 0.02448830409356725 0.046875
0 0.4681103801169591 0.2486293859649123 0.03654970760233918 0.04139254385964912
0 0.4392361111111111 0.22587719298245615 0.03728070175438596 0.04851973684210526
0 0.453125 0.22628837719298245 0.029605263157894735 0.046600877192982455
0 0.34674250730994155 0.2304344846491228 0.024077119883040937 0.055989583333333336
0 0.3203125 0.22478070175438597 0.025676169590643276 0.04358552631578947
0 0.563687865497076 0.2236842105263158 0.029605263157894735 0.03700657894736842
0 0.6640168128654971 0.24588815789473684 0.02010233918128655 0.0649671052631579
0 0.6745248538011696 0.24821820175438594 0.01663011695906433 0.042214912280701754
0 0.28152412280701755 0.25644188596491224 0.02010233918128655 0.05482456140350877
0 0.48830409356725146 0.24986293859649122 0.027960526315789474 0.04057017543859649
0 0.5897066885964912 0.2531524122807018 0.04262609649122807 0.04276315789473684
0 0.5677997076023392 0.2534265350877193 0.04148391812865497 0.03399122807017544
0 0.5143457602339182 0.262609649122807 0.025584795321637425 0.04742324561403509
0 0.1983735380116959 0.2663103070175438 0.019371345029239765 0.03344298245614035
0 0.44672880116959063 0.2709703947368421 0.034722222222222224 0.04276315789473684
0 0.13578216374269006 0.2779605263157895 0.022112573099415205 0.04468201754385965
0 0.00804093567251462 0.2817982456140351 0.016264619883040937 0.0512609649122807
0 0.2303545321637427 0.27796052631578944 0.017543859649122806 0.04139254385964912
0 0.3325109649122807 0.283203125 0.019005847953216373 0.05078125
0 0.3488898026315789 0.28738349780701755 0.02206688596491228 0.05585252192982456
0 0.3092562134502924 0.2831688596491228 0.02147295321637427 0.0381030701754386
0 0.24442616959064326 0.29440789473684215 0.019005847953216373 0.05619517543859649
0 0.38029970760233917 0.2973204495614035 0.026498538011695907 0.06256853070175439
0 0.16611842105263158 0.29577850877192985 0.01918859649122807 0.05619517543859649
0 0.15387426900584794 0.31798245614035087 0.01882309941520468 0.055098684210526314
0 0.26096491228070173 0.296875 0.02284356725146199 0.05071271929824561
0 0.27622441520467833 0.2960526315789474 0.014619883040935672 0.04413377192982456
0 0.11842105263157894 0.2987938596491228 0.02320906432748538 0.04577850877192982
0 0.20376461988304093 0.3018092105263158 0.02101608187134503 0.05180921052631579
0 0.4446271929824561 0.3055098684210526 0.02722953216374269 0.05317982456140351
0 0.2911184210526316 0.3149671052631579 0.019554093567251463 0.057839912280701754
0 0.2909356725146199 0.34662828947368424 0.023574561403508772 0.04331140350877193
0 0.02631578947368421 0.3135964912280702 0.01699561403508772 0.05235745614035088
0 0.40752923976608185 0.3112664473684211 0.027595029239766082 0.044407894736842105
0 0.39364035087719296 0.30167214912280704 0.0268640350877193 0.02138157894736842
0 0.0424890350877193 0.3183936403508772 0.019371345029239765 0.054276315789473686
0 0.1318530701754386 0.3227796052631579 0.027046783625730993 0.05592105263157895
0 0.4926900584795322 0.32593201754385964 0.02101608187134503 0.05893640350877193
0 0.06085526315789473 0.3301809210526316 0.01882309941520468 0.0668859649122807
0 0.010142543859649123 0.3223684210526316 0.015716374269005847 0.05016447368421053
0 0.016721491228070175 0.35841557017543857 0.0222953216374269 0.049890350877192985
0 0.32876461988304095 0.3273026315789474 0.020650584795321638 0.05619517543859649
0 0.1852156432748538 0.3252467105263158 0.016812865497076022 0.051535087719298246
0 0.42909356725146197 0.32442434210526316 0.013706140350877192 0.047697368421052634
0 0.721217105263158 0.32894736842105265 0.03326023391812866 0.04851973684210526
0 0.3840460526315789 0.32990679824561403 0.0266812865497076 0.043859649122807015
0 0.7553910818713451 0.3382675438596491 0.023026315789473683 0.06112938596491228
0 0.23044590643274854 0.3403234649122807 0.023940058479532164 0.0581140350877193
0 0.16630116959064328 0.3396381578947369 0.019919590643274854 0.05235745614035088
0 0.34292763157894735 0.3442982456140351 0.027412280701754384 0.05893640350877193
0 0.3174342105263158 0.35567434210526316 0.03271198830409357 0.051535087719298246
0 0.6506304824561403 0.34662828947368424 0.029148391812865496 0.06414473684210527
0 0.6762152777777778 0.3496436403508772 0.02823464912280702 0.044407894736842105
0 0.27074195906432746 0.33950109649122806 0.027412280701754384 0.047697368421052634
0 0.47514619883040937 0.34018640350877194 0.012975146198830409 0.04742324561403509
0 0.8166118421052632 0.3414199561403509 0.03289473684210526 0.048793859649122806
0 0.8686951754385965 0.34553179824561403 0.0266812865497076 0.0581140350877193
0 0.2578581871345029 0.33182565789473684 0.03271198830409357 0.02850877192982456
0 0.5494334795321638 0.3462171052631579 0.017178362573099414 0.05619517543859649
0 0.5076754385964912 0.3433388157894737 0.018457602339181287 0.049342105263157895
0 0.4151133040935673 0.35005482456140347 0.020833333333333332 0.06112938596491228
0 0.10974049707602339 0.3481359649122807 0.02046783625730994 0.05674342105263158
0 0.5958516081871345 0.3489583333333333 0.021929824561403508 0.05290570175438596
0 0.20723684210526316 0.3514254385964912 0.03125 0.05290570175438596
0 0.7738486842105263 0.35128837719298245 0.03070175438596491 0.05263157894736842
0 0.08493238304093567 0.38452576754385964 0.022021198830409358 0.0678453947368421
0 0.3600146198830409 0.3621162280701754 0.025767543859649123 0.07209429824561403
0 0.4565972222222222 0.3584155701754386 0.02448830409356725 0.06359649122807018
0 0.5319809941520468 0.3586896929824561 0.018092105263157895 0.0581140350877193
0 0.5121527777777778 0.35964912280701755 0.02631578947368421 0.04468201754385965
0 0.49004020467836257 0.38500548245614036 0.01827485380116959 0.049890350877192985
0 0.5073099415204678 0.39089912280701755 0.038559941520467836 0.03919956140350877
0 0.5770285087719298 0.36115679824561403 0.017178362573099414 0.0581140350877193
0 0.5627741228070176 0.376233552631579 0.01827485380116959 0.05921052631578947
0 0.5466008771929824 0.4073464912280702 0.021747076023391813 0.06277412280701754
0 0.5686677631578947 0.4336622807017544 0.022021198830409358 0.0649671052631579
0 0.556469298245614 0.42996162280701755 0.028326023391812866 0.051535087719298246
0 0.7397660818713451 0.3651315789473684 0.023574561403508772 0.06277412280701754
0 0.7188413742690059 0.3729440789473684 0.019371345029239765 0.0625
0 0.049342105263157895 0.36225328947368424 0.01882309941520468 0.05537280701754386
0 0.06368786549707603 0.4017269736842105 0.02850877192982456 0.0537280701754386
0 0.6980994152046783 0.36444627192982454 0.021747076023391813 0.0581140350877193
0 0.003929093567251462 0.3597861842105263 0.00804093567251462 0.046600877192982455
0 0.3823099415204679 0.3633497807017544 0.02138157894736842 0.05043859649122807
0 0.13486842105263158 0.3654057017543859 0.020285087719298246 0.05290570175438596
0 0.3994883040935672 0.3711622807017544 0.018092105263157895 0.061677631578947366
0 0.6137152777777777 0.36992872807017546 0.019828216374269007 0.05646929824561404
0 0.5839729532163742 0.38103070175438597 0.020833333333333332 0.05235745614035088
0 0.6292086988304094 0.4343503289473684 0.03070175438596491 0.05509320175438597
0 0.5807291666666666 0.44392543859649125 0.031524122807017545 0.05321271929824559
0 0.5993238304093568 0.46175986842105265 0.039108187134502925 0.03234649122807018
0 0.5686220760233918 0.48961759868421056 0.028143274853801168 0.05187774122807018
0 0.5836988304093568 0.4894462719298246 0.033808479532163746 0.04111842105263158
0 0.6317616959064327 0.3756853070175439 0.01663011695906433 0.06633771929824561
0 0.2819809941520468 0.3628015350877193 0.02320906432748538 0.0400219298245614
0 0.42598684210526316 0.37061403508771934 0.0360014619883041 0.05180921052631579
0 0.1667580409356725 0.3837719298245614 0.03070175438596491 0.061677631578947366
0 0.19846491228070176 0.3763706140350877 0.02722953216374269 0.05345394736842105
0 0.18896198830409355 0.3961074561403509 0.02101608187134503 0.04851973684210526
0 0.18813961988304093 0.42653508771929827 0.03874269005847953 0.02768640350877193
0 0.2501827485380117 0.3755482456140351 0.019554093567251463 0.046875
0 0.1069078947368421 0.3756853070175438 0.028691520467836257 0.042214912280701754
0 0.1459247076023392 0.3891173245614035 0.023757309941520467 0.0625
0 0.4712171052631579 0.390625 0.025219298245614034 0.0644188596491228
0 0.2934256213450292 0.3871299342105263 0.03723501461988304 0.04481907894736842
0 0.31204312865497075 0.39364035087719296 0.0222953216374269 0.0424890350877193
0 0.2951388888888889 0.39617598684210525 0.030884502923976608 0.0390625
0 0.29002192982456143 0.43064692982456143 0.031980994152046784 0.03974780701754386
0 0.27407711988304095 0.43188048245614036 0.019462719298245616 0.03782894736842105
0 0.29577850877192985 0.45627741228070173 0.02448830409356725 0.0581140350877193
0 0.2780975877192982 0.46713952850877194 0.021655701754385966 0.04858826754385965
0 0.26224415204678364 0.46737938596491224 0.03490497076023392 0.033717105263157895
0 0.23355263157894737 0.38898026315789475 0.030884502923976608 0.03974780701754386
0 0.03389985380116959 0.39350328947368424 0.031067251461988302 0.047149122807017545
0 0.17178362573099415 0.3958333333333333 0.02320906432748538 0.04523026315789474
0 0.7457054093567251 0.3947368421052631 0.031067251461988302 0.04139254385964912
0 0.8065606725146198 0.40323464912280704 0.029605263157894735 0.05619517543859649
0 0.8236476608187134 0.42557565789473684 0.028326023391812866 0.05756578947368421
0 0.7814327485380117 0.4133771929824562 0.024305555555555556 0.06770833333333333
0 0.7645285087719298 0.4180372807017544 0.023757309941520467 0.06112938596491228
0 0.6770833333333334 0.4096765350877193 0.022478070175438597 0.05921052631578947
0 0.6575292397660819 0.4203673245614035 0.03453947368421053 0.03070175438596491
0 0.015533625730994153 0.4061129385964912 0.017361111111111112 0.046600877192982455
0 0.3225511695906433 0.4041940789473684 0.03490497076023392 0.043859649122807015
0 0.3754797149122807 0.3952850877192982 0.0434484649122807 0.026041666666666668
0 0.4159813596491228 0.4009046052631579 0.028782894736842105 0.02850877192982456
0 0.43285087719298243 0.42557565789473684 0.02560672514619881 0.03125
0 0.4513779239766082 0.43832236842105265 0.03346491228070173 0.033168859649122806
0 0.4364720394736842 0.4504523026315789 0.030381944444444444 0.03796600877192982
0 0.7060489766081871 0.4120065789473684 0.021929824561403508 0.04961622807017544
0 0.5248538011695907 0.4135142543859649 0.018457602339181287 0.049890350877192985
0 0.10508040935672515 0.4033717105263158 0.034173976608187134 0.020833333333333332
0 0.12490862573099415 0.4203673245614035 0.023026315789473683 0.054276315789473686
0 0.13541666666666669 0.4361293859649123 0.03234649122807018 0.03481359649122807
0 0.10809576023391813 0.48218201754385964 0.023391812865497075 0.06332236842105263
0 0.1287920321637427 0.4609375 0.02860014619883041 0.01918859649122807
0 0.09064327485380116 0.4862938596491228 0.020285087719298246 0.06277412280701754
0 0.6876827485380117 0.41831140350877194 0.026133040935672515 0.046875
0 0.3301809210526316 0.41927083333333337 0.0421235380116959 0.04824561403508772
0 0.25237573099415206 0.42091557017543857 0.020650584795321638 0.049890350877192985
0 0.23236476608187134 0.4115953947368421 0.025584795321637425 0.030153508771929825
0 0.2634320175438597 0.424890350877193 0.021198830409356724 0.0512609649122807
0 0.0333516081871345 0.41776315789473684 0.03874269005847953 0.035910087719298246
0 0.3673017178362573 0.44884183114035087 0.021335891812865496 0.047765899122807015
0 0.38824926900584794 0.46857867324561403 0.023757309941520467 0.06147203947368421
0 0.3526133040935673 0.45668859649122806 0.02010233918128655 0.05345394736842105
0 0.3984831871345029 0.4569627192982456 0.019005847953216373 0.02987938596491228
0 0.37235014619883045 0.4706688596491228 0.012792397660818713 0.04742324561403509
0 0.40442251461988304 0.41954495614035087 0.033808479532163746 0.03344298245614035
0 0.3993055555555556 0.4295504385964912 0.03892543859649123 0.04413377192982456
0 0.49926900584795325 0.434484649122807 0.028691520467836257 0.06112938596491228
0 0.5123355263157895 0.43845942982456143 0.021564327485380116 0.05592105263157895
0 0.530610380116959 0.4565515350877193 0.016812865497076022 0.06085526315789474
0 0.09996345029239766 0.421875 0.03490497076023392 0.02768640350877193
0 0.3509000365497076 0.4277686403508772 0.031295687134502925 0.03673245614035088
0 0.4822733918128655 0.44120065789473684 0.014802631578947368 0.06085526315789474
0 0.4733187134502924 0.4543585526315789 0.019554093567251463 0.05701754385964912
0 0.7351059941520468 0.43708881578947373 0.03289473684210526 0.052083333333333336
0 0.03536184210526316 0.4425712719298246 0.02631578947368421 0.051535087719298246
0 0.05107821637426901 0.440515350877193 0.033625730994152045 0.04413377192982456
0 0.14985380116959066 0.4359923245614035 0.0356359649122807 0.03837719298245614
0 0.22514619883040934 0.44558662280701755 0.030519005847953216 0.05482456140350877
0 0.10206505847953215 0.4449013157894737 0.024853801169590642 0.04523026315789474
0 0.32172880116959063 0.4553179824561403 0.027777777777777776 0.060581140350877194
0 0.7293494152046784 0.45559210526315785 0.02722953216374269 0.057291666666666664
0 0.8017178362573099 0.45394736842105265 0.019919590643274854 0.0512609649122807
0 0.8061951754385965 0.48135964912280704 0.03070175438596491 0.031524122807017545
0 0.8832236842105263 0.4473684210526316 0.041849415204678365 0.036458333333333336
0 0.06213450292397661 0.4491502192982456 0.036366959064327485 0.03892543859649123
0 0.05921052631578948 0.4751918859649123 0.03344298245614035 0.043859649122807015
0 0.03618421052631579 0.4960252192982456 0.014071637426900584 0.03892543859649123
0 0.6549707602339182 0.4481907894736842 0.03344298245614035 0.03755482456140351
0 0.7167397660818714 0.4575109649122807 0.017361111111111112 0.055098684210526314
0 0.7033077485380117 0.4692982456140351 0.01827485380116959 0.062225877192982455
0 0.7289839181286549 0.5005482456140351 0.019919590643274854 0.05345394736842105
0 0.7128106725146199 0.5063048245614035 0.023391812865497075 0.04139254385964912
0 0.846765350877193 0.45997807017543857 0.023391812865497075 0.05345394736842105
0 0.3039108187134503 0.4602521929824561 0.017361111111111112 0.05290570175438596
0 0.19736842105263158 0.4499725877192982 0.03819444444444445 0.03070175438596491
0 0.1736111111111111 0.4609375 0.01663011695906433 0.051535087719298246
0 0.6886878654970761 0.44627192982456143 0.019005847953216373 0.02055921052631579
0 0.23830409356725146 0.45134320175438597 0.011513157894736841 0.01918859649122807
0 0.22834429824561403 0.48026315789473684 0.01864035087719298 0.059484649122807015
0 0.24360380116959063 0.47382127192982454 0.01663011695906433 0.03508771929824561
0 0.6755299707602339 0.45545504385964913 0.03618421052631579 0.02631578947368421
0 0.6605445906432749 0.47971491228070173 0.033625730994152045 0.04194078947368421
0 0.6780884502923977 0.48930921052631576 0.03252923976608187 0.04577850877192982
0 0.4274488304093567 0.46984649122807015 0.031980994152046784 0.05071271929824561
0 0.3275082236842105 0.4674821820175439 0.029742324561403508 0.039953399122807015
0 0.338655884502924 0.4838267543859649 0.03156980994152047 0.038651315789473686
0 0.16355994152046782 0.4719024122807018 0.0268640350877193 0.04824561403508772
0 0.13742690058479531 0.47683662280701755 0.025219298245614034 0.047149122807017545
0 0.8280336257309941 0.4629934210526316 0.01918859649122807 0.02987938596491228
0 0.5519005847953216 0.48458059210526316 0.019554093567251463 0.07195723684210527
0 0.5427631578947368 0.5055852521929824 0.026133040935672515 0.06078673245614035
0 0.07538377192982457 0.48012609649122806 0.021564327485380116 0.05975877192982456
0 0.750639619883041 0.4831414473684211 0.023391812865497075 0.06359649122807018
0 0.7688230994152047 0.5035293311403509 0.0133406432748538 0.07312225877192982
0 0.7512335526315789 0.5018503289473684 0.027869152046783627 0.05249451754385965
0 0.7805190058479532 0.5217584978070176 0.02540204678362573 0.06901041666666667
0 0.6337719298245614 0.47793311403508776 0.02320906432748538 0.052083333333333336
0 0.6262792397660819 0.48286732456140347 0.017726608187134504 0.03728070175438596
0 0.6289290935672515 0.5072642543859649 0.017543859649122806 0.046600877192982455
0 0.4184027777777778 0.4776589912280702 0.025219298245614034 0.047697368421052634
0 0.1943530701754386 0.4708059210526316 0.027046783625730993 0.023574561403508772
0 0.7839912280701755 0.4786184210526315 0.01918859649122807 0.033168859649122806
0 0.8557200292397661 0.49588815789473684 0.023391812865497075 0.0644188596491228
0 0.4838267543859649 0.48862390350877194 0.031067251461988302 0.047149122807017545
0 0.4990177266081871 0.5213815789473684 0.021975511695906433 0.06770833333333333
0 0.4893092105263158 0.5433114035087719 0.02046783625730994 0.062225877192982455
0 0.5113304093567251 0.49246162280701755 0.027595029239766082 0.05537280701754386
0 0.8874269005847953 0.4869791666666667 0.03125 0.043859649122807015
0 0.9446271929824561 0.4971217105263158 0.02503654970760234 0.06030701754385965
0 0.2113486842105263 0.4921875 0.021198830409356724 0.048793859649122806
0 0.20111476608187134 0.5058936403508772 0.03399122807017544 0.049890350877192985
0 0.4557748538011696 0.4979440789473684 0.015899122807017545 0.05866228070175439
0 0.9686586257309941 0.5415296052631579 0.03654970760233918 0.047697368421052634
0 0.26288377192982454 0.4979440789473684 0.0222953216374269 0.047149122807017545
0 0.8297697368421053 0.5097313596491228 0.019371345029239765 0.0712719298245614
0 0.681469298245614 0.504797149122807 0.029788011695906433 0.05756578947368421
0 0.15405701754385964 0.5016447368421053 0.02503654970760234 0.04523026315789474
0 0.1892361111111111 0.5158991228070176 0.04239766081871345 0.04851973684210526
0 0.17315423976608188 0.527549342105263 0.02412280701754386 0.027412280701754384
0 0.1890533625730994 0.546326754385965 0.034722222222222224 0.027138157894736843
0 0.46637426900584794 0.4961622807017544 0.008589181286549707 0.03481359649122807
0 0.4708516081871345 0.5274122807017544 0.01608187134502924 0.04139254385964912
0 0.6954495614035088 0.506578947368421 0.01864035087719298 0.05235745614035088
0 0.6889619883040935 0.5516721491228069 0.02138157894736842 0.06633771929824561
0 0.6047149122807017 0.49821820175438597 0.03782894736842105 0.03070175438596491
0 0.8132309941520468 0.5124725877192983 0.019554093567251463 0.0581140350877193
0 0.9240679824561404 0.514391447368421 0.025584795321637425 0.0625
0 0.9348501461988304 0.514391447368421 0.02266081871345029 0.06085526315789474
0 0.34484649122807015 0.5149232456140351 0.03453947368421053 0.06027412280701758
0 0.2496345029239766 0.5105537280701754 0.02905701754385965 0.049890350877192985
0 0.3208150584795322 0.5146655701754386 0.019371345029239765 0.05756578947368421
0 0.3064692982456141 0.5309758771929824 0.02138157894736842 0.0649671052631579
0 0.32565789473684215 0.529468201754386 0.02138157894736842 0.05701754385964912
0 0.888249269005848 0.5100740131578947 0.03326023391812866 0.04810855263157895
0 0.870796783625731 0.5257675438596491 0.018092105263157895 0.07099780701754387
0 0.8854166666666667 0.5441337719298246 0.01699561403508772 0.055098684210526314
0 0.9121893274853801 0.5163103070175439 0.020833333333333332 0.0581140350877193
0 0.3904422514619883 0.5183662280701754 0.02631578947368421 0.05290570175438596
0 0.37874634502923976 0.5308388157894737 0.019736842105263157 0.03618421052631579
0 0.35809576023391815 0.5759320175438597 0.023391812865497075 0.11979166666666667
0 0.3799342105263158 0.551672149122807 0.02905701754385965 0.05317982456140351
0 0.11476608187134502 0.5183662280701754 0.023940058479532164 0.05235745614035088
0 0.28664108187134507 0.5195997807017544 0.017543859649122806 0.054276315789473686
0 0.8517909356725146 0.5259046052631579 0.030884502923976608 0.06304824561403509
0 0.2721125730994152 0.5178179824561403 0.016264619883040937 0.04523026315789474
0 0.3382675438596491 0.5663377192982456 0.013706140350877192 0.04632675438596491
0 0.32401315789473684 0.5800438596491229 0.015533625730994151 0.06332236842105263
0 0.3374451754385965 0.6044407894736843 0.025584795321637425 0.04961622807017544
0 0.649671052631579 0.5216557017543859 0.022112573099415205 0.05290570175438596
0 0.42575840643274854 0.5239857456140351 0.0245796783625731 0.05646929824561404
0 0.4083516081871345 0.5427631578947368 0.03399122807017544 0.08854166666666667
0 0.5768686038011696 0.5180921052631579 0.039793494152046784 0.03536184210526316
0 0.031067251461988306 0.5283717105263158 0.016264619883040937 0.0537280701754386
0 0.04358552631578947 0.5274122807017544 0.017909356725146198 0.05180921052631579
0 0.06999269005847954 0.5213815789473685 0.02942251461988304 0.03919956140350877
0 0.7928545321637427 0.5297423245614036 0.020833333333333332 0.048793859649122806
0 0.007035818713450292 0.5217927631578948 0.013888888888888888 0.03234649122807018
0 0.6588084795321637 0.5397478070175439 0.015533625730994151 0.0649671052631579
0 0.15305190058479534 0.5308388157894737 0.02412280701754386 0.03892543859649123
0 0.10124269005847952 0.5472861842105263 0.02101608187134503 0.06524122807017543
0 0.6027046783625731 0.5323464912280702 0.039656432748538015 0.034265350877192985
0 0.5978389985380117 0.5526315789473684 0.04171235380116959 0.038651315789473686
0 0.6072733918128654 0.5603070175438596 0.030519005847953216 0.04413377192982456
0 0.6378837719298246 0.5667489035087719 0.02448830409356725 0.0537280701754386
0 0.6216191520467836 0.5770285087719299 0.021564327485380116 0.0737390350877193
0 0.585343567251462 0.5973821271929824 0.019554093567251463 0.0703125
0 0.23318713450292397 0.5305646929824562 0.03490497076023392 0.02631578947368421
0 0.01206140350877193 0.5431743421052632 0.02284356725146199 0.048793859649122806
0 0.5263157894736842 0.5449561403508771 0.029788011695906433 0.04523026315789474
0 0.5454130116959065 0.5666118421052632 0.017543859649122806 0.05455043859649123
0 0.5256761695906432 0.5682565789473684 0.031067251461988302 0.02987938596491228
0 0.5263157894736843 0.6016995614035088 0.025767543859649123 0.04084429824561404
0 0.5287828947368421 0.6173930921052632 0.025584795321637425 0.04481907894736842
0 0.08305921052631579 0.5530427631578947 0.019736842105263157 0.06030701754385965
0 0.05349963450292397 0.5618146929824561 0.015442251461988304 0.0668859649122807
0 0.06254568713450293 0.5914199561403509 0.019828216374269007 0.05043859649122807
0 0.07236842105263158 0.6026589912280702 0.022478070175438597 0.042214912280701754
0 0.4614400584795322 0.5467379385964912 0.026498538011695907 0.04824561403508772
0 0.06652046783625731 0.5509868421052632 0.016264619883040937 0.05345394736842105
0 0.704952485380117 0.5474232456140351 0.01864035087719298 0.04523026315789474
0 0.840095029239766 0.5493421052631579 0.027595029239766082 0.04632675438596491
0 0.676078216374269 0.5578399122807017 0.021929824561403508 0.060581140350877194
0 0.29047880116959063 0.5623629385964912 0.02631578947368421 0.06304824561403509
0 0.004568713450292397 0.548108552631579 0.008954678362573099 0.025767543859649123
0 0.2513706140350877 0.5620888157894738 0.02448830409356725 0.05043859649122807
0 0.027138157894736843 0.5622258771929824 0.017178362573099414 0.04961622807017544
0 0.04166666666666667 0.5812774122807017 0.015899122807017545 0.05537280701754386
0 0.02403143274853801 0.5860745614035088 0.0222953216374269 0.05893640350877193
0 0.14830043859649122 0.5674342105263157 0.02046783625730994 0.05893640350877193
0 0.13429733187134504 0.5591762609649124 0.019234283625730993 0.03693804824561404
0 0.7210343567251462 0.5779194078947368 0.02266081871345029 0.06729714912280702
0 0.10891812865497076 0.5737390350877194 0.024305555555555556 0.057839912280701754
0 0.2304002192982456 0.581140350877193 0.025676169590643276 0.06332236842105263
0 0.08781067251461988 0.5704495614035088 0.010964912280701754 0.04029605263157895
0 0.35197368421052627 0.5716831140350878 0.014071637426900584 0.041666666666666664
0 0.3819444444444445 0.578125 0.024305555555555556 0.05455043859649123
0 0.39382309941520466 0.6066337719298246 0.011513157894736841 0.04577850877192982
0 0.3827668128654971 0.6073190789473684 0.013888888888888888 0.046052631578947366
0 0.8095760233918129 0.5759320175438596 0.039656432748538015 0.04577850877192982
0 0.5017361111111112 0.5842927631578947 0.015350877192982455 0.06140350877192982
0 0.16776315789473684 0.5810032894736842 0.018092105263157895 0.054276315789473686
0 0.19033260233918128 0.5803179824561403 0.017909356725146198 0.04523026315789474
0 0.18124086257309943 0.5874451754385965 0.012152777777777778 0.04742324561403509
0 0.6453764619883041 0.579358552631579 0.0222953216374269 0.041666666666666664
0 0.29605263157894735 0.5942982456140351 0.026498538011695907 0.06551535087719298
0 0.43695175438596495 0.588952850877193 0.020650584795321638 0.05263157894736842
0 0.5571546052631579 0.5934758771929824 0.02768640350877193 0.05893640350877193
0 0.5483369883040935 0.5940926535087719 0.013888888888888888 0.0503015350877193
0 0.5619745979532164 0.615953947368421 0.036686769005847955 0.03700657894736842
0 0.4874817251461988 0.5959429824561403 0.019736842105263157 0.062225877192982455
0 0.31213450292397665 0.5932017543859649 0.01699561403508772 0.0556469298245614
0 0.007492690058479532 0.5862116228070176 0.014802631578947368 0.03892543859649123
0 0.4559576023391813 0.594983552631579 0.01663011695906433 0.05701754385964912
0 0.4692982456140351 0.596765350877193 0.015899122807017545 0.05455043859649123
0 0.12582236842105263 0.5930646929824561 0.014985380116959063 0.044407894736842105
0 0.13671875 0.5934416118421053 0.02023940058479532 0.03871984649122807
0 0.5094115497076024 0.5966282894736842 0.016812865497076022 0.051535087719298246
0 0.6534173976608187 0.5942982456140351 0.021929824561403508 0.04413377192982456
0 0.11321271929824561 0.5988212719298245 0.016812865497076022 0.05098684210526316
0 0.6649305555555555 0.5979989035087719 0.028143274853801168 0.04276315789473684
0 0.2621527777777778 0.5986842105263158 0.027046783625730993 0.03919956140350877
0 0.6019736842105263 0.6059484649122807 0.014802631578947368 0.052083333333333336
0 0.0023300438596491227 0.5984100877192982 0.004660087719298245 0.035910087719298246
0 0.3690606725146199 0.6115679824561403 0.015350877192982455 0.06112938596491228
0 0.4197733918128655 0.5962171052631579 0.02101608187134503 0.02768640350877193
0 0.40405701754385964 0.6089638157894737 0.010416666666666666 0.046052631578947366
0 0.25146198830409355 0.6026589912280701 0.022112573099415205 0.02905701754385965
0 0.688139619883041 0.6152686403508771 0.021564327485380116 0.052083333333333336
0 0.19851059941520466 0.627124451754386 0.024762426900584795 0.07113486842105263
0 0.6097404970760234 0.6200657894736842 0.021198830409356724 0.0512609649122807
0 0.6761695906432749 0.6181469298245614 0.022478070175438597 0.04523026315789474
0 0.41931652046783624 0.6136239035087719 0.02412280701754386 0.03125
0 0.6495796783625731 0.6355537280701754 0.031432748538011694 0.04550438596491228
0 0.5879586988304094 0.6620065789473684 0.03355628654970758 0.0693530701754386
0 0.46829312865497075 0.6815378289473684 0.03618421052631579 0.046463815789473686
0 0.4224232456140351 0.7617872807017544 0.024853801169590642 0.03919956140350877
0 0.4758771929824561 0.7830317982456141 0.02540204678362573 0.024671052631578948
0 0.625593932748538 0.7948190789473685 0.028782894736842105 0.03892543859649123
0 0.538468567251462 0.8177083333333334 0.015350877192982455 0.023848684210526317
0 0.5244883040935672 0.8255208333333334 0.012244152046783625 0.01864035087719298
0 0.007858187134502924 0.4551809210526316 0.01608187134502924 0.0693530701754386
0 0.014145650584795322 0.47768229166666665 0.0278125 0.06967379385964914
0 0.07520102339181287 0.3402549342105263 0.029239766081871343 0.06537828947368421
0 0.08474323830409357 0.34992461622807014 0.030838815789473693 0.05494791666666668
0 0.38839181286549707 0.1603015350877193 0.022412280701754363 0.04180372807017544
0 0.9629477339181287 0.4959566885964912 0.018731725146198832 0.054413377192982455
0 0.9815195540935672 0.5188802083333334 0.021335891812865496 0.056674890350877194
0 0.5938642178362573 0.4050164473684211 0.028463084795321638 0.05962171052631579
0 0.6177129020467836 0.4167694627192982 0.02106176900584795 0.06558388157894737
0 0.6082236842105263 0.43316885964912283 0.02615131578947367 0.060032894736842105
0 0.37571180555555556 0.422280701754386 0.02581323099415205 0.04358552631578947
0 0.44318804824561403 0.4075863486842105 0.0322094298245614 0.05078125
0 0.45545504385964913 0.404187225877193 0.01653874269005848 0.03455317982456139
0 0.35755847953216374 0.5161732456140351 0.039634502923976626 0.04399671052631579
0 0.3469252558479532 0.5526480263157895 0.015487938596491228 0.03286184210526319
