0 0.459875 0.42883333333333334 0.01 0.012666666666666666
0 0.48890625000000004 0.43654166666666666 0.0095625 0.017416666666666667
0 0.47975 0.43970833333333337 0.00875 0.01975
0 0.51615625 0.44083333333333335 0.0219375 0.014
0 0.50836 0.4514583333333333 0.01897000000000003 0.016583333333333332
0 0.519515 0.4506466666666667 0.011720000000000027 0.013706666666666631
0 0.5662025 0.44298000000000004 0.023845000000000026 0.01429333333333337
0 0.5767812499999999 0.4462083333333333 0.0171875 0.013583333333333333
0 0.501375 0.44333333333333336 0.008 0.011666666666666667
0 0.548875 0.448855 0.011190000000000054 0.01954333333333337
0 0.60146875 0.45031333333333334 0.0133125 0.01629333333333337
0 0.49490625000000005 0.44791666666666663 0.0109375 0.0155
0 0.5399525 0.452 0.009595000000000027 0.016920000000000074
0 0.46071874999999995 0.4567083333333333 0.0146875 0.018416666666666668
0 0.43437499999999996 0.4568333333333333 0.0095 0.016
0 0.47934375 0.4548333333333333 0.0158125 0.015333333333333332
0 0.494375 0.4593333333333333 0.019 0.013
0 0.485375 0.4663533333333333 0.0245 0.019626666666666702
0 0.489765 0.473 0.011720000000000027 0.014333333333333333
0 0.49742250000000005 0.47533333333333333 0.014095000000000028 0.01841333333333326
0 0.480735 0.4839583333333333 0.010220000000000028 0.018416666666666668
0 0.48436 0.4905833333333333 0.015029999999999972 0.0235
0 0.5743437499999999 0.4556033333333333 0.0135625 0.013539999999999964
0 0.5810624999999999 0.4562066666666666 0.011 0.015333333333333332
0 0.59014 0.456875 0.017970000000000028 0.016083333333333335
0 0.5603275 0.45916666666666667 0.015095000000000027 0.016666666666666666
0 0.44731249999999995 0.457375 0.018125 0.01025
0 0.51635875 0.4621466666666667 0.015157500000000027 0.015960000000000037
0 0.42359375 0.47791666666666666 0.0190625 0.0105
0 0.42109375 0.467125 0.0123125 0.01725
0 0.44321875 0.46975 0.0101875 0.019833333333333335
0 0.5688437500000001 0.46852 0.0124375 0.014626666666666703
0 0.4560625 0.47179166666666666 0.011625 0.01925
0 0.5770625 0.4693333333333333 0.010375 0.013
0 0.581 0.47085333333333335 0.01175 0.015373333333333296
0 0.5074525000000001 0.4769366666666667 0.012654999999999974 0.025873333333333297
0 0.46851499999999996 0.47456166666666666 0.015279999999999972 0.01895666666666663
0 0.52085875 0.4734166666666667 0.016407500000000026 0.016246666666666593
0 0.40812499999999996 0.47375 0.0195 0.011833333333333333
0 0.60215625 0.48002 0.0130625 0.02370666666666663
0 0.5940775 0.48616666666666664 0.012595000000000028 0.018333333333333333
0 0.56165625 0.4755 0.0119375 0.017746666666666595
0 0.5477500000000001 0.481 0.01675 0.024666666666666667
0 0.5574525 0.4823533333333333 0.011154999999999972 0.01570666666666663
0 0.56848375 0.4845 0.010842499999999972 0.020166666666666666
0 0.57636 0.4864366666666667 0.009970000000000027 0.024126666666666702
0 0.562 0.4958533333333333 0.02475 0.01470666666666663
0 0.6221249999999999 0.47866666666666663 0.0225 0.018333333333333333
0 0.5269999999999999 0.4803966666666667 0.011690000000000055 0.017126666666666703
0 0.459125 0.4858966666666667 0.0125 0.020539999999999965
0 0.43987499999999996 0.48733333333333334 0.0185 0.019
0 0.519235 0.4908133333333333 0.008720000000000028 0.020626666666666703
0 0.5252812499999999 0.496375 0.0091875 0.01975
0 0.463625 0.492 0.01 0.018333333333333333
0 0.5139675 0.4923133333333333 0.011875 0.029039999999999965
0 0.5013275 0.49306333333333335 0.01590499999999997 0.018460000000000035
0 0.472265 0.4956233333333333 0.011529999999999973 0.0255
0 0.41475 0.498 0.01225 0.02033333333333333
0 0.4923125 0.498645 0.015315000000000054 0.024210000000000037
0 0.43918749999999995 0.5011666666666666 0.021125 0.022
0 0.59689125 0.4997916666666667 0.025592499999999973 0.011916666666666667
0 0.457735 0.502855 0.022220000000000028 0.015543333333333369
0 0.47965499999999994 0.5106050000000001 0.0135 0.03171000000000004
0 0.50428125 0.5150416666666666 0.0110625 0.024083333333333335
0 0.40968750000000004 0.5145833333333334 0.014125 0.025833333333333333
0 0.537625 0.516 0.016 0.023666666666666666
0 0.518625 0.5215000000000001 0.009 0.027333333333333334
0 0.5529999999999999 0.519875 0.01575 0.02475
0 0.4585475 0.5172083333333333 0.013845000000000027 0.019916666666666666
0 0.52696875 0.5210833333333333 0.0099375 0.0205
0 0.5113749999999999 0.5247916666666667 0.011 0.023416666666666665
0 0.496625 0.5350833333333332 0.0105 0.023166666666666665
0 0.427375 0.5334583333333334 0.0195 0.014583333333333334
0 0.43459375 0.5406666666666666 0.0214375 0.019
0 0.63259375 0.54225 0.0179375 0.03266666666666666
0 0.4879375 0.5427083333333333 0.015625 0.030416666666666668
0 0.5555 0.5373333333333333 0.01475 0.019
0 0.5345475 0.54125 0.018595000000000028 0.0215
0 0.45278124999999997 0.5421666666666667 0.0123125 0.021333333333333333
0 0.64475 0.5445 0.01525 0.024
0 0.5419375 0.5434583333333334 0.017684999999999944 0.02325
0 0.5348275 0.559875 0.01990499999999997 0.020583333333333332
0 0.56282875 0.5444800000000001 0.01621749999999997 0.024373333333333295
0 0.5938825 0.5482916666666666 0.021860000000000015 0.03025
0 0.443875 0.5486666666666666 0.013 0.024333333333333332
0 0.5743750000000001 0.5462283333333333 0.0115 0.02504333333333337
0 0.58185875 0.5523133333333333 0.018592499999999974 0.03170666666666663
0 0.60565625 0.550125 0.0194375 0.02325
0 0.61314 0.5559583333333333 0.008029999999999973 0.017083333333333332
0 0.666125 0.5503333333333333 0.015 0.023666666666666666
0 0.503125 0.5522916666666666 0.0165 0.020083333333333335
0 0.52373375 0.5516666666666666 0.022592499999999974 0.017
0 0.6210475 0.5548550000000001 0.012845000000000027 0.025876666666666704
0 0.54714 0.5598133333333334 0.018029999999999973 0.028373333333333296
0 0.65390625 0.5564166666666667 0.0141875 0.02508666666666674
0 0.630875 0.5585199999999999 0.011 0.023373333333333298
0 0.6396875 0.566 0.0165 0.022333333333333334
0 0.64460875 0.5739166666666666 0.014592499999999974 0.028166666666666666
0 0.62907875 0.579125 0.025782500000000028 0.023083333333333334
0 0.5553125 0.5671466666666667 0.016125 0.03129333333333337
0 0.49421875 0.558875 0.0238125 0.013416666666666667
0 0.519375 0.5597916666666667 0.0205 0.012583333333333334
0 0.5695625000000001 0.5701666666666666 0.014625 0.03266666666666666
0 0.6799999999999999 0.5638333333333333 0.01575 0.02
0 0.6676562500000001 0.56273 0.0181875 0.020126666666666702
0 0.671015 0.5830416666666667 0.020779999999999972 0.026416666666666668
0 0.68823375 0.585 0.018342499999999973 0.029
0 0.67775 0.5815 0.01325 0.019333333333333334
0 0.6826249999999999 0.5948333333333333 0.0065 0.009333333333333334
0 0.694845 0.56677 0.01725 0.028539999999999965
0 0.6130000000000001 0.5705 0.01625 0.026
0 0.58365625 0.5730000000000001 0.0129375 0.025666666666666667
0 0.6054999999999999 0.5742916666666666 0.016625 0.02775
0 0.7164075 0.5776033333333334 0.026125 0.0331266666666667
0 0.59359375 0.57551 0.0118125 0.032813333333333354
0 0.6586875 0.5804583333333334 0.016375 0.03075
0 0.557875 0.5795 0.0185 0.024666666666666667
0 0.65236 0.5923533333333334 0.013470000000000027 0.030960000000000036
0 0.7410325000000001 0.5945 0.020375 0.02666666666666667
0 0.45175 0.5995 0.01325 0.03133333333333333
0 0.486375 0.5958333333333333 0.025 0.019333333333333334
0 0.63621875 0.5955199999999999 0.0241875 0.02129333333333337
0 0.6344687499999999 0.6485000000000001 0.0171875 0.027333333333333334
0 0.4385 0.7061666666666667 0.01925 0.013333333333333334
0 0.40940625 0.7547916666666666 0.0165625 0.017916666666666668
0 0.7328749999999999 0.8668333333333333 0.0265 0.04666666666666667
0 0.746625 0.8848333333333334 0.0075 0.016
0 0.43109375 0.46554166666666663 0.0121875 0.015583333333333333
0 0.42946875 0.4835 0.0211875 0.022333333333333334
0 0.5335624999999999 0.49654166666666666 0.012875 0.02808333333333333
0 0.54140625 0.49224999999999997 0.0165625 0.023333333333333334
0 0.47393749999999996 0.5395 0.0145 0.018
0 0.47765625 0.5487083333333334 0.0111875 0.03025
0 0.70136 0.5841883333333333 0.011279999999999972 0.028789999999999965
0 0.71320375 0.5912499999999999 0.022282500000000028 0.031
0 0.52997 0.45210333333333336 0.012 0.019539999999999964
0 0.5384225 0.468395 0.014904999999999972 0.01604333333333337
0 0.5462812499999999 0.46304333333333336 0.0148125 0.012833333333333334
0 0.58660875 0.4862916666666667 0.011092499999999972 0.018083333333333333
0 0.58471875 0.4753733333333333 0.0126875 0.017666666666666667
0 0.5975475 0.46758333333333335 0.015095000000000027 0.022166666666666668
