0 0.48720760233918126 0.5725054824561404 0.019005847953216373 0.026041666666666668
0 0.9465460526315789 0.5235745614035088 0.014071637426900584 0.021929824561403508
0 0.8245614035087718 0.5195997807017544 0.019736842105263157 0.028782894736842105
0 0.21144005847953215 0.49917763157894735 0.019005847953216373 0.023574561403508772
0 0.6542397660818714 0.6480263157894738 0.02412280701754386 0.04276315789473684
0 0.5749269005847953 0.26151315789473684 0.015716374269005847 0.01699561403508772
0 0.7284356725146199 0.5086348684210527 0.019371345029239765 0.030975877192982455
0 0.799890350877193 0.7009320175438597 0.02448830409356725 0.039473684210526314
0 0.4760599415204678 0.6392543859649122 0.01827485380116959 0.05482456140350877
0 0.8638523391812866 0.6885964912280702 0.03326023391812866 0.02631578947368421
0 0.597953216374269 0.6414473684210527 0.02266081871345029 0.042214912280701754
0 0.8712536549707602 0.6639254385964912 0.025767543859649123 0.03399122807017544
0 0.2881030701754386 0.5630482456140351 0.02101608187134503 0.047149122807017545
0 0.9673793859649124 0.5985471491228069 0.017361111111111112 0.035910087719298246
0 0.41776315789473684 0.5890899122807017 0.023026315789473683 0.027412280701754384
0 0.373812134502924 0.4491502192982456 0.019554093567251463 0.031524122807017545
0 0.6228070175438596 0.5308388157894737 0.03033625730994152 0.02549342105263158
0 0.8531615497076023 0.6603618421052632 0.019919590643274854 0.03673245614035088
0 0.5012792397660819 0.4465460526315789 0.012792397660818713 0.0356359649122807
0 0.45550073099415206 0.5677083333333333 0.028691520467836257 0.02138157894736842
0 0.9096308479532164 0.6635142543859649 0.029788011695906433 0.04139254385964912
0 0.9198647660818713 0.6278782894736842 0.019919590643274854 0.04029605263157895
0 0.18759137426900585 0.33566337719298245 0.022112573099415205 0.023300438596491228
0 0.741593567251462 0.5067160087719298 0.02010233918128655 0.033168859649122806
0 0.4115497076023392 0.417077850877193 0.021198830409356724 0.024945175438596492
0 0.40423976608187134 0.4680646929824561 0.024853801169590642 0.03042763157894737
0 0.34100877192982454 0.5086348684210527 0.019371345029239765 0.035910087719298246
0 0.8910818713450293 0.6073190789473685 0.017543859649122806 0.04194078947368421
0 0.15524488304093567 0.5936129385964912 0.030884502923976608 0.034265350877192985
0 0.9781615497076024 0.506030701754386 0.019554093567251463 0.030153508771929825
0 0.385233918128655 0.41173245614035087 0.024853801169590642 0.014802631578947368
0 0.6372441520467836 0.6226699561403509 0.020833333333333332 0.03974780701754386
0 0.22596856725146197 0.418859649122807 0.02503654970760234 0.025767543859649123
0 0.5727339181286549 0.6444627192982456 0.029239766081871343 0.03399122807017544
0 0.35681652046783624 0.4169407894736842 0.016264619883040937 0.03070175438596491
0 0.43832236842105265 0.6403508771929824 0.02320906432748538 0.04331140350877193
0 0.9102704678362573 0.5217927631578947 0.013888888888888888 0.02055921052631579
0 0.2105263157894737 0.5243969298245613 0.0222953216374269 0.020833333333333332
0 0.38806652046783624 0.5233004385964912 0.014437134502923976 0.0400219298245614
0 0.5038377192982456 0.5989583333333334 0.02631578947368421 0.03125
0 0.39939692982456143 0.5429002192982456 0.01663011695906433 0.024945175438596492
0 0.5328947368421052 0.5844298245614035 0.012426900584795321 0.03892543859649123
0 0.41584429824561403 0.5609923245614035 0.01918859649122807 0.03536184210526316
0 0.7981542397660819 0.49917763157894735 0.03271198830409357 0.03453947368421053
0 0.2524671052631579 0.32579495614035087 0.01918859649122807 0.01836622807017544
0 0.8731725146198831 0.49054276315789475 0.017543859649122806 0.024945175438596492
0 0.14153874269005848 0.5344024122807017 0.0268640350877193 0.03919956140350877
0 0.4239766081871345 0.4217379385964912 0.016812865497076022 0.033168859649122806
0 0.8997624269005848 0.5966282894736843 0.015899122807017545 0.026589912280701754
0 0.7767726608187134 0.709703947368421 0.02503654970760234 0.0400219298245614
0 0.3340643274853801 0.44120065789473684 0.01425438596491228 0.03536184210526316
0 0.30710891812865493 0.4413377192982456 0.017726608187134504 0.03179824561403509
0 0.9576937134502924 0.6855811403508771 0.018092105263157895 0.044407894736842105
0 0.739126461988304 0.7101151315789473 0.027960526315789474 0.03919956140350877
0 0.6906980994152047 0.4810855263157895 0.019919590643274854 0.023026315789473683
0 0.5497989766081871 0.6356907894736842 0.022112573099415205 0.039473684210526314
0 0.5183662280701754 0.5274122807017543 0.01516812865497076 0.03508771929824561
0 0.43978435672514615 0.5400219298245614 0.022112573099415205 0.022478070175438597
0 0.7172880116959065 0.48807565789473684 0.017909356725146198 0.036458333333333336
0 0.1943530701754386 0.6014254385964913 0.02284356725146199 0.04276315789473684
0 0.7312682748538012 0.5993695175438597 0.017361111111111112 0.030975877192982455
0 0.5239400584795322 0.4581962719298246 0.017909356725146198 0.033168859649122806
0 0.3385416666666667 0.6365131578947368 0.01663011695906433 0.051535087719298246
0 0.9581505847953217 0.5235745614035088 0.019371345029239765 0.02631578947368421
0 0.20184576023391812 0.5058936403508772 0.023574561403508772 0.019462719298245616
0 0.7840826023391814 0.645422149122807 0.018457602339181287 0.038651315789473686
0 0.2203033625730994 0.49191337719298245 0.008954678362573099 0.027138157894736843
0 0.671875 0.5478344298245614 0.018092105263157895 0.04194078947368421
0 0.5786732456140351 0.43188048245614036 0.021747076023391813 0.02055921052631579
0 0.5339912280701755 0.5245339912280702 0.019371345029239765 0.026589912280701754
0 0.3813961988304093 0.5042489035087719 0.005847953216374269 0.006304824561403508
0 0.8095760233918129 0.6208881578947368 0.013888888888888888 0.03892543859649123
0 0.5236659356725146 0.6321271929824561 0.02540204678362573 0.048793859649122806
0 0.9883954678362573 0.5497532894736843 0.02138157894736842 0.03481359649122807
0 0.3794773391812865 0.5630482456140351 0.021747076023391813 0.025219298245614034
0 0.3536184210526316 0.5823739035087719 0.027046783625730993 0.03042763157894737
0 0.4108644005847953 0.7594682017543859 0.02987938596491228 0.04525219298245612
0 0.9473684210526316 0.5648300438596492 0.019371345029239765 0.032072368421052634
0 0.3824926900584795 0.43146929824561403 0.02412280701754386 0.020833333333333332
0 0.12225877192982457 0.5616776315789473 0.01864035087719298 0.03618421052631579
0 0.37527412280701755 0.5363212719298246 0.015533625730994151 0.03042763157894737
0 0.2015716374269006 0.2635690789473684 0.019736842105263157 0.016721491228070175
0 0.5371582602339181 0.6365789473684211 0.026195175438596518 0.058793859649122815
0 0.3645833333333333 0.4609375 0.014985380116959063 0.03262061403508772
0 0.7760416666666667 0.5916940789473684 0.017361111111111112 0.04358552631578947
0 0.4286366959064328 0.5116502192982456 0.015899122807017545 0.03755482456140351
0 0.22468932748538012 0.606359649122807 0.034173976608187134 0.03453947368421053
0 0.9452668128654971 0.6400767543859649 0.022112573099415205 0.043859649122807015
0 0.4930555555555555 0.4335252192982456 0.010599415204678362 0.030975877192982455
0 0.6231725146198831 0.5688048245614036 0.025584795321637425 0.03399122807017544
0 0.6588998538011696 0.604577850877193 0.013706140350877192 0.036458333333333336
0 0.8401864035087719 0.5564692982456141 0.015533625730994151 0.03289473684210526
0 0.7568530701754386 0.5087719298245614 0.017361111111111112 0.03179824561403509
0 0.36933479532163743 0.5958059210526316 0.012792397660818713 0.03262061403508772
0 0.5031980994152047 0.4947916666666667 0.014437134502923976 0.03892543859649123
0 0.7956871345029239 0.5293311403508771 0.01425438596491228 0.03618421052631579
0 0.4047880116959064 0.438733552631579 0.014619883040935672 0.033168859649122806
0 0.6316703216374269 0.5058936403508771 0.015899122807017545 0.024945175438596492
0 0.6566154970760234 0.4812225877192982 0.017543859649122806 0.03042763157894737
0 0.8841374269005848 0.5548245614035088 0.019371345029239765 0.03728070175438596
0 0.8557200292397661 0.5856633771929824 0.017726608187134504 0.04632675438596491
0 0.5923793859649124 0.44956140350877194 0.017361111111111112 0.03892543859649123
0 0.9616228070175439 0.6322642543859649 0.016812865497076022 0.030975877192982455
0 0.9014071637426901 0.5105537280701754 0.017726608187134504 0.033717105263157895
0 0.24872076023391812 0.48218201754385964 0.011330409356725146 0.042214912280701754
0 0.203125 0.6481633771929824 0.016264619883040937 0.04632675438596491
0 0.5960343567251462 0.5416666666666667 0.022112573099415205 0.025767543859649123
0 0.48866959064327486 0.465734649122807 0.01206140350877193 0.03399122807017544
0 0.3442068713450292 0.4379111842105263 0.010416666666666666 0.034265350877192985
0 0.9480080409356726 0.6199287280701754 0.01882309941520468 0.02823464912280702
0 0.990953947368421 0.6277412280701754 0.01663011695906433 0.03782894736842105
0 0.8434758771929824 0.5001370614035088 0.010416666666666666 0.02275219298245614
0 0.49360380116959063 0.5941611842105263 0.023391812865497075 0.03262061403508772
0 0.5694444444444444 0.6032072368421052 0.031067251461988302 0.029331140350877194
0 0.6519554093567251 0.5243969298245614 0.01699561403508772 0.01918859649122807
0 0.9893092105263158 0.6918859649122807 0.018092105263157895 0.0537280701754386
0 0.879203216374269 0.6378837719298245 0.014619883040935672 0.02138157894736842
0 0.6906067251461988 0.4598410087719298 0.013888888888888888 0.026041666666666668
0 0.2261513157894737 0.4546326754385965 0.014437134502923976 0.031524122807017545
0 0.35197368421052627 0.5119243421052632 0.021929824561403508 0.026589912280701754
0 0.45376461988304095 0.45490679824561403 0.021198830409356724 0.028782894736842105
0 0.34384137426900585 0.5602933114035088 0.014802631578947368 0.044928728070175464
0 0.5950292397660819 0.49904057017543857 0.017543859649122806 0.021655701754385966
0 0.886421783625731 0.4890350877192982 0.017726608187134504 0.025767543859649123
0 0.24872076023391812 0.5457785087719298 0.016812865497076022 0.044956140350877194
0 0.2658077485380117 0.49712171052631576 0.023940058479532164 0.01781798245614035
0 0.12591374269005848 0.3126370614035088 0.017178362573099414 0.0200109649122807
0 0.42269736842105265 0.6038925438596492 0.027777777777777776 0.04057017543859649
0 0.6017909356725146 0.49725877192982454 0.010599415204678362 0.03344298245614035
0 0.2747624269005848 0.5645559210526315 0.021747076023391813 0.028782894736842105
0 0.6997441520467836 0.5513980263157895 0.013888888888888888 0.036458333333333336
0 0.2889254385964912 0.5179550438596491 0.019371345029239765 0.021107456140350877
0 0.2898391812865497 0.4794407894736842 0.014619883040935672 0.030153508771929825
0 0.8519736842105263 0.5581140350877193 0.01425438596491228 0.041666666666666664
0 0.6310307017543859 0.4857456140350877 0.02046783625730994 0.03125
0 0.38998538011695905 0.44791666666666663 0.025584795321637425 0.01864035087719298
0 0.49040570175438597 0.5479714912280701 0.02503654970760234 0.020285087719298246
0 0.27485380116959063 0.5535910087719298 0.007309941520467836 0.013980263157894737
0 0.5296966374269005 0.4433936403508772 0.01516812865497076 0.033717105263157895
0 0.4819078947368421 0.4401041666666667 0.012426900584795321 0.02823464912280702
0 0.9145650584795322 0.5459155701754386 0.015899122807017545 0.03536184210526316
0 0.45476973684210525 0.4261239035087719 0.01516812865497076 0.033717105263157895
0 0.8310489766081872 0.5711348684210527 0.019554093567251463 0.03262061403508772
0 0.6527777777777778 0.5490679824561403 0.013523391812865496 0.027412280701754384
0 0.23309576023391812 0.4932839912280702 0.019554093567251463 0.02768640350877193
0 0.6487573099415205 0.5892269736842105 0.02850877192982456 0.024396929824561403
0 0.8318713450292398 0.5320723684210525 0.01644736842105263 0.027960526315789474
0 0.5202850877192983 0.48355263157894735 0.01827485380116959 0.03453947368421053
0 0.7503654970760234 0.554139254385965 0.03289473684210526 0.026589912280701754
0 0.5161732456140351 0.5652412280701754 0.011513157894736841 0.030153508771929825
0 0.5738304093567251 0.42667214912280704 0.01827485380116959 0.02768640350877193
0 0.5620431286549707 0.46655701754385964 0.015533625730994151 0.027412280701754384
0 0.365953947368421 0.5215186403508772 0.010416666666666666 0.033717105263157895
0 0.32373903508771934 0.41502192982456143 0.024671052631578948 0.02412280701754386
0 0.28554459064327486 0.44709429824561403 0.015533625730994151 0.02850877192982456
0 0.4440789473684211 0.4414747807017544 0.013523391812865496 0.03262061403508772
0 0.20413011695906433 0.6114309210526316 0.021564327485380116 0.04084429824561404
0 0.3939144736842105 0.5311129385964912 0.01516812865497076 0.033717105263157895
0 0.6449195906432749 0.6307565789473684 0.0222953216374269 0.03070175438596491
0 0.41812865497076024 0.5393366228070176 0.027046783625730993 0.027138157894736843
0 0.5310672514619883 0.5112390350877193 0.011695906432748537 0.03125
0 0.8720760233918129 0.5746984649122807 0.01827485380116959 0.02549342105263158
0 0.9937865497076024 0.6631030701754386 0.011695906432748537 0.02850877192982456
0 0.30153508771929827 0.5689418859649122 0.015350877192982455 0.04577850877192982
0 0.325109649122807 0.49821820175438597 0.010599415204678362 0.035910087719298246
0 0.8553545321637427 0.5089089912280702 0.022478070175438597 0.021107456140350877
0 0.7190241228070176 0.6428179824561404 0.018457602339181287 0.03344298245614035
0 0.6185124269005848 0.42242324561403505 0.0268640350877193 0.018092105263157895
0 0.5842470760233918 0.465734649122807 0.02046783625730994 0.01864035087719298
0 0.29961622807017546 0.4662828947368421 0.024305555555555556 0.01918859649122807
0 0.5052997076023391 0.5333059210526316 0.01206140350877193 0.026589912280701754
0 0.4731359649122807 0.46504934210526316 0.019736842105263157 0.026589912280701754
0 0.4587892909356725 0.6131770833333333 0.035999634502923934 0.032275219298245554
0 0.26151315789473684 0.5072642543859649 0.0266812865497076 0.024396929824561403
0 0.9708516081871346 0.5629111842105262 0.01699561403508772 0.02768640350877193
0 0.9538559941520468 0.5467379385964912 0.026133040935672515 0.024396929824561403
0 0.7465277777777778 0.6822916666666666 0.01644736842105263 0.047149122807017545
0 0.9280884502923976 0.6122532894736842 0.020285087719298246 0.03700657894736842
0 0.4108187134502924 0.7009320175438596 0.034722222222222224 0.021929824561403508
0 0.7245979532163743 0.5688048245614035 0.017543859649122806 0.03782894736842105
0 0.2823464912280702 0.5311129385964912 0.03289473684210526 0.023848684210526317
0 0.8500548245614035 0.5259046052631579 0.013706140350877192 0.02055921052631579
0 0.9375 0.5301535087719298 0.015716374269005847 0.023026315789473683
0 0.7148209064327485 0.5932017543859649 0.012975146198830409 0.039473684210526314
0 0.665296052631579 0.49698464912280704 0.015899122807017545 0.0356359649122807
0 0.832328216374269 0.5241228070175439 0.013706140350877192 0.02631578947368421
0 0.1387061403508772 0.274671052631579 0.014985380116959063 0.020833333333333332
0 0.8426535087719299 0.5315241228070176 0.010599415204678362 0.02631578947368421
0 0.7669956140350876 0.6356907894736842 0.013157894736842105 0.03070175438596491
0 0.5766620979532164 0.48039336622807016 0.018824926900584835 0.041406249999999985
0 0.9017726608187135 0.5694901315789473 0.018457602339181287 0.035910087719298246
0 0.9294590643274854 0.572094298245614 0.02448830409356725 0.023026315789473683
0 0.6129385964912281 0.5224780701754386 0.02448830409356725 0.014802631578947368
0 0.1524122807017544 0.6200657894736842 0.029239766081871343 0.02412280701754386
0 0.2977887426900585 0.4518914473684211 0.017361111111111112 0.012335526315789474
0 0.989126461988304 0.2733004385964912 0.019919590643274854 0.017543859649122806
0 0.6597222222222222 0.6629660087719298 0.021564327485380116 0.04797149122807018
0 0.9380482456140351 0.5938870614035088 0.013888888888888888 0.026041666666666668
0 0.24172971491228068 0.4583223684210527 0.016175073099415203 0.02798245614035086
0 0.2868238304093568 0.5460526315789473 0.005299707602339181 0.015899122807017545
0 0.9448099415204678 0.5098684210526315 0.015716374269005847 0.014802631578947368
0 0.9131030701754386 0.5866228070175439 0.011878654970760233 0.04550438596491228
0 0.5027412280701754 0.47203947368421056 0.02412280701754386 0.02138157894736842
0 0.9758771929824561 0.6816063596491229 0.014619883040935672 0.04797149122807018
0 0.5255847953216374 0.5579769736842105 0.015716374269005847 0.0381030701754386
0 0.4694809941520468 0.5742872807017544 0.015716374269005847 0.03728070175438596
0 0.12280519005847954 0.534484649122807 0.033625730994152045 0.03452850877192983
0 0.1406231725146199 0.5062568530701754 0.018457602339181287 0.032886513157894745
0 0.15688779239766082 0.49967927631578946 0.026133040935672515 0.03836622807017545
0 0.16054276315789473 0.4904989035087719 0.023574561403508772 0.038092105263157906
0 0.18174159356725145 0.49186951754385966 0.01516812865497076 0.027132675438596498
0 0.17406615497076022 0.5398286732456141 0.022478070175438597 0.03370888157894738
0 0.16995431286549706 0.6135471491228071 0.013157894736842105 0.038640350877192996
0 0.1823812134502924 0.6120408442982456 0.019736842105263157 0.04384594298245609
0 0.19764071637426903 0.4722738486842105 0.018457602339181287 0.04987664473684206
0 0.20988486842105264 0.4728220942982456 0.016264619883040937 0.032338267543859656
0 0.2252357456140351 0.5347587719298246 0.019919590643274854 0.045493421052631586
0 0.23610836988304093 0.5399643640350877 0.013887061403508774 0.043300438596491235
0 0.26443439327485385 0.5572299890350878 0.025948464912280703 0.02740405701754393
0 0.23446363304093568 0.5121491228070175 0.024120979532163744 0.02110197368421053
0 0.21819992690058482 0.47953673245614037 0.01425438596491228 0.023294956140350882
0 0.21180372807017545 0.44898026315789474 0.017178362573099414 0.03452850877192977
0 0.2458854166666667 0.4260978618421053 0.03855811403508772 0.027129934210526323
0 0.23720486111111114 0.47679687499999995 0.01900402046783626 0.0326123903508772
0 0.26013888888888886 0.4726850328947368 0.014071637426900584 0.03425712719298246
0 0.24771381578947368 0.44481222587719305 0.02942251461988304 0.03247532894736843
0 0.25950109649122804 0.4384402412280702 0.015350877192982455 0.027680921052631584
0 0.27275036549707604 0.4396737938596491 0.015899122807017545 0.03781798245614036
0 0.26630847953216374 0.4594051535087719 0.011239035087719298 0.016441885964912285
0 0.27375548245614034 0.4824246162280702 0.019736842105263157 0.03316063596491223
0 0.27814144736842106 0.4719435307017544 0.01206140350877193 0.024802631578947375
0 0.2908881578947369 0.44926535087719305 0.02403143274853801 0.03672149122807018
0 0.2863194444444444 0.42453262061403507 0.013980263157894737 0.030008223684210533
0 0.27891812865497073 0.4113774671052632 0.029513888888888888 0.026718750000000006
0 0.29760416666666667 0.4151466557017544 0.014437134502923976 0.03151589912280703
0 0.3102595029239766 0.4154207785087719 0.030610380116959063 0.028774671052631585
0 0.2198921783625731 0.5103961074561403 0.010325292397660819 0.016992872807017546
0 0.267953216374269 0.5237568530701755 0.023483187134502925 0.033023574561403514
0 0.26671966374269 0.5447889254385966 0.02942251461988304 0.020005482456140356
0 0.30400036549707604 0.5242351973684211 0.013157894736842105 0.04192982456140352
0 0.31501096491228076 0.5378015350877193 0.01745248538011696 0.054259868421052584
0 0.32730080409356727 0.5236184210526316 0.01206140350877193 0.02452850877192983
0 0.3205847953216374 0.5473355263157895 0.015625 0.04288925438596486
0 0.3274835526315789 0.5546683114035088 0.02631578947368421 0.040833333333333284
0 0.32972222222222225 0.5802234100877193 0.027320906432748537 0.026718749999999944
0 0.33228070175438595 0.5628878837719298 0.014894005847953216 0.010139802631578888
0 0.33853983918128655 0.5880317982456141 0.00932017543859649 0.020690789473684214
0 0.356906067251462 0.5539131030701755 0.01663011695906433 0.04782072368421054
0 0.36969846491228064 0.5605592105263159 0.02887426900584791 0.025762061403508715
0 0.34827119883040936 0.5304098135964912 0.02987938596491228 0.022469846491228077
0 0.38148574561403503 0.5875507127192983 0.01681286549707598 0.05179550438596499
0 0.3771911549707602 0.5078700657894737 0.02576754385964908 0.0237061403508772
0 0.3967452485380117 0.5772039473684211 0.019919590643274854 0.05357456140350879
0 0.29093475877192987 0.5018955592105263 0.029968932748538013 0.022743969298245622
0 0.3010763888888889 0.4831222587719298 0.010782163742690058 0.020827850877192987
0 0.3117671783625731 0.49682565789473687 0.017178362573099414 0.046589912280701765
0 0.3146911549707602 0.4787376644736842 0.014619883040935672 0.02904879385964913
0 0.3186202485380117 0.4689405153508772 0.015533625730994151 0.02562225877192983
0 0.33122989766081873 0.4871655701754386 0.01663011695906433 0.046726973684210533
0 0.333468567251462 0.4653097587719298 0.027320906432748537 0.024117324561403513
0 0.3533424707602339 0.447421875 0.014985380116959063 0.037409539473684215
0 0.34178362573099413 0.47428042763157896 0.01471125730994152 0.0316529605263158
0 0.3545760233918129 0.48318530701754386 0.020924707602339183 0.02014254385964913
0 0.3543932748538012 0.4687294407894737 0.014163011695906433 0.017815241228070176
0 0.37792214912280697 0.4666748903508772 0.02448830409356721 0.03672149122807018
0 0.3635763888888889 0.4937362938596491 0.02759502923976604 0.017127192982456144
0 0.3874250730994152 0.48681743421052637 0.027777777777777735 0.023020833333333338
0 0.3969736842105263 0.46653645833333335 0.02055921052631579 0.027129934210526323
0 0.40569992690058476 0.48654194078947366 0.023391812865497075 0.028774671052631585
0 0.40679641812865497 0.4973684210526316 0.028143274853801168 0.02247258771929825
0 0.400720029239766 0.5097683662280702 0.011970029239766082 0.015485197368421055
0 0.41282711988304094 0.5138802083333334 0.02448830409356725 0.03000822368421047
0 0.3230528143274854 0.4398848684210526 0.016171418128654972 0.03850328947368422
0 0.33666666666666667 0.4148108552631579 0.019462719298245616 0.018497807017543864
0 0.3351589912280702 0.3989158442982456 0.024671052631578948 0.013292214912280704
0 0.3754093567251462 0.4071367872807018 0.03335160818713446 0.027266995614035096
0 0.36458150584795324 0.4298149671052632 0.016264619883040937 0.02959703947368422
0 0.38440972222222225 0.429609375 0.02759502923976604 0.025074013157894745
0 0.404968932748538 0.5839418859649124 0.021198830409356724 0.0627576754385965
0 0.418766447368421 0.4447450657894737 0.02412280701754386 0.04247807017543861
0 0.4224671052631579 0.4725603070175439 0.01343201754385965 0.03726973684210527
0 0.43347770467836255 0.4818092105263158 0.012426900584795321 0.03795504385964907
0 0.444625365497076 0.48824972587719295 0.014985380116959063 0.03987664473684205
0 0.4376809210526315 0.45467790570175437 0.01827485380116959 0.03247532894736843
0 0.4571436403508771 0.4691351425438597 0.01425438596491228 0.03151589912280703
0 0.4358534356725146 0.4217242324561403 0.02046783625730994 0.045493421052631586
0 0.4672861842105263 0.42487664473684217 0.013523391812865496 0.041107456140350884
0 0.47596673976608184 0.4318640350877193 0.009685672514619883 0.021650219298245617
0 0.46765168128654966 0.4568023574561404 0.015716374269005847 0.032338267543859656
0 0.4516611842105263 0.4936622807017544 0.02448830409356725 0.036995614035087665
0 0.5128819444444443 0.42362664473684214 0.015533625730994151 0.027132675438596498
0 0.5094097222222221 0.40320997807017545 0.03234649122807018 0.01973135964912281
0 0.441656615497076 0.5196422697368421 0.01854714912280698 0.029459978070175447
0 0.45220942982456136 0.5211485745614036 0.011513157894736841 0.038229166666666675
0 0.4645906432748538 0.5108031798245614 0.01653874269005848 0.03946271929824562
0 0.47226608187134494 0.48052220394736844 0.026041666666666668 0.027952302631578954
0 0.4728143274853801 0.5076521381578948 0.012701023391812866 0.04384594298245615
0 0.43562591374269005 0.5590378289473685 0.030791301169590602 0.020827850877192987
0 0.46285453216374267 0.5388253837719299 0.027138157894736843 0.023155153508771877
0 0.48610928362573097 0.5020339912280701 0.02101608187134503 0.03946271929824562
0 0.4810836988304093 0.5316310307017544 0.014437134502923976 0.04357456140350872
0 0.49561220760233915 0.5010745614035088 0.018457602339181287 0.03946271929824562
0 0.4934649122807017 0.5284114583333334 0.024945175438596492 0.02562225877192983
0 0.46267178362573097 0.5492406798245614 0.023848684210526317 0.020142543859649066
0 0.49063230994152046 0.5667091557017544 0.02860014619883041 0.029871162280701823
0 0.507125365497076 0.5599273574561404 0.02448830409356725 0.03055646929824556
0 0.3521546052631579 0.6383580043859649 0.014985380116959063 0.043848684210526324
0 0.36732273391812864 0.6315076754385965 0.01864035087719294 0.04933114035087708
0 0.44818896198830405 0.6258895285087719 0.027595029239766082 0.03370888157894732
0 0.45184393274853796 0.5935512609649123 0.027595029239766082 0.02164747807017551
0 0.47834247076023384 0.5983470394736843 0.026498538011695907 0.02795504385964913
0 0.49433205409356723 0.6252042214912281 0.021562500000000043 0.02795230263157889
0 0.5116922514619883 0.6161609100877193 0.014619883040935672 0.04932839912280697
0 0.5241191520467836 0.6036910635964912 0.016812865497076022 0.054536732456140304
0 0.4597021198830409 0.5803974780701755 0.02284356725146199 0.01836074561403509
0 0.4341630116959064 0.5816598135964912 0.015076754385964912 0.05261787280701749
0 0.5148921783625731 0.49833059210526315 0.013523391812865496 0.04576754385964913
0 0.5385581140350876 0.46044407894736844 0.027595029239766082 0.04179276315789475
0 0.5336695906432748 0.435093201754386 0.015259502923976608 0.02535087719298246
0 0.537735745614035 0.42878974780701756 0.019919590643274854 0.03549067982456141
0 0.5568329678362572 0.4253659539473684 0.023574561403508772 0.03192708333333334
0 0.558797514619883 0.4335183662280702 0.019462719298245616 0.03151589912280703
0 0.5515332602339181 0.4670901864035088 0.018457602339181287 0.05316611842105264
0 0.5460964912280701 0.4979879385964912 0.029513888888888888 0.041518640350877205
0 0.5073081140350877 0.450234375 0.01608187134502924 0.027129934210526323
0 0.5699908625730994 0.4923012609649123 0.01699561403508772 0.03836896929824562
0 0.5735544590643274 0.44824835526315787 0.029788011695906433 0.016853070175438602
0 0.5463706140350877 0.5375973135964913 0.022934941520467836 0.0335718201754386
0 0.5401114766081871 0.5653453947368422 0.018092105263157895 0.038092105263157906
0 0.5593914473684211 0.5691831140350878 0.027046783625730993 0.038092105263157906
0 0.5519901315789474 0.5609608004385964 0.02503654970760234 0.02712993421052626
0 0.5673866959064326 0.5742516447368421 0.03536184210526316 0.0378179824561403
0 0.54796966374269 0.5970093201754386 0.02320906432748538 0.03726973684210527
0 0.5766620979532163 0.6352192982456141 0.033444809941520506 0.050389254385964956
0 0.5593000730994151 0.5082757675438596 0.020833333333333332 0.06262061403508773
0 0.5796308479532163 0.5204714912280702 0.030610380116959063 0.027269736842105267
0 0.5799506578947369 0.5356126644736842 0.03344298245614035 0.026581688596491234
0 0.5551434576023392 0.5343791118421053 0.022750365497075983 0.031790021929824566
0 0.5832401315789474 0.568499177631579 0.02540204678362573 0.04302357456140352
0 0.6046673976608187 0.5601398026315789 0.024945175438596492 0.039736842105263105
0 0.6028399122807018 0.5789816337719298 0.018183479532163743 0.033571820175438666
0 0.6256834795321637 0.5492475328947368 0.03188961988304093 0.03412006578947363
0 0.5912353801169591 0.5112911184210527 0.02677266081871345 0.02672149122807018
0 0.6228508771929825 0.5107428728070176 0.033717105263157895 0.030010964912280707
0 0.6169115497076023 0.49272478070175435 0.0245796783625731 0.041655701754385974
0 0.5975402046783626 0.4792269736842105 0.025127923976608187 0.02535087719298246
0 0.5826471125730994 0.6006496710526316 0.025857090643274815 0.036584429824561414
0 0.6052613304093567 0.616750274122807 0.019005847953216373 0.052617872807017615
0 0.612251461988304 0.608392269736842 0.014163011695906433 0.051247258771929774
0 0.622439692982456 0.6199026864035088 0.027412280701754384 0.07152686403508768
0 0.6308461257309942 0.5765337171052631 0.0266812865497076 0.025896381578947313
0 0.6414912280701754 0.5628316885964912 0.02549342105263158 0.038777412280701765
0 0.6613194444444443 0.5665995065789473 0.022934941520467836 0.016992872807017483
0 0.5986220760233918 0.4450918311403509 0.014985380116959063 0.03836896929824562
0 0.6110489766081871 0.44975054824561406 0.014985380116959063 0.03452850877192983
0 0.6236896929824561 0.4404783442982456 0.041849415204678365 0.02712993421052626
0 0.6198519736842105 0.4608936403508772 0.019005847953216373 0.04028508771929826
0 0.6366648391812866 0.4732949561403509 0.017361111111111112 0.0395997807017544
0 0.6490460526315789 0.48199561403508767 0.01471125730994152 0.041655701754385974
0 0.6426955409356725 0.5024821820175438 0.02101608187134503 0.016855811403508773
0 0.6474013157894737 0.536875 0.02238669590643275 0.02233552631578948
0 0.6618375365497077 0.5266666666666666 0.0212883771929825 0.05042763157894738
0 0.6740350877192982 0.5122793311403508 0.012426900584795321 0.05398848684210528
0 0.682578581871345 0.5017269736842105 0.01617324561403509 0.04247807017543861
0 0.6512390350877193 0.45315241228070174 0.015625 0.027269736842105267
0 0.6654011330409356 0.463703399122807 0.016902412280701797 0.043163377192982466
0 0.6782839912280703 0.46479989035087715 0.01781798245614035 0.036036184210526324
0 0.6582739400584796 0.5451658442982455 0.013795687134502967 0.0282264254385965
0 0.6879239766081872 0.5397519188596491 0.017178362573099414 0.03247532894736843
0 0.6949159356725146 0.5090652412280702 0.019097222222222224 0.04124451754385966
0 0.7040990497076023 0.4901548793859649 0.014071637426900584 0.04809484649122808
0 0.6984338450292397 0.46377878289473684 0.012426900584795321 0.02575932017543854
0 0.7287244152046783 0.4943352521929824 0.02275219298245614 0.02959703947368422
0 0.7204550438596491 0.531811951754386 0.017543859649122806 0.038229166666666675
0 0.7161147660818714 0.5412664473684211 0.026589912280701754 0.03685855263157896
0 0.7040990497076023 0.5191365131578947 0.019554093567251463 0.03480263157894738
0 0.7318311403508772 0.5307154605263157 0.014528508771929825 0.02233552631578948
0 0.7434813596491228 0.5316063596491228 0.012792397660818713 0.026036184210526322
0 0.7562737573099415 0.5327014802631579 0.01425438596491228 0.03480537280701755
0 0.7612527412280702 0.5488706140350877 0.01854714912280698 0.04083333333333341
0 0.7740442251461987 0.5532565789473685 0.012883771929824562 0.037269736842105335
0 0.7408315058479532 0.5737404057017544 0.02284356725146199 0.05083607456140352
0 0.7526635599415205 0.5854577850877193 0.02421235380116955 0.040833333333333346
0 0.6871034356725146 0.5702480811403509 0.01882309941520468 0.03206414473684211
0 0.6955555555555556 0.5799081688596491 0.01617324561403509 0.054125548245614045
0 0.7051498538011696 0.593545778508772 0.012701023391812866 0.05290296052631573
0 0.694093567251462 0.6095833333333334 0.017269736842105265 0.04658991228070164
0 0.6792598684210526 0.5904002192982457 0.0245796783625731 0.045493421052631586
0 0.6747368421052631 0.5956743421052632 0.023574561403508772 0.04261513157894738
0 0.6736860380116958 0.6260265899122808 0.02055921052631579 0.04987664473684206
0 0.6851078216374269 0.6352192982456142 0.009777046783625731 0.038640350877192996
0 0.6714473684210526 0.6559114583333333 0.015350877192982455 0.052891995614035035
0 0.6883516081871345 0.6794106359649124 0.03216374269005848 0.049194078947368304
0 0.6975347222222222 0.6672848135964913 0.02585891812865497 0.05481085526315785
0 0.7012353801169591 0.6511828399122807 0.023757309941520467 0.04809484649122802
0 0.7128399122807018 0.634328399122807 0.02284356725146199 0.040970394736842115
0 0.7307949561403508 0.6215172697368421 0.02549342105263158 0.05042489035087714
0 0.7481560672514619 0.6197354714912281 0.021290204678362575 0.04932839912280697
0 0.7552375730994152 0.6148725328947369 0.017726608187134504 0.03274945175438591
0 0.7629586988304093 0.6533072916666667 0.021290204678362575 0.0342571271929824
0 0.7444097222222222 0.6565282346491228 0.016721491228070175 0.05248081140350872
0 0.7306122076023392 0.6634484649122807 0.01836622807017544 0.06248355263157896
0 0.7175913742690058 0.6781770833333334 0.01516812865497076 0.04206688596491217
0 0.7604459064327485 0.5895230263157895 0.015350877192982455 0.045904605263157906
0 0.6819846491228071 0.695874451754386 0.03490497076023392 0.05425986842105265
0 0.7696290204678363 0.5162664473684211 0.019097222222222224 0.04247807017543861
0 0.7833808479532164 0.5176370614035087 0.023757309941520467 0.038092105263157906
0 0.7918329678362573 0.5396299342105263 0.025310672514619884 0.03905153508771931
0 0.7842945906432749 0.5595668859649123 0.017178362573099414 0.03754385964912288
0 0.787766812865497 0.5868352521929825 0.013888888888888888 0.04823190789473679
0 0.8038486842105262 0.5309292763157895 0.012426900584795321 0.03507675438596492
0 0.8150877192982455 0.5402480811403509 0.013706140350877192 0.05344024122807025
0 0.8091483918128655 0.5708730811403508 0.019005847953216373 0.052480811403508784
0 0.8016557017543859 0.5783401864035088 0.01864035087719298 0.04494243421052639
0 0.796812865497076 0.6028686951754385 0.013706140350877192 0.052891995614035035
0 0.7596692251461988 0.6826411732456141 0.017635233918128657 0.04960252192982451
0 0.768578216374269 0.6892859100877193 0.019005847953216373 0.04754660087719293
0 0.7882693713450293 0.6654440789473685 0.026041666666666668 0.0574122807017544
0 0.7959904970760233 0.6810649671052632 0.022112573099415205 0.027266995614035158
0 0.804625365497076 0.6472203947368421 0.012701023391812866 0.04288925438596492
0 0.8138541666666667 0.6555084978070176 0.009594298245614035 0.034805372807017614
0 0.829890350877193 0.6822299890350878 0.025584795321637425 0.04932839912280697
0 0.833499634502924 0.6707881030701754 0.03079312865497076 0.05439967105263165
0 0.8281999269005847 0.6961362390350877 0.033717105263157895 0.052754934210526266
0 0.7901425438596491 0.6202933114035087 0.01663011695906433 0.03672149122807018
0 0.7744261695906433 0.6289953399122807 0.019005847953216373 0.05111019736842113
0 0.8217123538011696 0.6231716008771929 0.022203947368421052 0.04357456140350878
0 0.8299817251461988 0.6159087171052632 0.03125 0.0457648026315789
0 0.8392105263157894 0.6477672697368422 0.01516812865497076 0.01795230263157901
0 0.849672880116959 0.6334484649122807 0.02147295321637427 0.05535635964912282
0 0.8672002923976607 0.6295668859649122 0.023026315789473683 0.041107456140350884
0 0.8269956140350877 0.5861280153508771 0.019371345029239765 0.04850603070175446
0 0.8409758771929824 0.5995572916666667 0.01699561403508772 0.026581688596491296
0 0.8653728070175438 0.6046271929824562 0.01864035087719298 0.038914473684210533
0 0.8855665204678362 0.6743736293859649 0.01699561403508772 0.04905427631578955
0 0.9040241228070175 0.6742365679824561 0.023940058479532164 0.033983004385964855
0 0.9258616593567252 0.6630002741228069 0.031430921052631705 0.043297697368421005
0 0.9050292397660818 0.6214802631578947 0.015350877192982455 0.04192982456140352
0 0.8819115497076023 0.6088747258771929 0.014802631578947368 0.03535361842105258
0 0.8271034356725145 0.5443640350877192 0.013614766081871345 0.023843201754385968
0 0.8660745614035088 0.5384032346491228 0.02448830409356725 0.04919133771929832
0 0.8822934941520467 0.5707415021929825 0.028782894736842105 0.02671875000000007
0 0.8915679824561403 0.6365816885964912 0.0222953216374269 0.027406798245613914
0 0.8063614766081871 0.4931016995614035 0.024945175438596492 0.023840460526315797
0 0.8187426900584794 0.4949506578947368 0.019736842105263157 0.0395997807017544
0 0.8354641812865496 0.4923478618421052 0.03654970760233918 0.026444627192982465
0 0.8672624269005847 0.5118050986842105 0.022112573099415205 0.033023574561403514
0 0.8859484649122807 0.5073519736842105 0.024945175438596492 0.021650219298245617
0 0.8794152046783625 0.5190679824561404 0.025584795321637425 0.019320175438596498
0 0.8796893274853801 0.5327782346491228 0.026133040935672515 0.016855811403508773
0 0.8951315789473684 0.5297642543859649 0.017909356725146198 0.019320175438596498
0 0.8982383040935672 0.5461376096491228 0.023757309941520467 0.0202796052631579
0 0.9312244152046782 0.5520312500000001 0.027412280701754384 0.046589912280701765
0 0.9240058479532164 0.5880674342105263 0.010964912280701754 0.022198464912280707
0 0.9216301169590644 0.4990707236842105 0.025950292397660817 0.026447368421052636
0 0.9243713450292397 0.5175 0.02010233918128655 0.018634868421052636
0 0.9285745614035088 0.5364788925438597 0.019371345029239765 0.02617050438596492
0 0.9383059210526316 0.6567420504385965 0.02238669590643275 0.05206962719298241
0 0.9654751461988305 0.6569106359649122 0.016355994152046784 0.04001096491228071
0 0.9528198099415204 0.6047601425438597 0.012701023391812866 0.02808936403508779
0 0.9785416666666666 0.6073629385964912 0.01827485380116959 0.0317872807017544
0 0.9789674707602338 0.6379632675438597 0.022021198830409358 0.03781798245614036
0 0.9808406432748538 0.5734237938596491 0.020833333333333332 0.03507675438596492
0 0.9929020467836257 0.5897299890350877 0.015716374269005847 0.03946546052631586
0 0.9583625730994152 0.5719174890350877 0.019005847953216373 0.030693530701754457
0 0.955484283625731 0.585688048245614 0.015442251461988304 0.021239035087719304
0 0.9920650584795322 0.48684758771929826 0.015442251461988304 0.02706140350877194
0 0.9735307017543859 0.539827302631579 0.017178362573099414 0.035350877192982466
0 0.9924908625730994 0.5402371162280701 0.015990497076023392 0.03124177631578948
0 0.805219298245614 0.35110334429824563 0.018092105263157895 0.03151589912280703
0 0.9557419590643275 0.2984388706140351 0.022112573099415205 0.023566337719298253
0 0.15978070175438597 0.34183525219298244 0.021564327485380116 0.0326123903508772
0 0.19943713450292397 0.33567023026315784 0.012426900584795321 0.02904879385964913
0 0.39816337719298245 0.7227617872807017 0.038651315789473686 0.03206414473684205
0 0.4100877192982456 0.7307785087719298 0.027412280701754384 0.04754934210526317
0 0.42817982456140347 0.7596217105263159 0.029605263157894735 0.054808114035087736
0 0.21957236842105265 0.6404207785087719 0.024305555555555556 0.050699013157894685
0 0.23081048976608187 0.6579605263157895 0.028141447368421054 0.03425438596491217
