0 0.8029425 0.29563666666666666 0.014029999999999973 0.020326666666666673
0 0.8092075 0.29513666666666666 0.009 0.015080000000000003
0 0.800245 0.3010933333333333 0.013240000000000009 0.01274666666666667
0 0.79477625 0.30283333333333334 0.013302500000000009 0.012666666666666666
0 0.7548275 0.3483666666666667 0.009904999999999973 0.014580000000000003
0 0.7505625 0.35233333333333333 0.012875 0.01633333333333333
0 0.75590625 0.368205 0.0110625 0.013410000000000005
0 0.76259375 0.371245 0.0079375 0.01599666666666667
0 0.754875 0.375 0.016 0.015
0 0.750265 0.3780583333333333 0.016529999999999972 0.015783333333333302
0 0.72109375 0.3750566666666667 0.0134375 0.016326666666666673
0 0.74284375 0.3801616666666667 0.0124375 0.01449666666666667
0 0.75146875 0.38922 0.0105625 0.016286666666666633
0 0.74057875 0.3899483333333333 0.012717499999999972 0.014330000000000002
0 0.7345475 0.3915416666666667 0.014845000000000027 0.012083333333333333
0 0.513875 0.391 0.006 0.009666666666666667
0 0.7146250000000001 0.4135 0.0195 0.007333333333333333
0 0.744625 0.4193233333333334 0.009 0.01831333333333335
0 0.71291625 0.42469666666666667 0.01758249999999998 0.016393333333333353
0 0.72016125 0.4217316666666667 0.022157500000000028 0.011496666666666669
0 0.69616625 0.43647166666666665 0.0161875 0.020783333333333303
0 0.69159875 0.4415983333333333 0.01744749999999999 0.018863333333333305
0 0.67941125 0.44095500000000004 0.01807249999999999 0.009089999999999994
0 0.681385 0.4496983333333333 0.021625 0.011830000000000004
0 0.6605362499999999 0.4598666666666667 0.01532249999999999 0.01673333333333335
0 0.65941125 0.46545000000000003 0.01507249999999999 0.018566666666666683
0 0.67129125 0.4620683333333333 0.0139375 0.020910000000000005
0 0.6455775 0.4614333333333333 0.014904999999999972 0.015866666666666637
0 0.6437875000000001 0.46559666666666666 0.02013499999999999 0.012786666666666708
0 0.6412025 0.4700583333333333 0.019154999999999974 0.009783333333333304
0 0.65516125 0.47703333333333336 0.01757249999999999 0.012266666666666651
0 0.6371249999999999 0.47939 0.0205 0.011113333333333307
0 0.64063625 0.4901333333333333 0.0233125 0.0174533333333333
0 0.49837499999999996 0.4925 0.0085 0.013333333333333334
0 0.625375 0.49591166666666664 0.018 0.020823333333333343
0 0.63424 0.49433333333333335 0.01998000000000002 0.017666666666666667
0 0.5924999999999999 0.5113333333333333 0.01575 0.021
0 0.5810525 0.5128833333333334 0.019355000000000018 0.018099999999999984
0 0.56884875 0.5213533333333333 0.023552500000000007 0.024320000000000012
0 0.57985625 0.5210933333333334 0.019037500000000023 0.020146666666666684
0 0.566125 0.5260383333333333 0.017 0.02025666666666666
0 0.5629687499999999 0.5349066666666666 0.0191875 0.019660000000000007
0 0.5587862499999999 0.541995 0.01732249999999999 0.023369999999999967
0 0.54833875 0.5405283333333334 0.01903250000000003 0.016723333333333357
0 0.54353625 0.5483183333333334 0.01782249999999999 0.017636666666666693
0 0.55511 0.5571366666666667 0.015029999999999972 0.023326666666666673
0 0.3831875 0.56033 0.026875 0.01699333333333334
0 0.540015 0.5684116666666666 0.01627999999999997 0.02649000000000001
0 0.5476825000000001 0.5647566666666667 0.01688499999999999 0.020820000000000012
0 0.53012 0.5692866666666666 0.018450000000000046 0.026906666666666676
0 0.51834875 0.56566 0.019782500000000026 0.019326666666666673
0 0.51486375 0.5745333333333333 0.0188125 0.018080000000000002
0 0.51398375 0.5852616666666667 0.020657500000000027 0.021869999999999966
0 0.5295 0.5873516666666666 0.015940000000000055 0.027630000000000033
0 0.5087025 0.5888083333333333 0.018654999999999974 0.019383333333333364
0 0.47014625 0.594 0.012542500000000019 0.021
0 0.49669875 0.5975033333333333 0.0200625 0.02199333333333334
0 0.4899275 0.6044166666666666 0.019105000000000018 0.022326666666666672
0 0.48515125 0.6099450000000001 0.01903250000000003 0.02576999999999998
0 0.47453124999999996 0.6163866666666666 0.015102499999999963 0.02582666666666667
0 0.46609375000000003 0.6262616666666667 0.0099375 0.02981000000000002
0 0.37171875 0.6223333333333333 0.0131875 0.01633333333333333
0 0.48425 0.6308066666666666 0.013940000000000055 0.030366666666666712
0 0.45288999999999996 0.6336433333333333 0.018529999999999974 0.020326666666666673
0 0.47158374999999997 0.6404449999999999 0.012477499999999964 0.029169999999999998
0 0.44867250000000003 0.6411616666666666 0.020595000000000026 0.0252033333333333
0 0.44278625 0.646765 0.01903250000000003 0.02124333333333334
0 0.39504125 0.654125 0.016832499999999983 0.02808333333333333
0 0.438 0.6553833333333333 0.02075 0.020900000000000016
0 0.4713125 0.6608766666666667 0.021625 0.024086666666666662
0 0.41979125 0.6767016666666668 0.015332499999999982 0.02773666666666668
0 0.40925 0.6791666666666667 0.01375 0.028
0 0.3745 0.682 0.01625 0.029666666666666668
0 0.381125 0.69 0.014 0.034333333333333334
0 0.39702 0.6846983333333334 0.021125 0.02174333333333334
0 0.3395625 0.7171666666666666 0.017375 0.030666666666666665
0 0.325625 0.7453333333333333 0.016 0.035
0 0.314 0.7508333333333334 0.01275 0.034
0 0.304625 0.7561666666666667 0.012 0.032
0 0.29331250000000003 0.7638016666666666 0.016375 0.03632333333333327
0 0.28400000000000003 0.7683333333333333 0.01875 0.03233333333333333
0 0.268625 0.7739449999999999 0.0225 0.031076666666666673
0 0.26529250000000004 0.7895266666666667 0.02550000000000003 0.02907333333333342
0 0.7321575 0.397835 0.018375 0.01899666666666667
0 0.7289674999999999 0.399585 0.018625 0.012830000000000003
0 0.7281925 0.41192 0.02284500000000003 0.011873333333333297
0 0.7254425 0.40540166666666666 0.025529999999999973 0.00899666666666667
0 0.72947375 0.41794000000000003 0.016532500000000026 0.012913333333333336
0 0.45429624999999996 0.6106900000000001 0.020032500000000026 0.01874666666666667
0 0.4533275 0.6215633333333332 0.019595000000000026 0.01974666666666667
